0.5440656542778015 0.3571261763572693 -0.40976715087890625 0.999967098236084
0.551482081413269 0.337380588054657 -0.380965918302536 0.9999812841415405
0.555547833442688 0.33809608221054077 -0.38105008006095886 0.9999772310256958
0.559987485408783 0.3387420177459717 -0.3812643587589264 0.9999769926071167
0.533515989780426 0.33594751358032227 -0.3859316408634186 0.9999774694442749
0.5261531472206116 0.33640056848526 -0.3858710527420044 0.9999707937240601
0.5199220180511475 0.33765220642089844 -0.38590309023857117 0.9999709129333496
0.5653372406959534 0.3524983525276184 -0.21431566774845123 0.9999841451644897
0.5114665031433105 0.35336995124816895 -0.23813584446907043 0.9999847412109375
0.5529784560203552 0.3878919780254364 -0.3475274443626404 0.9999966621398926
0.5316261053085327 0.39112430810928345 -0.3544538617134094 0.9999973773956299
0.602638840675354 0.5010043382644653 -0.1310053914785385 0.9999542236328125
0.46705082058906555 0.4950912594795227 -0.17290176451206207 0.9998587369918823
0.6437581181526184 0.6674251556396484 -0.3151531517505646 0.9957156777381897
0.4361458122730255 0.6637652516365051 -0.3656471073627472 0.990906834602356
0.6076915264129639 0.5839442014694214 -0.6847082376480103 0.9946802258491516
0.48389533162117004 0.6557767391204834 -0.6734535694122314 0.9851888418197632
0.5880488753318787 0.5755782127380371 -0.7610854506492615 0.9883065819740295
0.5078499913215637 0.6653052568435669 -0.7394216656684875 0.9709848165512085
0.5824478268623352 0.5439440011978149 -0.7447580695152283 0.9873161315917969
0.5107015371322632 0.6350888013839722 -0.7267543077468872 0.9682780504226685
0.5841893553733826 0.544562578201294 -0.6848477721214294 0.9792646169662476
0.5067891478538513 0.6284341812133789 -0.6729236245155334 0.9544532895088196
0.5913628339767456 0.8126356601715088 0.020415816456079483 0.9992314577102661
0.49256038665771484 0.8224236369132996 -0.020332975313067436 0.9978195428848267
0.6827001571655273 0.9663447737693787 -0.24782824516296387 0.9630935192108154
0.4475664496421814 1.0190329551696777 -0.20148801803588867 0.8462845683097839
0.610222578048706 1.0312775373458862 0.17719344794750214 0.15852761268615723
0.5056024193763733 1.0188791751861572 0.199489563703537 0.04666782543063164
0.5927331447601318 1.0159294605255127 0.22359222173690796 0.1721508502960205
0.5144703388214111 1.0104458332061768 0.24410471320152283 0.05833066254854202
0.5993289947509766 1.1085009574890137 0.1832849085330963 0.11160390079021454
0.5222424268722534 1.0576298236846924 0.19886384904384613 0.03137757256627083
