0.5432800054550171 0.36405888199806213 -0.3596552014350891 0.9998552799224854
0.5499223470687866 0.3410155773162842 -0.33641812205314636 0.9999220371246338
0.5537400841712952 0.3423087000846863 -0.3364841341972351 0.9999091625213623
0.5583174824714661 0.3436938524246216 -0.33667415380477905 0.9999064207077026
0.5343450307846069 0.33955109119415283 -0.33950117230415344 0.9999128580093384
0.5274775624275208 0.34001266956329346 -0.33944013714790344 0.9998853206634521
0.5212447047233582 0.34106481075286865 -0.3395374119281769 0.9998955726623535
0.5630815029144287 0.35600224137306213 -0.1865287721157074 0.9999176263809204
0.510386049747467 0.3562692701816559 -0.2006034553050995 0.9999339580535889
0.550014078617096 0.3922606408596039 -0.30151471495628357 0.9999735355377197
0.5310628414154053 0.3913126587867737 -0.3055892586708069 0.9999803304672241
0.6063513159751892 0.48840856552124023 -0.09716598689556122 0.9998008608818054
0.4658360779285431 0.49398934841156006 -0.13166454434394836 0.9996782541275024
0.6241574883460999 0.6767382621765137 -0.23638948798179626 0.9870021343231201
0.4453916549682617 0.675411581993103 -0.28299376368522644 0.992313802242279
0.5880765914916992 0.5693120360374451 -0.5410469770431519 0.9907916784286499
0.5209479331970215 0.6281636953353882 -0.5206400156021118 0.9910783171653748
0.579487144947052 0.5492966175079346 -0.5982452630996704 0.9816656708717346
0.545391321182251 0.6259289979934692 -0.5682752728462219 0.9770718216896057
0.5774546265602112 0.5001922845840454 -0.5817082524299622 0.9801135659217834
0.541546106338501 0.592703104019165 -0.5497872829437256 0.9731902480125427
0.5774635076522827 0.5068076252937317 -0.5387663245201111 0.9689106941223145
0.5371218919754028 0.5906099081039429 -0.5145171880722046 0.9612566232681274
0.5923928618431091 0.8051471710205078 0.01317893248051405 0.9966721534729004
0.49380895495414734 0.8127176761627197 -0.01293980237096548 0.9915074110031128
0.6832727193832397 0.9700357913970947 -0.28091537952423096 0.9754054546356201
0.42443937063217163 1.0057836771011353 -0.20885810256004333 0.9187390804290771
0.5975859761238098 1.1052964925765991 0.03509693220257759 0.3180570900440216
0.4924064576625824 1.0363041162490845 0.13983109593391418 0.0713023766875267
0.5763885974884033 1.0982757806777954 0.06905009597539902 0.30138540267944336
0.5021824836730957 1.0311869382858276 0.1787213236093521 0.09571461379528046
0.5896234512329102 1.2017349004745483 0.018754813820123672 0.1963840126991272
0.5014594197273254 1.085744857788086 0.1457272469997406 0.03803730756044388
