0.5429653525352478 0.35838693380355835 -0.3527962267398834 0.9997424483299255
0.5502182245254517 0.3360154628753662 -0.3298913836479187 0.9998520612716675
0.5546585917472839 0.33706134557724 -0.329940527677536 0.999818742275238
0.5600860118865967 0.3385388255119324 -0.33008983731269836 0.9998303651809692
0.5321407914161682 0.335079550743103 -0.3318764865398407 0.9998655319213867
0.524181604385376 0.3359806537628174 -0.33185961842536926 0.99982750415802
0.5174482464790344 0.3375130295753479 -0.3319729268550873 0.999847412109375
0.5657035708427429 0.35322535037994385 -0.19638767838478088 0.9997774958610535
0.508352518081665 0.35555195808410645 -0.20481234788894653 0.9998635053634644
0.5512903332710266 0.39127618074417114 -0.30210962891578674 0.9999349117279053
0.5297122001647949 0.3921753168106079 -0.3046609163284302 0.9999556541442871
0.6074341535568237 0.4937610626220703 -0.1407659500837326 0.9996278285980225
0.4670693576335907 0.4933474361896515 -0.16781935095787048 0.9996163845062256
0.6248505711555481 0.6861155033111572 -0.2864242196083069 0.9915825724601746
0.4497169256210327 0.6740938425064087 -0.32677948474884033 0.9923756718635559
0.5793602466583252 0.5638542175292969 -0.5454844832420349 0.9933185577392578
0.5261999368667603 0.6209627389907837 -0.5256703495979309 0.990465521812439
0.5601333379745483 0.538558840751648 -0.591457724571228 0.9846746921539307
0.5464721322059631 0.6119527220726013 -0.5677484273910522 0.973533034324646
0.561168372631073 0.5050843954086304 -0.5730326771736145 0.9830150604248047
0.5438984036445618 0.5832427144050598 -0.5447438955307007 0.9692015647888184
0.5649785399436951 0.5106658935546875 -0.5407341122627258 0.974393367767334
0.5406453609466553 0.5815548300743103 -0.5174821615219116 0.9600951075553894
0.5952410101890564 0.8092652559280396 0.011517961509525776 0.9974378347396851
0.4925387501716614 0.8162301182746887 -0.011558913625776768 0.9964183568954468
0.6839559674263 0.9802308082580566 -0.1855451613664627 0.9666002988815308
0.42464479804039 0.9948849081993103 -0.18485437333583832 0.9206474423408508
0.6034119725227356 0.9556671380996704 0.2149456888437271 0.07304731756448746
0.49783089756965637 0.9442530870437622 0.16900205612182617 0.03749588504433632
0.5874216556549072 0.922308087348938 0.26272857189178467 0.06957107782363892
0.5077665448188782 0.9245492219924927 0.2130027413368225 0.04277059808373451
0.5818533301353455 1.0085554122924805 0.29050207138061523 0.04999075084924698
0.5138912796974182 0.9652891755104065 0.23355332016944885 0.02651619352400303
