0.5427131652832031 0.3681796193122864 -0.3088776767253876 0.9999755620956421
0.5524701476097107 0.3462294936180115 -0.28102681040763855 0.999976634979248
0.5572097301483154 0.34683501720428467 -0.2811754643917084 0.9999833106994629
0.5616029500961304 0.34782373905181885 -0.2815154790878296 0.9999840259552002
0.5329527258872986 0.34478849172592163 -0.2842504382133484 0.9999587535858154
0.5259332060813904 0.3452516794204712 -0.28414008021354675 0.9999444484710693
0.5196866989135742 0.3460739254951477 -0.2841840982437134 0.9999176263809204
0.5705781579017639 0.3616601228713989 -0.1182895377278328 0.9999927282333374
0.5123655796051025 0.36003661155700684 -0.13437484204769135 0.9999796152114868
0.5534712672233582 0.39766329526901245 -0.24589893221855164 0.9999932050704956
0.5286239385604858 0.39526185393333435 -0.25087374448776245 0.9999908208847046
0.6018620729446411 0.4890725016593933 -0.04546094313263893 0.9999929666519165
0.46548891067504883 0.4916705787181854 -0.0009152348502539098 0.9998841285705566
0.6236216425895691 0.6502597332000732 -0.22515614330768585 0.9970928430557251
0.43758827447891235 0.6749719381332397 0.0532158687710762 0.8889567255973816
0.5926008820533752 0.49158811569213867 -0.5295265316963196 0.9969754219055176
0.4223679304122925 0.8417136669158936 -0.01961793377995491 0.655213475227356
0.5825195908546448 0.4433233141899109 -0.6028224229812622 0.9908475875854492
0.4153980016708374 0.8885811567306519 -0.03458508476614952 0.53962242603302
0.583975076675415 0.43040838837623596 -0.575920045375824 0.9906123280525208
0.4206390678882599 0.8916930556297302 -0.07041491568088531 0.554768443107605
0.5838145613670349 0.44237226247787476 -0.5259031653404236 0.9832718968391418
0.4263106882572174 0.8748047351837158 -0.03509141504764557 0.5505815744400024
0.5898801684379578 0.7981309294700623 0.003674280596897006 0.9983987212181091
0.4882378578186035 0.8057970404624939 -0.0029565957374870777 0.9956756234169006
0.6803581714630127 0.9663366079330444 -0.3490367829799652 0.9651286005973816
0.43384724855422974 1.0094835758209229 -0.20077070593833923 0.9104530215263367
0.6286695599555969 1.2068103551864624 -0.015307002700865269 0.390406996011734
0.48928138613700867 1.254783034324646 0.10058583319187164 0.26241105794906616
0.6115293502807617 1.235909342765808 0.014443864114582539 0.38685911893844604
0.49985191226005554 1.2842562198638916 0.125214621424675 0.23673050105571747
0.6411123871803284 1.306246042251587 -0.13178285956382751 0.17712852358818054
0.48078852891921997 1.3463754653930664 -0.028490355238318443 0.0894768238067627
