0.5479512810707092 0.36657676100730896 -0.3319213092327118 0.9999850988388062
0.5552683472633362 0.3431311845779419 -0.30269187688827515 0.9999885559082031
0.5595148801803589 0.3433741331100464 -0.3028477132320404 0.9999909400939941
0.5641123652458191 0.3438940644264221 -0.3031715452671051 0.9999912977218628
0.5376190543174744 0.34146666526794434 -0.30927878618240356 0.9999778270721436
0.5304686427116394 0.34110116958618164 -0.309183269739151 0.9999680519104004
0.5236042141914368 0.34151917695999146 -0.30921563506126404 0.999956488609314
0.5679224729537964 0.35450267791748047 -0.12831681966781616 0.9999960660934448
0.5121223330497742 0.3541927933692932 -0.15862242877483368 0.999987006187439
0.5548760294914246 0.39522239565849304 -0.26468244194984436 0.9999967813491821
0.5342291593551636 0.39516592025756836 -0.2736373543739319 0.9999955892562866
0.601357638835907 0.4894711673259735 -0.04637256637215614 0.9999954700469971
0.4651615023612976 0.48919355869293213 -0.0332309752702713 0.9999206066131592
0.6214300394058228 0.6628540754318237 -0.19550569355487823 0.9936552047729492
0.4338718056678772 0.6784838438034058 -0.00476244930177927 0.9494919180870056
0.593734860420227 0.5682566165924072 -0.5175620913505554 0.9951581358909607
0.42143192887306213 0.8480666875839233 -0.11832583695650101 0.7903723120689392
0.5866579413414001 0.5561128854751587 -0.5928063988685608 0.9879279732704163
0.41431930661201477 0.8982760906219482 -0.14323724806308746 0.6972625851631165
0.5836628079414368 0.5210648775100708 -0.5786546468734741 0.987968921661377
0.42342472076416016 0.9016661047935486 -0.18163663148880005 0.7106417417526245
0.582552969455719 0.5239359140396118 -0.5187410712242126 0.9793763160705566
0.4279881417751312 0.8905171751976013 -0.13500021398067474 0.6967591643333435
0.5861886739730835 0.7944650053977966 0.007603523787111044 0.9986282587051392
0.4886317849159241 0.8079371452331543 -0.006996510084718466 0.9968317151069641
0.6821607351303101 0.96147620677948 -0.373935729265213 0.9673658609390259
0.4224756956100464 1.010604739189148 -0.21987949311733246 0.918261706829071
0.6288915872573853 1.1564347743988037 -0.005047151353210211 0.45271745324134827
0.5078208446502686 1.2370151281356812 0.10524892061948776 0.34717023372650146
0.6125192642211914 1.1740880012512207 0.030788782984018326 0.5071767568588257
0.5201144218444824 1.25730299949646 0.13425511121749878 0.28334498405456543
0.6344463229179382 1.2560760974884033 -0.09602215886116028 0.2788776159286499
0.5121311545372009 1.3350638151168823 -0.007679190021008253 0.14110788702964783
