0.5470064282417297 0.36808907985687256 -0.5089283585548401 0.9999376535415649
0.5556509494781494 0.34503936767578125 -0.48077628016471863 0.9999401569366455
0.560308575630188 0.34602558612823486 -0.4809378683567047 0.9999581575393677
0.5656030178070068 0.3469603657722473 -0.4812806248664856 0.9999560117721558
0.5379025340080261 0.3426443934440613 -0.48629915714263916 0.9998908042907715
0.5301298499107361 0.3422069549560547 -0.48624664545059204 0.9998689889907837
0.5234427452087402 0.34208911657333374 -0.4863450825214386 0.9997996687889099
0.5704252123832703 0.3593100309371948 -0.29750072956085205 0.9999791383743286
0.5117986798286438 0.35533082485198975 -0.32179588079452515 0.9999374151229858
0.5538175702095032 0.397942453622818 -0.43788549304008484 0.9999876022338867
0.532372236251831 0.3964647948741913 -0.4452250301837921 0.9999825954437256
0.6026164293289185 0.4983133375644684 -0.1854686737060547 0.9999860525131226
0.4648222327232361 0.49065715074539185 -0.17099958658218384 0.9998443126678467
0.6301301717758179 0.6804245114326477 -0.34367287158966064 0.9959523677825928
0.4342585504055023 0.6864359378814697 -0.1297542005777359 0.956785261631012
0.5907865166664124 0.5849524736404419 -0.7091665267944336 0.9926160573959351
0.42208755016326904 0.8543140888214111 -0.26004427671432495 0.7425599694252014
0.5811048150062561 0.5785362720489502 -0.7911564111709595 0.9792084097862244
0.41456782817840576 0.9027940630912781 -0.28969642519950867 0.6345008611679077
0.578025758266449 0.5442123413085938 -0.7764310836791992 0.9791664481163025
0.4226837158203125 0.9070970416069031 -0.33339497447013855 0.6498046517372131
0.5778785347938538 0.5453199148178101 -0.7102952599525452 0.9629808664321899
0.42739614844322205 0.890501856803894 -0.27857086062431335 0.6181620359420776
0.583743691444397 0.7947518825531006 0.01079050824046135 0.9962431192398071
0.4858926236629486 0.8024535775184631 -0.010203346610069275 0.9905258417129517
0.67566978931427 0.9508029222488403 -0.43495190143585205 0.9269716739654541
0.4321008324623108 1.0084481239318848 -0.25999632477760315 0.8373045921325684
0.6177855730056763 1.1644799709320068 -0.06625708937644958 0.30812230706214905
0.49490660429000854 1.2270716428756714 0.07219970971345901 0.19161520898342133
0.6011413335800171 1.185945987701416 -0.03354101628065109 0.37444013357162476
0.5043909549713135 1.2523196935653687 0.09898001700639725 0.17239083349704742
0.6245622634887695 1.263468861579895 -0.1917138248682022 0.1791025698184967
0.496195912361145 1.3239827156066895 -0.0698736235499382 0.07732444256544113
