0.5453062057495117 0.3641495704650879 -0.48783642053604126 0.9999744892120361
0.5540644526481628 0.3414292335510254 -0.4606526792049408 0.9999755620956421
0.5587932467460632 0.34196656942367554 -0.46079590916633606 0.9999855756759644
0.564465343952179 0.3428722023963928 -0.46108606457710266 0.9999817609786987
0.5353637337684631 0.3382755517959595 -0.4635673761367798 0.9999604225158691
0.527711808681488 0.33756089210510254 -0.46353816986083984 0.9999593496322632
0.5209446549415588 0.33796852827072144 -0.4636399447917938 0.9999192953109741
0.5699368119239807 0.35593730211257935 -0.29263967275619507 0.9999920129776001
0.5118476748466492 0.3540952205657959 -0.30628931522369385 0.9999754428863525
0.553284764289856 0.3960895538330078 -0.42390182614326477 0.9999955892562866
0.5308368802070618 0.39659807085990906 -0.42812949419021606 0.9999942779541016
0.607900083065033 0.5029222965240479 -0.19476637244224548 0.9999934434890747
0.4637957811355591 0.4979867935180664 -0.16680778563022614 0.9998658895492554
0.6326393485069275 0.693805456161499 -0.3394838571548462 0.9978954792022705
0.43181100487709045 0.689538836479187 -0.15294651687145233 0.949025571346283
0.6068935394287109 0.6312917470932007 -0.6743645071983337 0.9965311884880066
0.42468127608299255 0.8496050238609314 -0.3080141842365265 0.6643331050872803
0.5883474946022034 0.6201417446136475 -0.7474901676177979 0.9892433881759644
0.41940876841545105 0.8962186574935913 -0.3382088840007782 0.5454623699188232
0.587296187877655 0.585604190826416 -0.7311055064201355 0.9896377325057983
0.42665526270866394 0.8969307541847229 -0.3692992031574249 0.5682156682014465
0.5899074077606201 0.5856598615646362 -0.6728531718254089 0.9786038398742676
0.43109291791915894 0.8800135850906372 -0.3220985233783722 0.5297103524208069
0.5856567621231079 0.8004363775253296 0.004508001729846001 0.9924322366714478
0.48445993661880493 0.8109399080276489 -0.003890816355124116 0.9810234308242798
0.6854215264320374 0.9724345803260803 -0.39680612087249756 0.9565562605857849
0.4273061752319336 1.0100828409194946 -0.24004332721233368 0.8828422427177429
0.6220729351043701 1.192012071609497 -0.09167264401912689 0.4806836247444153
0.48525047302246094 1.2365329265594482 0.06005924940109253 0.2629246413707733
0.6072694659233093 1.2141669988632202 -0.06512158364057541 0.50481778383255
0.4934336841106415 1.2640093564987183 0.08415555953979492 0.24508905410766602
0.6229060888290405 1.28587007522583 -0.21549919247627258 0.278591513633728
0.48824745416641235 1.324925184249878 -0.0637388601899147 0.10248739272356033
