0.5561025142669678 0.3355071544647217 -0.4529196619987488 0.9999592304229736
0.5631421804428101 0.3134791851043701 -0.42228683829307556 0.9999219179153442
0.5677101612091064 0.3138306140899658 -0.4224029779434204 0.9999375343322754
0.5726137757301331 0.3143274784088135 -0.4226076900959015 0.9999128580093384
0.5472208261489868 0.3122180104255676 -0.42553970217704773 0.9999061822891235
0.5410006046295166 0.31198060512542725 -0.4255339205265045 0.9999047517776489
0.535322368144989 0.3116148114204407 -0.4255947172641754 0.9998552799224854
0.5783940553665161 0.32639384269714355 -0.24675171077251434 0.9999406337738037
0.524909257888794 0.32594460248947144 -0.2645745873451233 0.9999493360519409
0.5644220113754272 0.3624083399772644 -0.38737618923187256 0.9999924898147583
0.5433939695358276 0.3599517345428467 -0.39308544993400574 0.9999943971633911
0.608391523361206 0.46951916813850403 -0.18182259798049927 0.9999849796295166
0.4816190004348755 0.47576311230659485 -0.1349433958530426 0.9999251365661621
0.6471814513206482 0.6403990983963013 -0.3921673595905304 0.9991725087165833
0.4524640738964081 0.6755363941192627 -0.09050191193819046 0.9572612643241882
0.5812063217163086 0.48091447353363037 -0.7027493119239807 0.9981707334518433
0.41866379976272583 0.8468415141105652 -0.2216504067182541 0.8939946889877319
0.5631102323532104 0.4487818479537964 -0.767776608467102 0.992687463760376
0.4056403338909149 0.9056326150894165 -0.24812330305576324 0.8454844951629639
0.5629878640174866 0.43329206109046936 -0.7360067963600159 0.9916743636131287
0.41240638494491577 0.9104157090187073 -0.28603050112724304 0.856532096862793
0.5659152269363403 0.4415746331214905 -0.694939911365509 0.9846808910369873
0.418152391910553 0.8912531733512878 -0.23798759281635284 0.8365925550460815
0.5876203179359436 0.7833951711654663 0.0025297733955085278 0.9992484450340271
0.4960785210132599 0.7799044847488403 -0.002343973610550165 0.9983736276626587
0.630169153213501 0.9604721665382385 -0.42586565017700195 0.8450402617454529
0.4828124940395355 0.9399476647377014 -0.4682374894618988 0.728887677192688
0.6147404909133911 1.0177786350250244 0.059669673442840576 0.053040072321891785
0.5044976472854614 1.0504417419433594 -0.02268601767718792 0.052727751433849335
0.6110323071479797 1.0132325887680054 0.1090351864695549 0.10358346998691559
0.5080194473266602 1.0602383613586426 0.020637521520256996 0.06458402425050735
0.6095890402793884 1.0812902450561523 0.01721683144569397 0.0508556105196476
0.5162572264671326 1.1144458055496216 -0.10623787343502045 0.04089386761188507
