0.5580773949623108 0.33575040102005005 -0.4787355363368988 0.9999459981918335
0.5640584826469421 0.3141458034515381 -0.4486902952194214 0.9999017715454102
0.5685774087905884 0.31508004665374756 -0.4487987160682678 0.9999194145202637
0.5734590888023376 0.3163549304008484 -0.44901737570762634 0.9998857975006104
0.5488160848617554 0.3120507001876831 -0.4527752101421356 0.9998950958251953
0.5426225662231445 0.3119044303894043 -0.4527689814567566 0.9998992681503296
0.5370776057243347 0.31206685304641724 -0.4528219997882843 0.9998471736907959
0.5785815715789795 0.32845860719680786 -0.2756841778755188 0.9999228715896606
0.5257925987243652 0.3263574242591858 -0.2971299886703491 0.9999505281448364
0.5655853748321533 0.3635846972465515 -0.41412630677223206 0.9999916553497314
0.545434296131134 0.3600770831108093 -0.42078787088394165 0.9999945163726807
0.6075921654701233 0.4693625271320343 -0.21299125254154205 0.9999833106994629
0.48088186979293823 0.47781410813331604 -0.17533043026924133 0.9999457597732544
0.6455346345901489 0.635514497756958 -0.42785197496414185 0.9989359974861145
0.4533141255378723 0.676023006439209 -0.14674384891986847 0.9630131125450134
0.5784465670585632 0.4739041030406952 -0.7335666418075562 0.9971709847450256
0.4199282228946686 0.8513529300689697 -0.2788405120372772 0.879939615726471
0.5617784857749939 0.442470908164978 -0.7991856932640076 0.9896592497825623
0.4078461825847626 0.9084609150886536 -0.3067690432071686 0.8306472897529602
0.5620869994163513 0.4290434420108795 -0.7650781273841858 0.9882160425186157
0.4137612581253052 0.9115473628044128 -0.34296897053718567 0.841789960861206
0.5650604367256165 0.43723469972610474 -0.724970817565918 0.9789197444915771
0.4199797511100769 0.894029974937439 -0.29452452063560486 0.8241797089576721
0.5886915326118469 0.7816826701164246 0.0062881954945623875 0.9994458556175232
0.4961862862110138 0.779517650604248 -0.006150390487164259 0.9988334774971008
0.6314761638641357 0.9624680280685425 -0.4417934715747833 0.8819905519485474
0.48387691378593445 0.9284182190895081 -0.46977636218070984 0.7089881896972656
0.6094685196876526 0.9854723811149597 0.05440426245331764 0.055876895785331726
0.5096972584724426 1.0182697772979736 -0.03270615637302399 0.05963292717933655
0.605648934841156 0.9729523658752441 0.10644927620887756 0.10075082629919052
0.5129753351211548 1.0249735116958618 0.010822826065123081 0.0706755593419075
0.6002088785171509 1.041141152381897 0.029973160475492477 0.05528699979186058
0.524651825428009 1.073538899421692 -0.10790204256772995 0.049810830503702164
