0.5551117658615112 0.3311741352081299 -0.45496758818626404 0.9999860525131226
0.5614332556724548 0.3104761838912964 -0.4199139475822449 0.999971866607666
0.565589189529419 0.3111945390701294 -0.42003437876701355 0.9999769926071167
0.5697408318519592 0.31218934059143066 -0.4202551245689392 0.9999676942825317
0.545573890209198 0.3097766637802124 -0.42805352807044983 0.9999628067016602
0.5396319627761841 0.31004148721694946 -0.4280850291252136 0.999966025352478
0.5337769985198975 0.3103851079940796 -0.428154855966568 0.9999485015869141
0.5738701224327087 0.32630640268325806 -0.22888606786727905 0.999976396560669
0.5224405527114868 0.32584482431411743 -0.2700447738170624 0.9999861717224121
0.5619083642959595 0.3577357530593872 -0.384284645318985 0.9999974966049194
0.5429293513298035 0.3556932806968689 -0.3967565894126892 0.9999979734420776
0.6041941046714783 0.47341907024383545 -0.13674293458461761 0.9999922513961792
0.4769476652145386 0.48071107268333435 -0.13496823608875275 0.9999313354492188
0.6560344696044922 0.6374741792678833 -0.33941859006881714 0.9992130994796753
0.45166194438934326 0.6813485622406006 -0.0962696298956871 0.9592084884643555
0.6081607341766357 0.4658079743385315 -0.6569390892982483 0.9974761605262756
0.41759151220321655 0.8512569665908813 -0.22755111753940582 0.8870480060577393
0.592544436454773 0.4339667856693268 -0.7215067744255066 0.9881147146224976
0.405843049287796 0.9082566499710083 -0.251447468996048 0.8296067714691162
0.586634635925293 0.4228782057762146 -0.6879513263702393 0.9863384366035461
0.41287657618522644 0.9126196503639221 -0.2929821312427521 0.8409818410873413
0.5880774855613708 0.43067654967308044 -0.6490316987037659 0.9750681519508362
0.41877269744873047 0.8946211338043213 -0.24448606371879578 0.8058086037635803
0.5866040587425232 0.7768467664718628 0.007537145633250475 0.9990094900131226
0.49494829773902893 0.7756227254867554 -0.0072369202971458435 0.9971117973327637
0.6305439472198486 0.9424595236778259 -0.538227379322052 0.7852434515953064
0.4799370765686035 0.9222785234451294 -0.5815889835357666 0.6298232078552246
0.6053783297538757 1.0596520900726318 -0.17620152235031128 0.06848574429750443
0.4979962706565857 1.0743088722229004 -0.23020218312740326 0.057340286672115326
0.5996285080909729 1.0719339847564697 -0.142764613032341 0.17374978959560394
0.5016077756881714 1.092587947845459 -0.19966967403888702 0.08332715183496475
0.6047239899635315 1.124935269355774 -0.2830013334751129 0.07504067569971085
0.5083645582199097 1.1450557708740234 -0.3658815324306488 0.05094606429338455
