0.5522995591163635 0.3293516933917999 -0.6076929569244385 0.9999836683273315
0.5606803297996521 0.30756908655166626 -0.5761404037475586 0.9999635219573975
0.5655486583709717 0.30782705545425415 -0.5762277245521545 0.999972939491272
0.5699737668037415 0.3084868788719177 -0.5764623284339905 0.9999539852142334
0.5432965159416199 0.3082190752029419 -0.5800499320030212 0.9999479055404663
0.5371704697608948 0.3088427186012268 -0.5801047086715698 0.9999561309814453
0.531563401222229 0.309425950050354 -0.5801753997802734 0.9999175071716309
0.5766265392303467 0.3235943913459778 -0.38559338450431824 0.9999681711196899
0.523158073425293 0.32557412981987 -0.406747967004776 0.9999778270721436
0.5616214871406555 0.3571239411830902 -0.5369077920913696 0.9999973773956299
0.5406981706619263 0.3555138409137726 -0.5435559153556824 0.9999977350234985
0.6127907037734985 0.47192615270614624 -0.2739808261394501 0.9999899864196777
0.48050564527511597 0.4835459887981415 -0.2681348919868469 0.9999518394470215
0.6651395559310913 0.6577710509300232 -0.4890073537826538 0.9989976286888123
0.45335668325424194 0.6839492321014404 -0.2405955046415329 0.9685869216918945
0.6233345866203308 0.5068514347076416 -0.8486917614936829 0.9960715770721436
0.418765664100647 0.8576563000679016 -0.39374300837516785 0.8810421824455261
0.6106259822845459 0.4677365720272064 -0.9201093316078186 0.9840376377105713
0.40535613894462585 0.9113648533821106 -0.4230813980102539 0.8304304480552673
0.6057020425796509 0.4535616636276245 -0.8914677500724792 0.9816138744354248
0.41256794333457947 0.9150895476341248 -0.4628177285194397 0.8400448560714722
0.6052654981613159 0.46333587169647217 -0.843736469745636 0.9668833017349243
0.419069766998291 0.8995875716209412 -0.41044795513153076 0.7991552352905273
0.5885368585586548 0.778825044631958 0.01149636972695589 0.999576985836029
0.49701988697052 0.7763931155204773 -0.011322464793920517 0.9986400008201599
0.6322289109230042 0.9594253897666931 -0.5107030272483826 0.7879648208618164
0.4809054136276245 0.9477209448814392 -0.49445125460624695 0.6294336318969727
0.6136052012443542 1.0408656597137451 -0.021472392603754997 0.04275161772966385
0.5041627287864685 1.0595892667770386 -0.03236297145485878 0.033327460289001465
0.6085964441299438 1.0433595180511475 0.025451503694057465 0.12696857750415802
0.5075396299362183 1.0715243816375732 0.009295170195400715 0.04070384427905083
0.60804682970047 1.107317566871643 -0.1060885414481163 0.05266054347157478
0.5204144716262817 1.1301336288452148 -0.14668135344982147 0.032300811260938644
