0.5555222034454346 0.3317912220954895 -0.5574031472206116 0.9999210834503174
0.5616742968559265 0.3092844486236572 -0.5281416773796082 0.9998728036880493
0.5665107369422913 0.3094041347503662 -0.5282755494117737 0.9998977184295654
0.5711844563484192 0.3096535801887512 -0.5285137295722961 0.9998418092727661
0.5450251698493958 0.30949926376342773 -0.5339819192886353 0.9998249411582947
0.5388370156288147 0.3098453879356384 -0.5340301990509033 0.999847412109375
0.5334802269935608 0.3107783794403076 -0.5341203808784485 0.9997674822807312
0.5765689015388489 0.3230370879173279 -0.34822219610214233 0.9998900890350342
0.5225582122802734 0.3260419964790344 -0.3757641613483429 0.9999139308929443
0.5645151138305664 0.35779818892478943 -0.49029091000556946 0.9999884366989136
0.5437670350074768 0.3574666380882263 -0.49848678708076477 0.9999899864196777
0.6123014688491821 0.4766474962234497 -0.23956848680973053 0.9999842643737793
0.48023611307144165 0.4789121150970459 -0.259621798992157 0.999966025352478
0.6475422382354736 0.6610377430915833 -0.4040272533893585 0.9810667037963867
0.45208740234375 0.6774951219558716 -0.23299838602542877 0.9674009084701538
0.6351827383041382 0.6074177026748657 -0.7562914490699768 0.9308205842971802
0.416964054107666 0.854621946811676 -0.3741517663002014 0.8423500061035156
0.6333868503570557 0.6066973805427551 -0.822898805141449 0.8685777187347412
0.4046078324317932 0.911519467830658 -0.40384939312934875 0.7993019223213196
0.6294484734535217 0.5816365480422974 -0.8138733506202698 0.8625047206878662
0.4098174273967743 0.9163751006126404 -0.44650280475616455 0.8178646564483643
0.6254451870918274 0.5781193971633911 -0.7598609924316406 0.8062403798103333
0.41604089736938477 0.898746132850647 -0.3923261761665344 0.794517457485199
0.5884570479393005 0.7837313413619995 0.01466374658048153 0.9992788434028625
0.49663856625556946 0.7812783718109131 -0.01445523276925087 0.9985438585281372
0.6310693621635437 0.9702133536338806 -0.4395677447319031 0.7085083723068237
0.48588788509368896 0.9796954989433289 -0.4146370589733124 0.5862330198287964
0.6248494386672974 0.9980970621109009 0.02451341040432453 0.03617351874709129
0.49486610293388367 1.033484935760498 0.028882784768939018 0.02239854447543621
0.6215183138847351 0.9942793250083923 0.07076133042573929 0.08474598079919815
0.49450868368148804 1.0378986597061157 0.07160211354494095 0.032066959887742996
0.6233940720558167 1.0497660636901855 -0.02500869892537594 0.03576303645968437
0.5086233019828796 1.086664080619812 -0.04595678299665451 0.021721020340919495
