0.5510518550872803 0.3578053116798401 -0.6134313344955444 0.9998964071273804
0.5594905018806458 0.33018922805786133 -0.5833258032798767 0.9998494386672974
0.5655092597007751 0.33012980222702026 -0.5834804177284241 0.9999159574508667
0.5707582235336304 0.3303728699684143 -0.5837965607643127 0.9998818635940552
0.5398698449134827 0.3292536735534668 -0.5885618329048157 0.9997599720954895
0.5304959416389465 0.3290046453475952 -0.588690459728241 0.9998014569282532
0.5230799317359924 0.3298732042312622 -0.5888500809669495 0.9996083378791809
0.5749444961547852 0.34280556440353394 -0.3853263854980469 0.9999421834945679
0.5121756792068481 0.3431231379508972 -0.4076371490955353 0.9998995065689087
0.5587924122810364 0.3908354341983795 -0.5371260046958923 0.999980092048645
0.5358681082725525 0.38988715410232544 -0.5441544651985168 0.9999736547470093
0.6138907670974731 0.5037357211112976 -0.23700208961963654 0.9999765157699585
0.4631138741970062 0.49234381318092346 -0.2204846292734146 0.9997956156730652
0.6497843861579895 0.707995593547821 -0.38117095828056335 0.9918943047523499
0.4302588701248169 0.7002421021461487 -0.1255054473876953 0.9558761119842529
0.6383734345436096 0.66866135597229 -0.7748562693595886 0.9516175985336304
0.41617539525032043 0.8711169958114624 -0.22274702787399292 0.53798907995224
0.6295399069786072 0.6581273674964905 -0.8540127873420715 0.8767499923706055
0.4110904335975647 0.9154471158981323 -0.2415587455034256 0.38955003023147583
0.6280299425125122 0.6261875629425049 -0.8467881679534912 0.8826371431350708
0.41692012548446655 0.9199435710906982 -0.2887870967388153 0.4213526248931885
0.625979483127594 0.6243202686309814 -0.7787889242172241 0.8128374218940735
0.4219478368759155 0.9053370356559753 -0.24041135609149933 0.38673174381256104
0.5937005281448364 0.8230511546134949 0.003435136517509818 0.9911648631095886
0.48919498920440674 0.8267402648925781 -0.002683908911421895 0.9768236875534058
0.6505407094955444 0.9924777746200562 -0.5168712139129639 0.9227330088615417
0.4484298825263977 1.0277410745620728 -0.2611582279205322 0.8160045146942139
0.6226918697357178 1.2826279401779175 -0.16792140901088715 0.4095463156700134
0.4625033140182495 1.3057286739349365 0.06276263296604156 0.33114805817604065
0.6115668416023254 1.3184336423873901 -0.1419980823993683 0.41474026441574097
0.46583548188209534 1.3430004119873047 0.08327676355838776 0.25340837240219116
0.6298204660415649 1.378745675086975 -0.36171194911003113 0.21911785006523132
0.45739349722862244 1.3982582092285156 -0.1440470963716507 0.13634321093559265
