0.5524118542671204 0.3612445592880249 -0.6278449296951294 0.9999731779098511
0.5593754053115845 0.332226037979126 -0.5998479723930359 0.9999594688415527
0.56485915184021 0.331831157207489 -0.599960207939148 0.9999788999557495
0.5700544714927673 0.3313836455345154 -0.6002674102783203 0.9999674558639526
0.5407403111457825 0.33245182037353516 -0.6038541793823242 0.9999328851699829
0.5316222310066223 0.33267104625701904 -0.6039811968803406 0.9999477863311768
0.5242810249328613 0.3333575129508972 -0.6041260957717896 0.9998916387557983
0.5737149119377136 0.340665340423584 -0.403359591960907 0.999984622001648
0.5119863152503967 0.3469081521034241 -0.4228154718875885 0.9999843835830688
0.5590804815292358 0.3925990164279938 -0.5508517026901245 0.9999929666519165
0.5375012159347534 0.3926420509815216 -0.557189404964447 0.9999922513961792
0.6094042062759399 0.49206435680389404 -0.2726607024669647 0.9999945163726807
0.46281883120536804 0.492313414812088 -0.21457023918628693 0.9999116659164429
0.6425859332084656 0.701215386390686 -0.453367680311203 0.9990100860595703
0.42756038904190063 0.7050053477287292 -0.0658789724111557 0.9557402729988098
0.597486138343811 0.5578797459602356 -0.8392302393913269 0.9976083040237427
0.41900110244750977 0.8952208757400513 -0.10645390301942825 0.7246462106704712
0.5748917460441589 0.5372177362442017 -0.920212984085083 0.9906525611877441
0.41062355041503906 0.9424888491630554 -0.11631142348051071 0.5413752198219299
0.5734739899635315 0.5071226954460144 -0.8988524079322815 0.9908238649368286
0.4175539016723633 0.9500271081924438 -0.1619439572095871 0.5707611441612244
0.5771796703338623 0.5117074847221375 -0.8370713591575623 0.982399046421051
0.42246490716934204 0.9331968426704407 -0.12228702008724213 0.5596646070480347
0.5930442214012146 0.8275352716445923 -0.0042981235310435295 0.9972261786460876
0.48944103717803955 0.829996645450592 0.0049156793393194675 0.995005190372467
0.6481204628944397 1.0140411853790283 -0.2791779339313507 0.907128095626831
0.45111238956451416 1.0279898643493652 -0.2739368677139282 0.8759568929672241
0.6225962042808533 1.3234362602233887 0.1255396157503128 0.1995922029018402
0.46376579999923706 1.3312277793884277 0.04473460465669632 0.26132550835609436
0.6165739893913269 1.359798550605774 0.158393993973732 0.2259405553340912
0.46637850999832153 1.3692011833190918 0.0680471807718277 0.212027445435524
0.6227878928184509 1.416236162185669 -0.033197421580553055 0.0808398574590683
0.46713268756866455 1.4235731363296509 -0.14680440723896027 0.11608226597309113
