0.5530118346214294 0.3610600233078003 -0.5767152905464172 0.9999793767929077
0.5600523352622986 0.33273494243621826 -0.5477641820907593 0.9999681711196899
0.5654904842376709 0.3321567177772522 -0.5479097962379456 0.9999815225601196
0.5701854228973389 0.3317350745201111 -0.5482052564620972 0.9999758005142212
0.5424627065658569 0.33278942108154297 -0.5524713397026062 0.9999477863311768
0.5339174866676331 0.3324626088142395 -0.5525574088096619 0.9999538660049438
0.5261052250862122 0.3323785066604614 -0.5526940822601318 0.9999121427536011
0.5736767053604126 0.34012162685394287 -0.3505467176437378 0.9999865293502808
0.5119612812995911 0.34401935338974 -0.3722284138202667 0.9999788999557495
0.5589320659637451 0.3909072279930115 -0.49952542781829834 0.9999923706054688
0.5370824337005615 0.3906729519367218 -0.5064051747322083 0.9999903440475464
0.6087507605552673 0.48697686195373535 -0.21949627995491028 0.9999918937683105
0.4650512933731079 0.48739150166511536 -0.17357277870178223 0.9998801946640015
0.6438315510749817 0.6980668306350708 -0.3860261142253876 0.9988446235656738
0.43290913105010986 0.6937447786331177 -0.05038071051239967 0.963150680065155
0.5958848595619202 0.5690406560897827 -0.7596834897994995 0.9974731802940369
0.42015936970710754 0.8731356263160706 -0.13209684193134308 0.7739865183830261
0.5735470652580261 0.5554008483886719 -0.8397179245948792 0.9901968240737915
0.41512128710746765 0.9196076393127441 -0.14954955875873566 0.6215267181396484
0.5693360567092896 0.5255445241928101 -0.8199511170387268 0.9904246926307678
0.4200417697429657 0.9243979454040527 -0.19568124413490295 0.6485252380371094
0.5728000402450562 0.5271831750869751 -0.7577730417251587 0.9819347858428955
0.4235977828502655 0.9106224179267883 -0.1492365449666977 0.6265695095062256
0.5914927124977112 0.8278234601020813 -0.0015597593737766147 0.9973199963569641
0.4882427453994751 0.8310649991035461 0.002228556899353862 0.9945235252380371
0.6537843346595764 1.010058879852295 -0.3113049268722534 0.886802613735199
0.446315199136734 1.0229730606079102 -0.22902493178844452 0.8255173563957214
0.6259917616844177 1.3233420848846436 0.04057804495096207 0.21050792932510376
0.4577818214893341 1.3391366004943848 0.06970246881246567 0.25015804171562195
0.6186230778694153 1.358806848526001 0.06863663345575333 0.22766676545143127
0.4599545896053314 1.3758184909820557 0.0910586565732956 0.18776631355285645
0.6254858374595642 1.4168829917907715 -0.12480995059013367 0.09940765798091888
0.4604293704032898 1.4312001466751099 -0.1163196787238121 0.10709954798221588
