0.5517295598983765 0.3624202609062195 -0.6106094121932983 0.9999580383300781
0.5583774447441101 0.33535104990005493 -0.5793445110321045 0.9999485015869141
0.5638171434402466 0.3353748321533203 -0.5795316100120544 0.9999713897705078
0.5688202381134033 0.3354072570800781 -0.579874575138092 0.9999628067016602
0.540930986404419 0.3339623808860779 -0.5845556259155273 0.9999034404754639
0.5323956608772278 0.3334032893180847 -0.5846432447433472 0.9999114274978638
0.5247400999069214 0.3332160711288452 -0.5847648978233337 0.9998239874839783
0.5722033977508545 0.34468376636505127 -0.37588658928871155 0.9999809265136719
0.5105000734329224 0.3458491563796997 -0.3990980088710785 0.9999631643295288
0.558050274848938 0.3912973999977112 -0.5319036245346069 0.9999912977218628
0.5360221862792969 0.39104312658309937 -0.539122998714447 0.9999872446060181
0.6102970242500305 0.49243006110191345 -0.2428634762763977 0.9999940395355225
0.46186986565589905 0.4902239143848419 -0.20140884816646576 0.9998674392700195
0.642368733882904 0.6982296109199524 -0.42993736267089844 0.998256266117096
0.4322846531867981 0.6913811564445496 -0.07075247168540955 0.9566468000411987
0.6017295122146606 0.6041123270988464 -0.850624144077301 0.9943082928657532
0.419149249792099 0.8611629009246826 -0.13023844361305237 0.6414492726325989
0.5865776538848877 0.5979436635971069 -0.9400653839111328 0.9809467196464539
0.41380542516708374 0.9117822647094727 -0.1461317092180252 0.48933035135269165
0.5817880630493164 0.5681453347206116 -0.9217574596405029 0.9816797971725464
0.421708881855011 0.9127881526947021 -0.1924603283405304 0.5166528820991516
0.5838016271591187 0.5670815706253052 -0.8507320880889893 0.9629581570625305
0.42672932147979736 0.9023348689079285 -0.14657744765281677 0.47774478793144226
0.5895885825157166 0.823276162147522 -0.00015403630095534027 0.9963439106941223
0.4841906726360321 0.8291212916374207 0.00087907281704247 0.9896135926246643
0.6487217545509338 1.004929780960083 -0.4300893247127533 0.9116207957267761
0.44953304529190063 1.0242785215377808 -0.2905154824256897 0.8331644535064697
0.6218662858009338 1.2972218990325928 -0.058761510998010635 0.3986642062664032
0.465445339679718 1.305586576461792 0.04169205203652382 0.31580105423927307
0.6122759580612183 1.332887887954712 -0.029742557555437088 0.3766508400440216
0.4690423905849457 1.338642954826355 0.06472750008106232 0.23312656581401825
0.6276489496231079 1.3862539529800415 -0.23953498899936676 0.21360927820205688
0.4664856493473053 1.3981976509094238 -0.15886259078979492 0.14067412912845612
