0.5492575168609619 0.3655853271484375 -0.5819562673568726 0.9999812841415405
0.5564321875572205 0.3357924818992615 -0.5533532500267029 0.9999731779098511
0.5618655681610107 0.33483290672302246 -0.5535012483596802 0.999983549118042
0.5669819712638855 0.333742618560791 -0.5538142919540405 0.9999797344207764
0.5380634069442749 0.3367682695388794 -0.5576819181442261 0.9999539852142334
0.5289719700813293 0.3369627594947815 -0.5577577948570251 0.9999551773071289
0.5214542746543884 0.33724653720855713 -0.557888925075531 0.9999197721481323
0.5705119371414185 0.3407459855079651 -0.35470837354660034 0.9999889135360718
0.5092965960502625 0.34843897819519043 -0.37390729784965515 0.9999792575836182
0.5556787252426147 0.39445096254348755 -0.5039910078048706 0.999994158744812
0.5342300534248352 0.39509880542755127 -0.510016143321991 0.9999920129776001
0.607441246509552 0.48791125416755676 -0.21440519392490387 0.9999938011169434
0.4625810980796814 0.4949048161506653 -0.1780821532011032 0.9998939037322998
0.6433727741241455 0.7038241624832153 -0.37603408098220825 0.9986069798469543
0.4283311665058136 0.701494574546814 -0.0749923512339592 0.9708487391471863
0.6013917922973633 0.5825278759002686 -0.7577087879180908 0.9964984655380249
0.4173421859741211 0.8822054266929626 -0.17236655950546265 0.7758637070655823
0.585765540599823 0.5702475309371948 -0.8380843997001648 0.9864461421966553
0.4125182330608368 0.9291624426841736 -0.19082090258598328 0.6107075214385986
0.5800150632858276 0.5445728302001953 -0.8197221159934998 0.9870763421058655
0.4190226197242737 0.9357650279998779 -0.2373165488243103 0.6378698945045471
0.581893801689148 0.5460619330406189 -0.7562127709388733 0.9748386144638062
0.42263543605804443 0.9213444590568542 -0.18968777358531952 0.6040775775909424
0.5884848237037659 0.829028844833374 7.088387792464346e-05 0.9973599314689636
0.4854745864868164 0.8370169997215271 0.0005418590735644102 0.9933390021324158
0.6526519060134888 1.0113308429718018 -0.38766685128211975 0.910163938999176
0.44659268856048584 1.0420500040054321 -0.23691797256469727 0.8249568939208984
0.6208339333534241 1.309432029724121 -0.048100363463163376 0.3346899747848511
0.4669640362262726 1.3253898620605469 0.08233372122049332 0.26864004135131836
0.6122373342514038 1.3436486721038818 -0.021089671179652214 0.34789949655532837
0.4702583849430084 1.3589286804199219 0.10570045560598373 0.22081832587718964
0.6219726800918579 1.4012004137039185 -0.22012324631214142 0.18240885436534882
0.46840983629226685 1.417264461517334 -0.09626829624176025 0.12214727699756622
