0.5452653169631958 0.37005895376205444 -0.6159144639968872 0.9999743700027466
0.554246187210083 0.3412814140319824 -0.5917300581932068 0.9999521970748901
0.5600748062133789 0.341062068939209 -0.5918569564819336 0.9999783039093018
0.5647931694984436 0.3414382338523865 -0.5921866297721863 0.999962329864502
0.5357783436775208 0.3401731848716736 -0.5966459512710571 0.9999227523803711
0.5275617241859436 0.3390558958053589 -0.5967627167701721 0.9999446868896484
0.519967794418335 0.33835136890411377 -0.5969104766845703 0.9998716115951538
0.5709485411643982 0.34899282455444336 -0.39966943860054016 0.9999802112579346
0.5077377557754517 0.3467440605163574 -0.4259969890117645 0.999984622001648
0.5526334047317505 0.39806419610977173 -0.5385494828224182 0.9999862909317017
0.5305878520011902 0.39352506399154663 -0.5468676686286926 0.9999880790710449
0.6044673323631287 0.47812992334365845 -0.25613194704055786 0.9999911785125732
0.4593503177165985 0.4932430684566498 -0.20003952085971832 0.9998916387557983
0.6426607370376587 0.6868643760681152 -0.41397541761398315 0.9984591007232666
0.4262208044528961 0.7147069573402405 0.004729495849460363 0.9100281000137329
0.61175537109375 0.5061898231506348 -0.7589334845542908 0.9962338805198669
0.419678270816803 0.888244092464447 0.05121597275137901 0.5741479992866516
0.5978974103927612 0.45809903740882874 -0.8303711414337158 0.9867650270462036
0.41692912578582764 0.9290976524353027 0.06011210009455681 0.40987929701805115
0.5950173139572144 0.44136860966682434 -0.8105365037918091 0.9870455265045166
0.421114444732666 0.9353041052818298 0.015335088595747948 0.43823105096817017
0.5957269668579102 0.45650872588157654 -0.7571932077407837 0.9762335419654846
0.4259508550167084 0.9198323488235474 0.038703083992004395 0.4444640278816223
0.5944080352783203 0.8210890293121338 -0.005156250204890966 0.9965233206748962
0.4873850643634796 0.8322591185569763 0.005938509479165077 0.9944455623626709
0.6518630981445312 1.0107403993606567 -0.25919023156166077 0.8976073861122131
0.4544493854045868 1.096290946006775 -0.2674631178379059 0.8693792223930359
0.6220600008964539 1.3283618688583374 0.08022972196340561 0.16781918704509735
0.4609394371509552 1.344099998474121 0.07403772324323654 0.174092099070549
0.6150438189506531 1.366626262664795 0.10768818110227585 0.22383089363574982
0.4635968506336212 1.380535364151001 0.1007111594080925 0.2253536432981491
0.6176939010620117 1.4238643646240234 -0.07867752760648727 0.06510486453771591
0.46293094754219055 1.4376399517059326 -0.09883344173431396 0.06605912744998932
