0.5471929907798767 0.3859330415725708 -0.7242817282676697 0.9999872446060181
0.5554222464561462 0.356218159198761 -0.699970006942749 0.9999798536300659
0.560306191444397 0.35515743494033813 -0.7000367641448975 0.9999886751174927
0.5653769969940186 0.3537209630012512 -0.7004064321517944 0.9999829530715942
0.5363645553588867 0.3563176393508911 -0.7019920349121094 0.9999662637710571
0.5281717777252197 0.35578203201293945 -0.7020636200904846 0.9999680519104004
0.5216375589370728 0.3555189371109009 -0.7021825313568115 0.9999370574951172
0.57122802734375 0.3567259907722473 -0.4906194806098938 0.9999908208847046
0.5112069845199585 0.3612116575241089 -0.5019537210464478 0.9999926090240479
0.5562785267829895 0.412028431892395 -0.6385686993598938 0.9999939203262329
0.5327205657958984 0.41179466247558594 -0.6426868438720703 0.9999938011169434
0.6049938797950745 0.4719683527946472 -0.32295459508895874 0.9999933242797852
0.46356502175331116 0.4915103614330292 -0.253704309463501 0.9999381303787231
0.6455230116844177 0.636491060256958 -0.49271267652511597 0.99817955493927
0.43068328499794006 0.6947240829467773 -0.02308790199458599 0.9386446475982666
0.5957080721855164 0.440255343914032 -0.8447345495223999 0.9961528182029724
0.4189010262489319 0.8671335577964783 0.047192659229040146 0.6700322031974792
0.5876430869102478 0.389712393283844 -0.920779824256897 0.9832610487937927
0.41523924469947815 0.917384922504425 0.06269916146993637 0.470909059047699
0.5861566066741943 0.37766820192337036 -0.8977787494659424 0.9834765195846558
0.4208337664604187 0.9233763217926025 0.010623136535286903 0.49523258209228516
0.5838123559951782 0.3964775800704956 -0.8421466946601868 0.9680950045585632
0.42326217889785767 0.907850444316864 0.03272869437932968 0.4768686592578888
0.593224287033081 0.828539252281189 -0.004471653141081333 0.9966549873352051
0.48961442708969116 0.8351590037345886 0.005087731406092644 0.9937421679496765
0.6538064479827881 0.9860734939575195 -0.41812655329704285 0.9598299860954285
0.45069941878318787 1.0618082284927368 -0.34151142835617065 0.9177815914154053
0.6258878707885742 1.2810834646224976 -0.04298224672675133 0.4333221912384033
0.46138232946395874 1.3005045652389526 0.018555182963609695 0.35577458143234253
0.6142823696136475 1.319291353225708 -0.011972581967711449 0.4783262312412262
0.46764594316482544 1.33443021774292 0.0461919791996479 0.3459937870502472
0.6331322193145752 1.3736793994903564 -0.20951488614082336 0.23122209310531616
0.4576205015182495 1.3962763547897339 -0.1674279123544693 0.15069805085659027
