0.5464307069778442 0.3789965510368347 -0.7026099562644958 0.9999812841415405
0.5562238693237305 0.3519309163093567 -0.675561785697937 0.9999675750732422
0.5615540742874146 0.3516877293586731 -0.6756417751312256 0.9999802112579346
0.5667476654052734 0.3513590693473816 -0.6759830117225647 0.9999704360961914
0.5366519093513489 0.34940105676651 -0.6778173446655273 0.9999549388885498
0.5288317799568176 0.3474053740501404 -0.6778990030288696 0.9999586343765259
0.5223487019538879 0.3455847501754761 -0.6780375242233276 0.9999231100082397
0.5738860368728638 0.3566931486129761 -0.4643588662147522 0.9999830722808838
0.5115669369697571 0.35000383853912354 -0.47680941224098206 0.9999904632568359
0.5560098886489868 0.4087054133415222 -0.6175483465194702 0.9999895095825195
0.531758189201355 0.40849173069000244 -0.6219186782836914 0.999991774559021
0.6061155200004578 0.47612327337265015 -0.31389757990837097 0.9999878406524658
0.46086254715919495 0.4943852126598358 -0.24162830412387848 0.9999338388442993
0.6441074013710022 0.646958589553833 -0.5030667185783386 0.9982419013977051
0.42774155735969543 0.6977543234825134 -0.06570808589458466 0.9355274438858032
0.5927419066429138 0.4468159079551697 -0.8619886636734009 0.9960527420043945
0.4178585410118103 0.8765954971313477 -0.07044051587581635 0.6445912718772888
0.5830876231193542 0.39674466848373413 -0.9413707852363586 0.9832940101623535
0.412043035030365 0.9265218377113342 -0.06874922662973404 0.4508623480796814
0.5841188430786133 0.38313424587249756 -0.9131388068199158 0.9833138585090637
0.4188941419124603 0.932558000087738 -0.11971339583396912 0.477174311876297
0.5819889307022095 0.4018899202346802 -0.8578775525093079 0.9670574069023132
0.42345359921455383 0.9170161485671997 -0.08696655929088593 0.4580099582672119
0.5925877690315247 0.8291124701499939 -0.008229515515267849 0.9939523339271545
0.4891848564147949 0.8338204622268677 0.008810796774923801 0.9915380477905273
0.6517398357391357 1.00099515914917 -0.3944232761859894 0.9272302985191345
0.4435235559940338 1.0525027513504028 -0.4071367084980011 0.901474118232727
0.6271395087242126 1.2897753715515137 -0.008131701499223709 0.31355032324790955
0.4571690857410431 1.2965425252914429 -0.06884051859378815 0.31785890460014343
0.6170670390129089 1.3274935483932495 0.02278607338666916 0.34877315163612366
0.46331337094306946 1.3323781490325928 -0.04339916259050369 0.3309595286846161
0.6338418126106262 1.3807700872421265 -0.17094768583774567 0.14546653628349304
0.4527742564678192 1.3902064561843872 -0.25518080592155457 0.13893169164657593
