0.5463113188743591 0.3588126301765442 -0.578486979007721 0.9999691247940063
0.556477963924408 0.3323894143104553 -0.5501640439033508 0.9999607801437378
0.5622079968452454 0.33242470026016235 -0.5503100752830505 0.9999769926071167
0.5676593780517578 0.3325800895690918 -0.5506065487861633 0.9999678134918213
0.5363776087760925 0.33174580335617065 -0.553324818611145 0.9999313354492188
0.5278295874595642 0.3318149447441101 -0.553405225276947 0.9999388456344604
0.5205017924308777 0.3318185806274414 -0.5535549521446228 0.9998810291290283
0.5738012790679932 0.34483492374420166 -0.36080196499824524 0.9999854564666748
0.5103031396865845 0.34648680686950684 -0.3766585886478424 0.9999749660491943
0.55531907081604 0.389522910118103 -0.5056004524230957 0.9999939203262329
0.5312352180480957 0.38863152265548706 -0.5106275081634521 0.999992847442627
0.6085225343704224 0.49237489700317383 -0.23566403985023499 0.9999902248382568
0.46243953704833984 0.4874248802661896 -0.19521266222000122 0.9998867511749268
0.6371469497680664 0.7060471773147583 -0.42371073365211487 0.9976276755332947
0.42605477571487427 0.6942625045776367 -0.12021023780107498 0.9656733274459839
0.6084862351417542 0.6016416549682617 -0.8358905911445618 0.9949302077293396
0.4155607521533966 0.8776163458824158 -0.2280603051185608 0.7260646224021912
0.5970791578292847 0.580215334892273 -0.9196591973304749 0.9840165376663208
0.4080717861652374 0.9267570972442627 -0.2475544512271881 0.5770542621612549
0.5956507921218872 0.546107828617096 -0.9027599692344666 0.9844167828559875
0.4150981903076172 0.9350169897079468 -0.2884926199913025 0.6011927127838135
0.5959224700927734 0.5498543977737427 -0.8359723687171936 0.9684357643127441
0.41979724168777466 0.9173471927642822 -0.24335947632789612 0.5629218220710754
0.5902663469314575 0.8255830407142639 0.0013979909708723426 0.9962124824523926
0.48700854182243347 0.8260863423347473 -0.0008146192994900048 0.989861011505127
0.6512689590454102 0.9907626509666443 -0.46136608719825745 0.9328106045722961
0.4432762861251831 1.019938588142395 -0.2821212708950043 0.8884803056716919
0.6246214509010315 1.2829570770263672 -0.0881275162100792 0.43600091338157654
0.46636873483657837 1.3060874938964844 0.018072597682476044 0.39448440074920654
0.6145862936973572 1.315443992614746 -0.05880633369088173 0.45837363600730896
0.47052475810050964 1.3408833742141724 0.03810684755444527 0.3128054440021515
0.6300156712532043 1.3797520399093628 -0.25820013880729675 0.23937998712062836
0.4655977785587311 1.3982553482055664 -0.17010119557380676 0.168426513671875
