0.5525854229927063 0.33025485277175903 -0.5025519132614136 0.9999703168869019
0.5607020258903503 0.30883312225341797 -0.4742062985897064 0.9999628067016602
0.5657097101211548 0.3091955780982971 -0.47433313727378845 0.9999735355377197
0.5706949830055237 0.30975866317749023 -0.474571168422699 0.9999628067016602
0.5433415174484253 0.30832111835479736 -0.47695890069007874 0.9999396800994873
0.5375312566757202 0.30863893032073975 -0.47694826126098633 0.9999396800994873
0.5320333242416382 0.3086944818496704 -0.4770073890686035 0.9998992681503296
0.5772259831428528 0.32245004177093506 -0.3014432191848755 0.9999760389328003
0.5225667357444763 0.323445200920105 -0.3164331316947937 0.999963641166687
0.562428891658783 0.3568211495876312 -0.43812569975852966 0.9999961853027344
0.540995180606842 0.35552236437797546 -0.442688524723053 0.9999958276748657
0.6120447516441345 0.4725203812122345 -0.20860978960990906 0.999994158744812
0.4797850251197815 0.47598960995674133 -0.1913357675075531 0.9999650716781616
0.6394892930984497 0.6691901683807373 -0.37805816531181335 0.9966915845870972
0.452218234539032 0.6808542013168335 -0.13130323588848114 0.9739583730697632
0.6126821041107178 0.5964009165763855 -0.7432957291603088 0.9960164427757263
0.41774263978004456 0.8529698848724365 -0.2666177749633789 0.927143931388855
0.5960381627082825 0.5693088173866272 -0.8139761686325073 0.9894717335700989
0.40545880794525146 0.910264253616333 -0.29601916670799255 0.889517605304718
0.5957804918289185 0.5383756160736084 -0.8025673627853394 0.989165723323822
0.4122981131076813 0.9137026071548462 -0.3343147337436676 0.9010342359542847
0.5966104865074158 0.5391746759414673 -0.7448118925094604 0.9810312390327454
0.4179800748825073 0.896379292011261 -0.28298017382621765 0.8878782391548157
0.5887476801872253 0.7824814915657043 0.015569406561553478 0.9993438124656677
0.49591967463493347 0.7807895541191101 -0.015230071730911732 0.9987342953681946
0.6342132687568665 0.971606433391571 -0.3503913879394531 0.7508972883224487
0.48925966024398804 0.9910043478012085 -0.3640706241130829 0.6944766640663147
0.6121038794517517 1.019713044166565 0.1452750563621521 0.025489425286650658
0.5143706798553467 1.0653473138809204 0.07926034927368164 0.02478577196598053
0.6080549955368042 1.0121479034423828 0.19553424417972565 0.06380052864551544
0.5161174535751343 1.0692728757858276 0.12237810343503952 0.029899518936872482
0.6007293462753296 1.0867977142333984 0.11412009596824646 0.022070130333304405
0.5338023900985718 1.1312403678894043 0.007873223163187504 0.02030504122376442
