0.5563914179801941 0.32850223779678345 -0.3040056824684143 0.9999852180480957
0.5632009506225586 0.3091133236885071 -0.2706802189350128 0.9999775886535645
0.5676968097686768 0.31033170223236084 -0.27081191539764404 0.9999799728393555
0.5728685259819031 0.31169581413269043 -0.2710201144218445 0.9999779462814331
0.5462591052055359 0.3065871596336365 -0.27381739020347595 0.9999741315841675
0.5390808582305908 0.3067176342010498 -0.2737902104854584 0.9999721050262451
0.5333296060562134 0.3076617121696472 -0.2738538086414337 0.9999685287475586
0.5780242681503296 0.3251875638961792 -0.10007317364215851 0.999982476234436
0.5224583148956299 0.3237612247467041 -0.11705408245325089 0.9999842643737793
0.5644388198852539 0.3568165898323059 -0.24104025959968567 0.9999959468841553
0.5435246229171753 0.35508400201797485 -0.24631957709789276 0.9999970197677612
0.6084758043289185 0.4651813805103302 -0.06243579089641571 0.9999849796295166
0.47859522700309753 0.47862452268600464 -0.006930538918823004 0.9999399185180664
0.6396375894546509 0.627265214920044 -0.2812947928905487 0.9984857439994812
0.45158058404922485 0.6772372126579285 0.02029266767203808 0.959349513053894
0.5636216998100281 0.48028722405433655 -0.5795996189117432 0.997600257396698
0.4192330241203308 0.8492143154144287 -0.11281593888998032 0.9201376438140869
0.5421222448348999 0.4504411220550537 -0.6472777128219604 0.9914229512214661
0.40811604261398315 0.9094390273094177 -0.14023514091968536 0.8737497925758362
0.5407027006149292 0.43563881516456604 -0.612260639667511 0.990602970123291
0.41385090351104736 0.9118912220001221 -0.1783461719751358 0.8812440633773804
0.5455700755119324 0.44250035285949707 -0.5711197257041931 0.9837216734886169
0.4194153845310211 0.8958335518836975 -0.12942160665988922 0.8685176372528076
0.5906449556350708 0.7859421968460083 4.5314816816244274e-05 0.9989619255065918
0.4960351288318634 0.7857986092567444 0.0003255995979998261 0.997921884059906
0.6317360997200012 0.9653022885322571 -0.5160854458808899 0.8818658590316772
0.4860956370830536 0.910915195941925 -0.5493539571762085 0.7508724331855774
0.6120975017547607 1.0560754537582397 -0.12193033844232559 0.09715600311756134
0.5054545402526855 1.0896151065826416 -0.2124287486076355 0.11109020560979843
0.606577455997467 1.0604526996612549 -0.08243910223245621 0.17072102427482605
0.5101040005683899 1.110813856124878 -0.18020208179950714 0.12460538744926453
0.6082384586334229 1.1238558292388916 -0.19462622702121735 0.08477728068828583
0.5127341151237488 1.1630123853683472 -0.3331715166568756 0.07461126893758774
