0.5524670481681824 0.33112579584121704 -0.4709157347679138 0.9999316930770874
0.5588369369506836 0.3094615340232849 -0.4417853057384491 0.9998654127120972
0.5627683997154236 0.3106907606124878 -0.44191238284111023 0.9998959302902222
0.5672601461410522 0.3124391436576843 -0.44213077425956726 0.9998475313186646
0.5423619151115417 0.3075414299964905 -0.44533857703208923 0.9998441934585571
0.5361905694007874 0.307567834854126 -0.4453292787075043 0.9998582601547241
0.5303347110748291 0.30835604667663574 -0.44540128111839294 0.999774158000946
0.5730395913124084 0.32671451568603516 -0.27160531282424927 0.9999043941497803
0.5194016098976135 0.326490581035614 -0.2893448770046234 0.9999310970306396
0.5611841082572937 0.3567752540111542 -0.40707242488861084 0.9999877214431763
0.5403226017951965 0.35554784536361694 -0.41261371970176697 0.999990701675415
0.6053078770637512 0.4602837562561035 -0.20821698009967804 0.9999845027923584
0.4765379726886749 0.47753867506980896 -0.16902144253253937 0.9999392032623291
0.6403406262397766 0.6241235733032227 -0.4219318628311157 0.9988983869552612
0.4516996145248413 0.6764849424362183 -0.1344093233346939 0.9709501266479492
0.5694726705551147 0.46820056438446045 -0.7323273420333862 0.9975256323814392
0.4189041554927826 0.850494384765625 -0.2681981921195984 0.9226253032684326
0.5480058789253235 0.43778008222579956 -0.8005902767181396 0.9912253022193909
0.40766286849975586 0.9081501364707947 -0.29543742537498474 0.8925899863243103
0.5476791262626648 0.42268869280815125 -0.7688044309616089 0.9902143478393555
0.41223156452178955 0.9128026366233826 -0.3354891538619995 0.9008763432502747
0.5529370903968811 0.4321020245552063 -0.7250208258628845 0.9818480014801025
0.417728066444397 0.8941290974617004 -0.28527581691741943 0.8826342225074768
0.5892476439476013 0.7792054414749146 0.006536130793392658 0.9994613528251648
0.4972884953022003 0.7790546417236328 -0.006377070210874081 0.9985132813453674
0.6304401755332947 0.9560441970825195 -0.4706920385360718 0.8680397868156433
0.48934754729270935 0.9445709586143494 -0.4784507155418396 0.7004013061523438
0.6076174974441528 1.0045280456542969 -0.014761612750589848 0.06851008534431458
0.5004529356956482 1.0231691598892212 -0.04740301892161369 0.03356226533651352
0.6025953888893127 0.9986230731010437 0.032326839864254 0.12292340397834778
0.5018608570098877 1.0279409885406494 -0.0046377722173929214 0.04944968223571777
0.5993019342422485 1.0669373273849487 -0.054171379655599594 0.06285937875509262
0.5099551677703857 1.0810719728469849 -0.1128721609711647 0.02779463119804859
