0.5461217164993286 0.33249661326408386 -0.5654173493385315 0.9999804496765137
0.5534177422523499 0.3109924793243408 -0.5367882251739502 0.9999594688415527
0.5580341815948486 0.31091398000717163 -0.5368768572807312 0.9999665021896362
0.5623114705085754 0.3110753893852234 -0.5371103286743164 0.9999535083770752
0.5365862250328064 0.3123100996017456 -0.5414926409721375 0.9999513626098633
0.5308568477630615 0.31304746866226196 -0.5414754748344421 0.9999517202377319
0.5251873731613159 0.3137112855911255 -0.5415209531784058 0.9999198913574219
0.5683552622795105 0.32386207580566406 -0.35987916588783264 0.999970555305481
0.5167474150657654 0.3284651041030884 -0.3827880024909973 0.9999780654907227
0.5553396940231323 0.35875773429870605 -0.49876701831817627 0.9999973773956299
0.5353313684463501 0.35808297991752625 -0.5058290958404541 0.9999974966049194
0.6036689877510071 0.4686650335788727 -0.27512648701667786 0.9999948740005493
0.4768434166908264 0.48442986607551575 -0.24968081712722778 0.9999632835388184
0.6619641780853271 0.6308420896530151 -0.4935862720012665 0.999569833278656
0.45108523964881897 0.6839401721954346 -0.21598456799983978 0.9641278982162476
0.605732798576355 0.4669056832790375 -0.809597373008728 0.9982026815414429
0.4175907373428345 0.8566155433654785 -0.3486630320549011 0.8805364370346069
0.5904455780982971 0.4361717998981476 -0.8743939995765686 0.9917970895767212
0.40480396151542664 0.9146385192871094 -0.3741942346096039 0.8353149890899658
0.5845892429351807 0.42602863907814026 -0.8415985703468323 0.9903608560562134
0.41107070446014404 0.9188984036445618 -0.41551193594932556 0.8450623750686646
0.5861260890960693 0.43379637598991394 -0.8017706274986267 0.9824438691139221
0.4172601103782654 0.9004680514335632 -0.36625269055366516 0.8229523301124573
0.589033842086792 0.7783825397491455 0.00351692084223032 0.9996521472930908
0.4971398115158081 0.7760756611824036 -0.0034169477876275778 0.9993181228637695
0.6278451085090637 0.9536615610122681 -0.417578786611557 0.8183944821357727
0.48061105608940125 0.9347068071365356 -0.4485810697078705 0.7324747443199158
0.6041902899742126 0.977821946144104 0.0806976854801178 0.03880026564002037
0.4917013943195343 1.0013444423675537 0.022704394534230232 0.04039217531681061
0.6000049114227295 0.9697250723838806 0.13175362348556519 0.08556880801916122
0.493876188993454 1.0036495923995972 0.06963654607534409 0.05864989385008812
0.5997477769851685 1.033334493637085 0.05676708370447159 0.03947710245847702
0.4978508949279785 1.0591075420379639 -0.027565909549593925 0.03498927503824234
