0.5469586849212646 0.32760071754455566 -0.45626747608184814 0.9999953508377075
0.5574848651885986 0.30709177255630493 -0.4228392243385315 0.9999895095825195
0.5626913905143738 0.30784523487091064 -0.42290839552879333 0.9999916553497314
0.5673291683197021 0.3084130883216858 -0.423105925321579 0.9999854564666748
0.5397592186927795 0.30653244256973267 -0.42722660303115845 0.9999839067459106
0.534320056438446 0.30658674240112305 -0.42728179693222046 0.9999871253967285
0.5292856693267822 0.30748915672302246 -0.4273560643196106 0.9999773502349854
0.5753025412559509 0.3243270516395569 -0.23574380576610565 0.9999868869781494
0.5228093862533569 0.3239738941192627 -0.25965574383735657 0.9999934434890747
0.5582517385482788 0.3549693524837494 -0.3879534900188446 0.9999990463256836
0.5360246300697327 0.35232242941856384 -0.39536693692207336 0.9999992847442627
0.6127035617828369 0.47748956084251404 -0.12560072541236877 0.9999871253967285
0.48038196563720703 0.4834652245044708 -0.14559563994407654 0.999950647354126
0.6546769738197327 0.668904185295105 -0.3182879090309143 0.9972455501556396
0.4518241286277771 0.6854786276817322 -0.1325472593307495 0.9675272107124329
0.6266797780990601 0.519642174243927 -0.6653370261192322 0.9942334294319153
0.41803649067878723 0.8552713394165039 -0.27561479806900024 0.9171995520591736
0.6175787448883057 0.48239779472351074 -0.7309938073158264 0.9785933494567871
0.40469831228256226 0.9078505039215088 -0.3005181849002838 0.8666220903396606
0.6135241985321045 0.4645563066005707 -0.7062857747077942 0.9772108793258667
0.4127182960510254 0.9102753400802612 -0.3404132127761841 0.8770033121109009
0.6124846935272217 0.47426271438598633 -0.6617345213890076 0.962257444858551
0.4188923239707947 0.8949397802352905 -0.2913604974746704 0.8538414239883423
0.58890300989151 0.7826576828956604 0.0137513168156147 0.9993370175361633
0.4969974756240845 0.7788069844245911 -0.01350849773734808 0.9977940320968628
0.6334866881370544 0.9565832018852234 -0.5831711888313293 0.7816580533981323
0.4811095595359802 0.9304285645484924 -0.5692099928855896 0.6241649985313416
0.6075371503829956 1.0777363777160645 -0.2119077742099762 0.06280792504549026
0.49666085839271545 1.0752601623535156 -0.21574480831623077 0.04288991913199425
0.6008669137954712 1.0913193225860596 -0.17855939269065857 0.17869195342063904
0.4996570944786072 1.0947121381759644 -0.18584248423576355 0.06470193713903427
0.6023505330085754 1.1455793380737305 -0.3238512873649597 0.0711955651640892
0.5075350403785706 1.1456859111785889 -0.3509674370288849 0.04019837826490402
