0.5687217116355896 0.39109742641448975 -0.3135818839073181 0.9999985694885254
0.5764164328575134 0.3680317997932434 -0.28608402609825134 0.9999948740005493
0.5812545418739319 0.3680024743080139 -0.28622180223464966 0.9999967813491821
0.5858847498893738 0.36842310428619385 -0.28628429770469666 0.9999932050704956
0.5606736540794373 0.36927008628845215 -0.2887074649333954 0.9999939203262329
0.5547643303871155 0.369656503200531 -0.28870731592178345 0.9999958276748657
0.5489845871925354 0.36978739500045776 -0.2888592481613159 0.9999910593032837
0.5928314924240112 0.3817174732685089 -0.13555365800857544 0.9999957084655762
0.5399536490440369 0.3819543719291687 -0.14726074039936066 0.9999964237213135
0.576141893863678 0.4197775423526764 -0.2584121823310852 0.9999983310699463
0.5571005940437317 0.41852113604545593 -0.2623913288116455 0.9999980926513672
0.6261771321296692 0.5461146235466003 -0.04133068397641182 0.9999634027481079
0.5003107190132141 0.535301685333252 -0.0656462088227272 0.9999129772186279
0.6562315821647644 0.7024402022361755 -0.07963813841342926 0.9807944893836975
0.4842272698879242 0.6876096725463867 -0.18650083243846893 0.9809466004371643
0.7138527631759644 0.7940605878829956 -0.32407107949256897 0.9918206930160522
0.4544641375541687 0.7915740609169006 -0.5120289921760559 0.9845349788665771
0.7324243187904358 0.8027342557907104 -0.36929041147232056 0.9772827625274658
0.44238966703414917 0.8125525116920471 -0.564822256565094 0.967513918876648
0.7352196574211121 0.7945143580436707 -0.395685076713562 0.9827389717102051
0.44035446643829346 0.8022311925888062 -0.5938696265220642 0.97589510679245
0.7249950766563416 0.7958124279975891 -0.3404157757759094 0.985293984413147
0.44865068793296814 0.7990461587905884 -0.531210720539093 0.9780606627464294
0.6128483414649963 0.8532107472419739 0.005455235484987497 0.9984005093574524
0.521680474281311 0.8633481860160828 -0.004374587442725897 0.9981415271759033
0.6164229512214661 1.0854249000549316 -0.21380743384361267 0.3146856129169464
0.5127052068710327 1.1102890968322754 -0.16409413516521454 0.20902866125106812
0.621175229549408 1.2865757942199707 0.04452177509665489 0.0016686725430190563
0.5215531587600708 1.304426670074463 0.1350274384021759 0.0017905521672219038
0.624973714351654 1.3261690139770508 0.06245485320687294 0.005603174678981304
0.5218396186828613 1.3395612239837646 0.15802989900112152 0.002329808659851551
0.6064477562904358 1.3624513149261475 -0.09621147066354752 0.0018473046366125345
0.5316243171691895 1.375486135482788 0.0005703838542103767 0.0019477236783131957
