0.5679752826690674 0.3870653212070465 -0.3148341476917267 0.9999986886978149
0.5769479870796204 0.3659263253211975 -0.28592464327812195 0.9999970197677612
0.5814958214759827 0.36651504039764404 -0.2859400808811188 0.999997615814209
0.5865595936775208 0.36707133054733276 -0.28591808676719666 0.9999954700469971
0.5597026348114014 0.3656665086746216 -0.28771865367889404 0.9999966621398926
0.5528379082679749 0.36647897958755493 -0.287704735994339 0.9999974966049194
0.5470719933509827 0.3672950267791748 -0.28782331943511963 0.9999953508377075
0.5936475992202759 0.3822052776813507 -0.1325511783361435 0.9999970197677612
0.5402457118034363 0.3822370171546936 -0.13935799896717072 0.9999974966049194
0.5758252739906311 0.4163254499435425 -0.26061543822288513 0.999998927116394
0.5553340911865234 0.41438809037208557 -0.26281195878982544 0.9999988079071045
0.6272388696670532 0.5475366115570068 -0.043694134801626205 0.9999850988388062
0.5020702481269836 0.538647472858429 -0.06100740283727646 0.999956488609314
0.6586809158325195 0.7140936255455017 -0.09672535210847855 0.9962438344955444
0.47059985995292664 0.7328185439109802 -0.1809985637664795 0.9945230484008789
0.701731264591217 0.7593592405319214 -0.3703685700893402 0.997028648853302
0.45856788754463196 0.7598403096199036 -0.5203911066055298 0.9950513243675232
0.7166171669960022 0.7719258666038513 -0.425100177526474 0.9896336793899536
0.45450782775878906 0.7863287925720215 -0.5785710215568542 0.9878828525543213
0.7199947834014893 0.7534233331680298 -0.4435858726501465 0.9909849166870117
0.45851463079452515 0.7659295201301575 -0.5974676012992859 0.9905259609222412
0.7122277617454529 0.7521756291389465 -0.3844398260116577 0.9928386807441711
0.46214449405670166 0.758199155330658 -0.5351671576499939 0.9923633337020874
0.614186704158783 0.8515030741691589 0.0020821129437536 0.9993259906768799
0.5242017507553101 0.8622285723686218 -0.0005920290714129806 0.9989398121833801
0.6199651956558228 1.1020694971084595 -0.06737702339887619 0.10718323290348053
0.524617075920105 1.1079212427139282 0.08765183389186859 0.03405585512518883
0.6211382150650024 1.2953689098358154 0.25427180528640747 0.0001504127139924094
0.5207452774047852 1.2974164485931396 0.41428282856941223 0.00017342735372949392
0.6244018077850342 1.3330845832824707 0.27771997451782227 0.000589270843192935
0.5170065760612488 1.3360164165496826 0.4390982389450073 0.0003220739890821278
0.6063744425773621 1.3762636184692383 0.1146312728524208 0.0001530271110823378
0.5319980382919312 1.3725003004074097 0.26916804909706116 0.00030124152544885874
