0.5676882266998291 0.3796999752521515 -0.1792626529932022 0.9999996423721313
0.5777856707572937 0.36078906059265137 -0.15039508044719696 0.9999992847442627
0.5828279852867126 0.3608807623386383 -0.15046852827072144 0.999998927116394
0.5879500508308411 0.3618209660053253 -0.1505821794271469 0.999998927116394
0.5596215724945068 0.36209636926651 -0.15220865607261658 0.9999992847442627
0.5528632402420044 0.363292932510376 -0.15221813321113586 0.9999990463256836
0.5473712086677551 0.3645908534526825 -0.15229731798171997 0.9999992847442627
0.5971350073814392 0.3780464828014374 -0.022389989346265793 0.999998927116394
0.5406931042671204 0.37885114550590515 -0.03185907006263733 0.9999994039535522
0.5768295526504517 0.41254979372024536 -0.1343563199043274 0.9999998807907104
0.5555362701416016 0.4108554422855377 -0.13698290288448334 0.9999998807907104
0.6270332932472229 0.5458216667175293 0.015491562895476818 0.9999923706054688
0.5007830858230591 0.5283828973770142 0.002575857099145651 0.9999712705612183
0.6556826829910278 0.7170579433441162 -0.015743862837553024 0.9970398545265198
0.4587836265563965 0.6977990865707397 -0.06564708799123764 0.99491947889328
0.6613968014717102 0.790595531463623 -0.1971295177936554 0.9964392781257629
0.4850025773048401 0.777096152305603 -0.27278000116348267 0.9940299987792969
0.6683722734451294 0.8392184376716614 -0.24422447383403778 0.9909077882766724
0.48528236150741577 0.8237136006355286 -0.31583160161972046 0.9872773289680481
0.6512049436569214 0.8265501260757446 -0.2638152241706848 0.9914930462837219
0.501181960105896 0.8132498264312744 -0.32827964425086975 0.9873780608177185
0.6459184885025024 0.8099194765090942 -0.2069798856973648 0.9906706809997559
0.5039234757423401 0.7969536185264587 -0.2789718210697174 0.9842768907546997
0.600808322429657 0.8279848098754883 0.012953471392393112 0.9997730851173401
0.5183632373809814 0.8300719857215881 -0.012797498144209385 0.9998132586479187
0.6361299753189087 0.9992143511772156 -0.29326945543289185 0.8661872744560242
0.4985329508781433 0.9760569334030151 -0.3582543432712555 0.8675142526626587
0.6131013035774231 1.116159439086914 0.0420987606048584 0.09030353277921677
0.5233311057090759 1.1493370532989502 -0.048927176743745804 0.14616771042346954
0.6044818162918091 1.1295418739318848 0.07249576598405838 0.21698129177093506
0.5301780700683594 1.1691505908966064 -0.0189850851893425 0.11991101503372192
0.6210249066352844 1.1960781812667847 -0.008694931864738464 0.07964509725570679
0.5253841876983643 1.241194248199463 -0.12028072774410248 0.09998255223035812
