0.5672098398208618 0.38046887516975403 -0.32394033670425415 0.9999997615814209
0.5775179266929626 0.36138707399368286 -0.29506999254226685 0.9999991655349731
0.582630455493927 0.36132705211639404 -0.2951259911060333 0.9999990463256836
0.5877906680107117 0.36213794350624084 -0.29523155093193054 0.9999988079071045
0.5591831803321838 0.36284416913986206 -0.2976694703102112 0.9999991655349731
0.5523855090141296 0.36400100588798523 -0.297772079706192 0.9999992847442627
0.5470873713493347 0.3652612566947937 -0.2979074716567993 0.9999991655349731
0.5973140001296997 0.3789021074771881 -0.15451043844223022 0.9999991655349731
0.5409372448921204 0.3790926933288574 -0.1681087613105774 0.9999996423721313
0.5764837265014648 0.41288888454437256 -0.2740291655063629 0.9999998807907104
0.5553533434867859 0.41119644045829773 -0.27790340781211853 1.0
0.6267591118812561 0.5472230315208435 -0.0863594338297844 0.9999892711639404
0.501474916934967 0.5288629531860352 -0.11603385955095291 0.999958872795105
0.6564435958862305 0.7152689099311829 -0.11181410402059555 0.9990447163581848
0.46469199657440186 0.7010268568992615 -0.18009796738624573 0.996369481086731
0.6533384323120117 0.8049201965332031 -0.2717674970626831 0.9960022568702698
0.4903907775878906 0.7938967943191528 -0.3749787509441376 0.9922782182693481
0.6607999801635742 0.8581807613372803 -0.31579405069351196 0.9869982600212097
0.4892391264438629 0.8401694893836975 -0.4226682782173157 0.9792993664741516
0.6431257128715515 0.844851016998291 -0.33205538988113403 0.9885786771774292
0.5073702931404114 0.8332005739212036 -0.4347490072250366 0.9812798500061035
0.6377042531967163 0.8289108872413635 -0.28009966015815735 0.9876284599304199
0.5110867023468018 0.8180170655250549 -0.38168299198150635 0.9775696396827698
0.6002070307731628 0.8181995153427124 0.016727587208151817 0.9996722936630249
0.5189105272293091 0.8225390315055847 -0.016386445611715317 0.999792754650116
0.6239464282989502 1.0308527946472168 -0.2207474410533905 0.9078764915466309
0.5115363001823425 0.9678733348846436 -0.38503316044807434 0.9453842639923096
0.6102556586265564 1.171506643295288 0.12248743325471878 0.18915443122386932
0.5198580622673035 1.1748504638671875 -0.04642266035079956 0.5228827595710754
0.6055572032928467 1.1923798322677612 0.1495111882686615 0.3727398216724396
0.521622359752655 1.2055373191833496 -0.01669417694211006 0.3773374855518341
0.6124827861785889 1.2518351078033447 0.03005639836192131 0.14891932904720306
0.5246089100837708 1.2570642232894897 -0.15467198193073273 0.39265215396881104
