0.5655319094657898 0.3701639771461487 -0.3750579059123993 0.999992847442627
0.5764097571372986 0.35393792390823364 -0.34778451919555664 0.9999791383743286
0.5811325311660767 0.35471346974372864 -0.3478052020072937 0.9999842643737793
0.5861449837684631 0.35572096705436707 -0.34785404801368713 0.9999709129333496
0.5574367642402649 0.3538052439689636 -0.3458501100540161 0.9999768733978271
0.5505479574203491 0.3542962670326233 -0.3459611237049103 0.9999842643737793
0.5458821058273315 0.35458773374557495 -0.3461362421512604 0.9999744892120361
0.5951601266860962 0.3742434084415436 -0.2100190371274948 0.9999877214431763
0.5386621952056885 0.37402257323265076 -0.19835296273231506 0.9999840259552002
0.5759714841842651 0.40341871976852417 -0.3260170817375183 0.9999978542327881
0.5520519018173218 0.401859849691391 -0.32336533069610596 0.9999974966049194
0.6282008290290833 0.548072338104248 -0.1458110362291336 0.9998592138290405
0.5017856359481812 0.5377952456474304 -0.12839840352535248 0.9996868371963501
0.6700703501701355 0.7419008016586304 -0.2442607581615448 0.9959438443183899
0.47953590750694275 0.7355137467384338 -0.25194403529167175 0.9847907423973083
0.6191667914390564 0.7616721391677856 -0.4841233789920807 0.9852016568183899
0.5156497955322266 0.7456110715866089 -0.5352540612220764 0.9769911170005798
0.6096740961074829 0.7890089750289917 -0.5422449111938477 0.9151806235313416
0.5261666178703308 0.7738984227180481 -0.5909043550491333 0.9291107058525085
0.6025018692016602 0.7721287608146667 -0.530010461807251 0.9234411716461182
0.5344443917274475 0.7552255988121033 -0.5863668322563171 0.9377712607383728
0.602036714553833 0.756544291973114 -0.48238664865493774 0.9348584413528442
0.5340279340744019 0.7421452403068542 -0.5379533767700195 0.9371060729026794
0.6066036820411682 0.8417612314224243 -0.0074872770346701145 0.9976154565811157
0.5223660469055176 0.8445491790771484 0.008625832386314869 0.9971646666526794
0.6121795177459717 1.0737971067428589 -0.2381121814250946 0.26750150322914124
0.5107669830322266 1.065812110900879 -0.061761680990457535 0.17625515162944794
0.6120906472206116 1.2568615674972534 0.10426288098096848 0.0009368092869408429
0.5114020705223083 1.2631908655166626 0.2608138620853424 0.004168850835412741
0.6134964227676392 1.2968523502349854 0.13078756630420685 0.004479468334466219
0.5103625655174255 1.305389642715454 0.2852146029472351 0.002714682137593627
0.5994893908500671 1.3434840440750122 -0.03440496698021889 0.0016090415883809328
0.5176709294319153 1.3433704376220703 0.11741352081298828 0.005217586178332567
