0.5654783844947815 0.3784049153327942 -0.30413419008255005 0.9988017082214355
0.5753231644630432 0.3594067692756653 -0.2793116569519043 0.9975661039352417
0.580223023891449 0.36086031794548035 -0.27933189272880554 0.9975857734680176
0.5851942300796509 0.3624071180820465 -0.27930793166160583 0.9968547821044922
0.5574367046356201 0.3572630286216736 -0.2774227261543274 0.9978310465812683
0.5508783459663391 0.35743188858032227 -0.27763086557388306 0.9981016516685486
0.5462265014648438 0.3581983149051666 -0.27777180075645447 0.9975743889808655
0.5943940281867981 0.3824154734611511 -0.1579100340604782 0.9982207417488098
0.5374177694320679 0.37592601776123047 -0.14534978568553925 0.9978064894676208
0.5740822553634644 0.41008347272872925 -0.261757493019104 0.9994452595710754
0.552230954170227 0.4067915081977844 -0.25891414284706116 0.9990004897117615
0.6262422204017639 0.5426708459854126 -0.1236770823597908 0.9989181756973267
0.4995381534099579 0.5360394716262817 -0.08604981005191803 0.9984666109085083
0.6743248105049133 0.7572169303894043 -0.2675437033176422 0.9990518689155579
0.4662924110889435 0.7462297081947327 -0.27197206020355225 0.9993273019790649
0.5967768430709839 0.6510739326477051 -0.4499116539955139 0.999079704284668
0.5312632322311401 0.6180123090744019 -0.5143455266952515 0.9998735189437866
0.5686838626861572 0.6092166900634766 -0.4835462272167206 0.9936610460281372
0.5530022382736206 0.539699912071228 -0.550940752029419 0.9987354874610901
0.5703131556510925 0.5736826658248901 -0.44200950860977173 0.9924166202545166
0.5502959489822388 0.5315775871276855 -0.5124631524085999 0.9983932375907898
0.5823161602020264 0.5815688967704773 -0.43387460708618164 0.9947417974472046
0.5506173372268677 0.553541898727417 -0.5023202896118164 0.9985836744308472
0.6079164743423462 0.8415960669517517 -0.00641419505700469 0.9996466636657715
0.5232157707214355 0.8420345783233643 0.007432056125253439 0.9995630383491516
0.6089382767677307 1.0638271570205688 -0.06642580032348633 0.12229561060667038
0.5143813490867615 1.0650581121444702 0.10747797787189484 0.23122499883174896
0.6044794321060181 1.246010661125183 0.28113481402397156 1.9123024685541168e-05
0.5127087831497192 1.2390080690383911 0.44129303097724915 0.00010678385297069326
0.6061021089553833 1.2835224866867065 0.31117889285087585 0.00011107116006314754
0.509209930896759 1.2747797966003418 0.47053614258766174 0.00011968687613261864
0.594488799571991 1.3242347240447998 0.1888549029827118 1.8608981918077916e-05
0.519469678401947 1.31521475315094 0.34264689683914185 0.00013162073446437716
