0.5657501816749573 0.382116436958313 -0.18011072278022766 0.9997976422309875
0.5754756927490234 0.3621794581413269 -0.1500748097896576 0.9993898868560791
0.5803271532058716 0.363526314496994 -0.15002718567848206 0.9997207522392273
0.5851438045501709 0.36516907811164856 -0.14992853999137878 0.9994545578956604
0.557951033115387 0.36115115880966187 -0.15290245413780212 0.9992295503616333
0.5511404871940613 0.3616621792316437 -0.15312740206718445 0.9996317625045776
0.5457916259765625 0.36256784200668335 -0.15320970118045807 0.9992110729217529
0.5934427380561829 0.38523662090301514 -0.021173639222979546 0.9998555183410645
0.5370028018951416 0.37820878624916077 -0.03109954111278057 0.9997265934944153
0.5749791264533997 0.41221973299980164 -0.13533712923526764 0.9997547268867493
0.552799642086029 0.40832334756851196 -0.1390165388584137 0.9994956254959106
0.6240761280059814 0.5354317426681519 -0.006931067444384098 0.999830961227417
0.5010709166526794 0.529316246509552 -0.017161991447210312 0.9996583461761475
0.6727140545845032 0.7419679164886475 -0.20885658264160156 0.999790370464325
0.4674786627292633 0.7208002805709839 -0.2241731584072113 0.9997381567955017
0.5921704173088074 0.5935356616973877 -0.41453033685684204 0.9999525547027588
0.5435745120048523 0.5660322904586792 -0.41918039321899414 0.9999903440475464
0.5846884250640869 0.528143048286438 -0.455187052488327 0.9996721744537354
0.5598425269126892 0.5001214146614075 -0.4531558156013489 0.9999109506607056
0.5850657224655151 0.520322322845459 -0.40635043382644653 0.9995995163917542
0.5561410188674927 0.49798351526260376 -0.41483333706855774 0.9998847246170044
0.5838609933853149 0.5407465100288391 -0.3992054760456085 0.9997757077217102
0.5550119280815125 0.519460141658783 -0.4073896110057831 0.9999067783355713
0.6124802231788635 0.8534267544746399 0.014917130582034588 0.9999443292617798
0.5227817893028259 0.8537734150886536 -0.013452587649226189 0.9998922348022461
0.6133015155792236 1.0991973876953125 -0.06494144350290298 0.12020068615674973
0.5213874578475952 1.0917747020721436 0.023875951766967773 0.19699865579605103
0.6089012622833252 1.3009796142578125 0.2628425657749176 3.591374252209789e-06
0.5190756320953369 1.2866308689117432 0.33083751797676086 2.095004492730368e-05
0.6114580035209656 1.3437691926956177 0.29154297709465027 6.506439240183681e-05
0.5134995579719543 1.3280657529830933 0.3579966723918915 4.581857501761988e-05
0.5982761383056641 1.3772578239440918 0.16893823444843292 3.665387339424342e-06
0.533059298992157 1.3588817119598389 0.22087454795837402 2.675488758541178e-05
