0.5667895674705505 0.38373446464538574 -0.2297898381948471 0.9998325109481812
0.5756315588951111 0.3627985119819641 -0.201533243060112 0.9996926784515381
0.5799795389175415 0.36412543058395386 -0.20140792429447174 0.9997301697731018
0.5851019024848938 0.36618632078170776 -0.20132584869861603 0.9997037053108215
0.5584605932235718 0.36118394136428833 -0.20467469096183777 0.9996559619903564
0.5521965026855469 0.3611448407173157 -0.2048037201166153 0.999716579914093
0.5461555123329163 0.36191827058792114 -0.20487752556800842 0.9997068047523499
0.5924245715141296 0.38340383768081665 -0.058555230498313904 0.9997753500938416
0.5381237268447876 0.37694287300109863 -0.07021243125200272 0.9998231530189514
0.5760656595230103 0.41245532035827637 -0.1784474104642868 0.9998099207878113
0.5538755655288696 0.4086080491542816 -0.18241752684116364 0.999771773815155
0.624944806098938 0.5273710489273071 -0.012841982766985893 0.9997658133506775
0.5000492334365845 0.5253626108169556 -0.04491781070828438 0.9997712969779968
0.6705648899078369 0.7184595465660095 -0.18960699439048767 0.9990656971931458
0.46745550632476807 0.6941039562225342 -0.2663797438144684 0.9994493126869202
0.5932943820953369 0.5726831555366516 -0.37592318654060364 0.9993875026702881
0.5427660346031189 0.5554706454277039 -0.4689408540725708 0.9998348951339722
0.5857964754104614 0.5220896601676941 -0.4194548726081848 0.9960590600967407
0.5578169226646423 0.5018194913864136 -0.5137985944747925 0.9985697269439697
0.5858779549598694 0.5112124085426331 -0.3752930760383606 0.9952245950698853
0.5552501082420349 0.4933781921863556 -0.4719295799732208 0.9982362985610962
0.5849228501319885 0.5278343558311462 -0.36358535289764404 0.9967515468597412
0.553788959980011 0.5105606913566589 -0.45774129033088684 0.9985060691833496
0.614959716796875 0.8645168542861938 0.015991805121302605 0.999760091304779
0.5181835889816284 0.8685406446456909 -0.014547626487910748 0.9996678829193115
0.6112846732139587 1.1343079805374146 0.029942693188786507 0.19207973778247833
0.5173094272613525 1.1211118698120117 0.08190318942070007 0.21743831038475037
0.6101575493812561 1.3581368923187256 0.35871097445487976 5.317016621120274e-05
0.5164686441421509 1.3517615795135498 0.3627314865589142 0.00014715957513544708
0.6134586930274963 1.4038400650024414 0.3861575126647949 0.00029218121198937297
0.5114935636520386 1.3965070247650146 0.3866331875324249 0.0002552031946834177
0.5963693857192993 1.4403643608093262 0.2380291372537613 3.809035479207523e-05
0.5315691828727722 1.4370150566101074 0.21638692915439606 0.00015390204498544335
