0.5669645667076111 0.37908732891082764 -0.19892087578773499 0.9996373653411865
0.5768231153488159 0.3589136302471161 -0.17329640686511993 0.9995463490486145
0.5816674828529358 0.3599544167518616 -0.17328305542469025 0.999473512172699
0.5869199633598328 0.3610093295574188 -0.173347607254982 0.9995020627975464
0.558378279209137 0.35749512910842896 -0.17159242928028107 0.9995480179786682
0.5516580939292908 0.35777297616004944 -0.17169581353664398 0.9994683861732483
0.5467349886894226 0.35859549045562744 -0.17180398106575012 0.9995319843292236
0.5959462523460388 0.37878772616386414 -0.047659553587436676 0.9997544884681702
0.5391618013381958 0.37538963556289673 -0.03462902456521988 0.9994250535964966
0.5757182240486145 0.41094842553138733 -0.15358859300613403 0.9998975992202759
0.5537362694740295 0.4089911878108978 -0.1505161076784134 0.9998352527618408
0.6266887187957764 0.5402507781982422 -0.014084551483392715 0.999667763710022
0.5009908676147461 0.5347793102264404 0.014306149445474148 0.9991666078567505
0.6768717169761658 0.7469772696495056 -0.16105487942695618 0.9956199526786804
0.471740186214447 0.7517820000648499 -0.16850784420967102 0.995392918586731
0.584626317024231 0.6553854942321777 -0.3385884165763855 0.9897419214248657
0.5447489023208618 0.645035982131958 -0.39445310831069946 0.99736088514328
0.5733588337898254 0.6111878752708435 -0.3758019804954529 0.9193705320358276
0.5627678036689758 0.6001501679420471 -0.4325783848762512 0.9798246622085571
0.5735874176025391 0.5868111848831177 -0.33314192295074463 0.9112951755523682
0.5615852475166321 0.5782033801078796 -0.3967880606651306 0.9766630530357361
0.5739145278930664 0.6046493053436279 -0.32298940420150757 0.9327110052108765
0.5578871965408325 0.5943264365196228 -0.38358914852142334 0.9782252311706543
0.6062887907028198 0.8409100770950317 -0.004768711514770985 0.9989768266677856
0.519307553768158 0.8442259430885315 0.006137331947684288 0.9980397820472717
0.6340137720108032 1.011832356452942 -0.13932618498802185 0.23051771521568298
0.5105120539665222 1.0669476985931396 0.08917511999607086 0.1810278296470642
0.6090945601463318 1.2570668458938599 0.1452195793390274 0.00020696247520390898
0.5070013999938965 1.2549920082092285 0.36502397060394287 0.0007318558637052774
0.607933759689331 1.298855185508728 0.16927064955234528 0.0010902003850787878
0.5046700835227966 1.2952840328216553 0.3872736692428589 0.00042151843081228435
0.6032415628433228 1.3357549905776978 0.023518243804574013 0.00031170365400612354
0.512098491191864 1.3323564529418945 0.24172502756118774 0.0007766126655042171
