0.565909206867218 0.3783652186393738 -0.33763229846954346 0.9999982118606567
0.5763707756996155 0.3600628077983856 -0.31318289041519165 0.9999927282333374
0.5814510583877563 0.36048460006713867 -0.31324660778045654 0.9999935626983643
0.5865468382835388 0.3616147041320801 -0.313364714384079 0.9999905824661255
0.5580845475196838 0.3611931800842285 -0.3126022219657898 0.9999915361404419
0.5512548089027405 0.3625720143318176 -0.31272611021995544 0.9999935626983643
0.5459159016609192 0.3639761209487915 -0.31288084387779236 0.9999922513961792
0.5957845449447632 0.37780383229255676 -0.19105680286884308 0.9999949932098389
0.5398641228675842 0.3788856565952301 -0.1873418241739273 0.9999936819076538
0.5757527947425842 0.4105291962623596 -0.294117271900177 0.9999995231628418
0.5542029142379761 0.4090571403503418 -0.2932644784450531 0.9999996423721313
0.6275814771652222 0.5470635890960693 -0.1321249157190323 0.9999710321426392
0.49985864758491516 0.5317436456680298 -0.12485142052173615 0.9998811483383179
0.663666307926178 0.722141444683075 -0.1405009776353836 0.9988784193992615
0.4698213040828705 0.7069783210754395 -0.16526295244693756 0.9967549443244934
0.6428150534629822 0.8224177956581116 -0.2887952923774719 0.9933426976203918
0.4989625811576843 0.8130637407302856 -0.34149327874183655 0.9884004592895508
0.6447268128395081 0.8726456761360168 -0.33358320593833923 0.9725039601325989
0.49713626503944397 0.8554491996765137 -0.3841005563735962 0.9678464531898499
0.6287476420402527 0.8571008443832397 -0.34563741087913513 0.9757661819458008
0.5159661173820496 0.844534695148468 -0.3961796462535858 0.9715226292610168
0.6238452196121216 0.8399419188499451 -0.2948710024356842 0.9761903882026672
0.5190359354019165 0.829856812953949 -0.34786930680274963 0.9667306542396545
0.6044177412986755 0.8187981843948364 -0.00148989527951926 0.9990296363830566
0.5189658403396606 0.8252381682395935 0.0019216543296352029 0.9988056421279907
0.6263271570205688 1.0209670066833496 -0.2636212408542633 0.7924821972846985
0.5113447308540344 1.0285590887069702 -0.2133362740278244 0.751701831817627
0.6120638251304626 1.1824909448623657 0.1093791201710701 0.07317978888750076
0.5260259509086609 1.2059357166290283 0.07795726507902145 0.1884530931711197
0.6084391474723816 1.20773184299469 0.14075054228305817 0.1524573266506195
0.5281280875205994 1.2341952323913574 0.1019274890422821 0.11677604168653488
0.6063944101333618 1.2708406448364258 0.018541602417826653 0.07875420898199081
0.5309597849845886 1.2848140001296997 -0.035108648240566254 0.14833562076091766
