0.5477246046066284 0.3338262140750885 -0.5026144981384277 0.999992847442627
0.5543515682220459 0.3135753273963928 -0.4728223383426666 0.9999822378158569
0.5589307546615601 0.31443363428115845 -0.4729556143283844 0.9999899864196777
0.56339031457901 0.31547755002975464 -0.47318407893180847 0.9999833106994629
0.537731945514679 0.31317460536956787 -0.47480636835098267 0.9999585151672363
0.5320706367492676 0.3137289881706238 -0.4748387336730957 0.9999630451202393
0.5263990759849548 0.31470978260040283 -0.474945992231369 0.999924898147583
0.5686382055282593 0.32979631423950195 -0.29043149948120117 0.9999867677688599
0.5172009468078613 0.33031153678894043 -0.3028160333633423 0.9999778270721436
0.5572957396507263 0.35991379618644714 -0.4339553713798523 0.999997615814209
0.5361313223838806 0.3589358925819397 -0.4381431043148041 0.9999970197677612
0.6041654348373413 0.47591468691825867 -0.17059625685214996 0.9999971389770508
0.4782184958457947 0.47712260484695435 -0.14677388966083527 0.9999332427978516
0.6418818831443787 0.6535897254943848 -0.341746985912323 0.99790358543396
0.44959211349487305 0.6779450178146362 -0.08484956622123718 0.9676567912101746
0.6502606868743896 0.5199381709098816 -0.6822076439857483 0.9970486760139465
0.41580820083618164 0.8574883937835693 -0.19592465460300446 0.9139262437820435
0.6469611525535583 0.4706941843032837 -0.7490754723548889 0.9874200224876404
0.40514081716537476 0.9127094149589539 -0.20887933671474457 0.8377336859703064
0.6464821100234985 0.4545024335384369 -0.7324564456939697 0.9875202178955078
0.41077280044555664 0.9181565642356873 -0.25689050555229187 0.8574011325836182
0.644048273563385 0.4681333005428314 -0.6811452507972717 0.9773863554000854
0.415987104177475 0.9007963538169861 -0.21436119079589844 0.8393988609313965
0.5836558938026428 0.7704170346260071 0.0011722807539626956 0.9981232285499573
0.4932255744934082 0.7743589282035828 -0.0006508511141873896 0.9932748079299927
0.619906485080719 0.9631832838058472 -0.5056460499763489 0.697651207447052
0.48450490832328796 0.9599401354789734 -0.4461539089679718 0.601112425327301
0.6190710067749023 1.1517353057861328 -0.1845552623271942 0.06517814099788666
0.5030480623245239 1.1646974086761475 -0.1507924199104309 0.05894723907113075
0.615069568157196 1.1821751594543457 -0.15890155732631683 0.19826561212539673
0.505551815032959 1.195186734199524 -0.12889234721660614 0.08103886991739273
0.624089241027832 1.2259780168533325 -0.33896827697753906 0.06672430783510208
0.5134457349777222 1.2408833503723145 -0.32378384470939636 0.04711554944515228
