0.5498459339141846 0.3399866223335266 -0.5816142559051514 0.999972939491272
0.554780125617981 0.31848007440567017 -0.5488762259483337 0.9999256134033203
0.5590775609016418 0.31843286752700806 -0.5489884614944458 0.9999476671218872
0.563575029373169 0.3184047341346741 -0.5492115020751953 0.9999241828918457
0.5393649339675903 0.318570077419281 -0.5525568127632141 0.999882698059082
0.5338821411132812 0.3189554214477539 -0.5525988340377808 0.9998779296875
0.5282690525054932 0.3195115327835083 -0.5526935458183289 0.9997894167900085
0.5671790242195129 0.32930245995521545 -0.3532072603702545 0.9999308586120605
0.5184676647186279 0.3330835700035095 -0.37362930178642273 0.9999372959136963
0.5579301714897156 0.3673839867115021 -0.5080885887145996 0.9999918937683105
0.5403297543525696 0.3648644983768463 -0.5147141218185425 0.9999927282333374
0.6020241379737854 0.47207626700401306 -0.24818481504917145 0.9999915361404419
0.4774511158466339 0.48196789622306824 -0.20835360884666443 0.9998712539672852
0.6559219360351562 0.620521605014801 -0.471401572227478 0.9993334412574768
0.44747430086135864 0.6809989213943481 -0.1448170244693756 0.9489148855209351
0.6295161843299866 0.42859119176864624 -0.8066933155059814 0.9985387325286865
0.4151490032672882 0.8607310056686401 -0.26247885823249817 0.8706592917442322
0.6219415068626404 0.3802235722541809 -0.875050961971283 0.9926537275314331
0.4045432209968567 0.9174116849899292 -0.2805306613445282 0.7924318909645081
0.6177588701248169 0.3714093267917633 -0.8461034893989563 0.9915659427642822
0.4102708697319031 0.9236592054367065 -0.3240581750869751 0.8087433576583862
0.6160076856613159 0.38522037863731384 -0.8008875250816345 0.9843339323997498
0.41526681184768677 0.9068135023117065 -0.28005698323249817 0.7821105718612671
0.5845215916633606 0.7738778591156006 0.0010207623708993196 0.9982787370681763
0.4952404797077179 0.776864230632782 -0.0006832907674834132 0.9961178302764893
0.6229965090751648 0.9662609100341797 -0.4267878830432892 0.6588127017021179
0.4858408570289612 0.9486278295516968 -0.472188264131546 0.5995362401008606
0.6146207451820374 1.0871715545654297 0.01494386326521635 0.029775965958833694
0.5064331889152527 1.121964454650879 -0.0632881224155426 0.051246147602796555
0.6115032434463501 1.100965976715088 0.05490313842892647 0.10586055368185043
0.5103078484535217 1.1439601182937622 -0.027887282893061638 0.06697610020637512
0.6155489683151245 1.162574291229248 -0.09474590420722961 0.039247240871191025
0.5164958238601685 1.2014262676239014 -0.2092161923646927 0.048733726143836975
