0.5413103103637695 0.3424084484577179 -0.4296126663684845 0.9999866485595703
0.5499070286750793 0.32256126403808594 -0.3985018730163574 0.999961256980896
0.5544388890266418 0.32289791107177734 -0.39857468008995056 0.999969482421875
0.5581238865852356 0.3228755593299866 -0.3987559974193573 0.9999582767486572
0.5331429243087769 0.3220663070678711 -0.4022553265094757 0.9999570846557617
0.5272303819656372 0.32181811332702637 -0.40223756432533264 0.9999581575393677
0.522312343120575 0.3219541311264038 -0.4023340046405792 0.9999383687973022
0.5638518929481506 0.33428698778152466 -0.22345136106014252 0.9999654293060303
0.5161767601966858 0.33404606580734253 -0.24385444819927216 0.9999788999557495
0.5517728328704834 0.36762094497680664 -0.364676833152771 0.999994158744812
0.5306401252746582 0.3652765154838562 -0.37112727761268616 0.999994158744812
0.5977150797843933 0.4595314562320709 -0.1448829025030136 0.9999850988388062
0.47544071078300476 0.48357531428337097 -0.11974393576383591 0.9999078512191772
0.6608459949493408 0.5593079328536987 -0.36599093675613403 0.9991700649261475
0.4488995373249054 0.6762911081314087 -0.07611832767724991 0.9667006731033325
0.6024817824363708 0.39272940158843994 -0.6811779141426086 0.9967389702796936
0.4174853563308716 0.8545909523963928 -0.1873265653848648 0.9306892156600952
0.5907560586929321 0.35333681106567383 -0.7472824454307556 0.9818029403686523
0.40695297718048096 0.915032684803009 -0.20418168604373932 0.8705883622169495
0.5851655602455139 0.3501152992248535 -0.7075854539871216 0.9797296524047852
0.4129203259944916 0.9204469323158264 -0.24730610847473145 0.8826504945755005
0.5853353142738342 0.36495542526245117 -0.6716774702072144 0.9679366946220398
0.4176710844039917 0.8999927043914795 -0.20452478528022766 0.866108775138855
0.5813305377960205 0.7677473425865173 0.0013758584391325712 0.9992142915725708
0.4939838647842407 0.7802785634994507 -0.0011818541679531336 0.9974167346954346
0.6252792477607727 0.93402498960495 -0.4646320044994354 0.7336742281913757
0.4926643967628479 0.9711821675300598 -0.4171544313430786 0.6751374006271362
0.6200253367424011 1.1070882081985474 -0.1448379009962082 0.06929118186235428
0.5103723406791687 1.1196701526641846 -0.04826723411679268 0.039256151765584946
0.6154695153236389 1.1320343017578125 -0.115603968501091 0.2034102976322174
0.5133804082870483 1.1318225860595703 -0.0141490763053298 0.06904085725545883
0.6296935677528381 1.178328275680542 -0.2550203800201416 0.07331199944019318
0.517004668712616 1.2009985446929932 -0.14745178818702698 0.02901447005569935
