0.5447399020195007 0.34027427434921265 -0.4704303443431854 0.9999779462814331
0.5515536069869995 0.3201333284378052 -0.439138799905777 0.9999395608901978
0.5559800863265991 0.320121705532074 -0.43921375274658203 0.9999585151672363
0.559920608997345 0.3199625611305237 -0.4394102990627289 0.999942421913147
0.5348960161209106 0.32080650329589844 -0.4417741596698761 0.9999133348464966
0.5290774703025818 0.3214137554168701 -0.4417249262332916 0.9999061822891235
0.5238640308380127 0.32190173864364624 -0.44182103872299194 0.9998328685760498
0.5650291442871094 0.3309066891670227 -0.2549906075000763 0.9999550580978394
0.5165075063705444 0.3349335789680481 -0.2705601453781128 0.9999361038208008
0.5548288822174072 0.3658736050128937 -0.4012974500656128 0.9999904632568359
0.5335537791252136 0.36417344212532043 -0.40644747018814087 0.9999891519546509
0.597868025302887 0.4602997303009033 -0.1654309332370758 0.9999892711639404
0.474943608045578 0.482732355594635 -0.12206919491291046 0.9998236298561096
0.6510894894599915 0.5762250423431396 -0.39098384976387024 0.9986006617546082
0.4478154480457306 0.6799492239952087 -0.05336041375994682 0.9477623701095581
0.6023142337799072 0.40253522992134094 -0.7375155687332153 0.9966527819633484
0.4177962839603424 0.86121666431427 -0.14987713098526 0.8959552645683289
0.5918396711349487 0.36178115010261536 -0.8063193559646606 0.9831618070602417
0.408560574054718 0.9214557409286499 -0.16008199751377106 0.8060522079467773
0.5869964361190796 0.3565784692764282 -0.7678950428962708 0.9819019436836243
0.41521722078323364 0.92635178565979 -0.20481343567371368 0.8262611627578735
0.5871312618255615 0.36995917558670044 -0.7282193303108215 0.9703366756439209
0.4193802773952484 0.9073767066001892 -0.16671840846538544 0.8062567710876465
0.5812041759490967 0.7747067809104919 0.0022572169546037912 0.9994797110557556
0.4934077262878418 0.7847631573677063 -0.0019097317708656192 0.9969526529312134
0.6272889375686646 0.9560931324958801 -0.4979381859302521 0.7905977964401245
0.49276360869407654 0.9880566596984863 -0.34718140959739685 0.6437121629714966
0.6098985075950623 1.120609998703003 -0.14249968528747559 0.06679658591747284
0.5084885954856873 1.1429392099380493 0.056092869490385056 0.04078996181488037
0.6040859818458557 1.1404246091842651 -0.10943321883678436 0.2114327996969223
0.5103301405906677 1.1587772369384766 0.0921473354101181 0.06503750383853912
0.6105177402496338 1.1981775760650635 -0.2612282931804657 0.07963263988494873
0.5205435156822205 1.2238017320632935 -0.0543045774102211 0.029657114297151566
