0.5435171723365784 0.33592885732650757 -0.5308473706245422 0.9998971223831177
0.5510565042495728 0.3167495131492615 -0.5033742189407349 0.9997360110282898
0.5554875135421753 0.31770098209381104 -0.50348299741745 0.9998019337654114
0.5599238872528076 0.31869077682495117 -0.5036710500717163 0.9996867179870605
0.5338183641433716 0.3155730366706848 -0.5043246150016785 0.9997081160545349
0.5278943777084351 0.3161812424659729 -0.5044010877609253 0.9997324347496033
0.5223544239997864 0.31742823123931885 -0.5045327544212341 0.9995983242988586
0.5663296580314636 0.33258384466171265 -0.3301093876361847 0.999729573726654
0.5144065022468567 0.3338126242160797 -0.3363436758518219 0.999866247177124
0.5528869032859802 0.36277422308921814 -0.46518757939338684 0.9999626874923706
0.5314823985099792 0.361452579498291 -0.467568039894104 0.9999743700027466
0.60057133436203 0.4735339879989624 -0.23897024989128113 0.9999265670776367
0.47573408484458923 0.4800482392311096 -0.19197525084018707 0.9998379945755005
0.6339482665061951 0.6320433616638184 -0.4638475775718689 0.9975501894950867
0.4490523338317871 0.6797120571136475 -0.13257673382759094 0.939167857170105
0.5843113660812378 0.47912293672561646 -0.8104346990585327 0.9932065010070801
0.4165806770324707 0.8581740260124207 -0.2549456059932709 0.8535823822021484
0.5654359459877014 0.45534375309944153 -0.8794177174568176 0.9760770201683044
0.4058806300163269 0.914420485496521 -0.2820495665073395 0.7673701643943787
0.5580087304115295 0.44473448395729065 -0.8507086038589478 0.9734411835670471
0.4124753177165985 0.919212818145752 -0.3204931318759918 0.7893320918083191
0.5610219836235046 0.45111581683158875 -0.8049981594085693 0.9562705755233765
0.41790664196014404 0.9017130136489868 -0.27126312255859375 0.7742382287979126
0.5827287435531616 0.7714343667030334 0.0033839570824056864 0.997769832611084
0.4942018687725067 0.7726731896400452 -0.0031406802590936422 0.9965237975120544
0.6253450512886047 0.9684646129608154 -0.26416292786598206 0.5724148750305176
0.48993027210235596 0.981448233127594 -0.34188833832740784 0.6426661610603333
0.6190152764320374 1.0997391939163208 0.18477879464626312 0.033530350774526596
0.5030190944671631 1.136870265007019 0.07495352625846863 0.060937363654375076
0.6155382394790649 1.1122190952301025 0.22541002929210663 0.08851110190153122
0.5056465268135071 1.1559337377548218 0.11228995770215988 0.06575232744216919
0.6204092502593994 1.1840901374816895 0.09221252053976059 0.03143426775932312
0.5110729932785034 1.2200586795806885 -0.05141964182257652 0.0495428740978241
