0.5458248257637024 0.3374713957309723 -0.517508327960968 0.9997645020484924
0.5521684288978577 0.3164891004562378 -0.4894525110721588 0.9993963241577148
0.5563768744468689 0.31699830293655396 -0.4895668625831604 0.9995156526565552
0.5608883500099182 0.3176710605621338 -0.48974835872650146 0.9993046522140503
0.5350953936576843 0.3160175085067749 -0.49152424931526184 0.9994331002235413
0.5290067195892334 0.31682783365249634 -0.4916020929813385 0.9994415640830994
0.52326899766922 0.3180087208747864 -0.49175596237182617 0.9992189407348633
0.5664190649986267 0.33148127794265747 -0.3173961639404297 0.9992105960845947
0.5144903063774109 0.3342096507549286 -0.3299497067928314 0.9996987581253052
0.5546150207519531 0.36360687017440796 -0.45294201374053955 0.9999262094497681
0.533500611782074 0.3634214997291565 -0.45708438754081726 0.9999555349349976
0.6007551550865173 0.47433990240097046 -0.23762992024421692 0.9999220371246338
0.4760373830795288 0.47959041595458984 -0.19125017523765564 0.9998975992202759
0.6333919167518616 0.6315463185310364 -0.45263874530792236 0.9963153004646301
0.4494166374206543 0.6796604990959167 -0.12113089859485626 0.9036446213722229
0.5827778577804565 0.48614469170570374 -0.7806826233863831 0.9892228841781616
0.41682177782058716 0.85928875207901 -0.23873384296894073 0.791911780834198
0.5653064846992493 0.46387597918510437 -0.8426204919815063 0.9678477048873901
0.40724706649780273 0.9166176319122314 -0.26535698771476746 0.7125787734985352
0.5604110956192017 0.45173975825309753 -0.8167409300804138 0.9632869362831116
0.41193389892578125 0.9220761656761169 -0.30237510800361633 0.7332807183265686
0.5627302527427673 0.45865076780319214 -0.7755017876625061 0.9413636326789856
0.4168685972690582 0.9046443700790405 -0.254692405462265 0.7274011373519897
0.5829964876174927 0.7716314792633057 0.005361105781048536 0.9978347420692444
0.49516916275024414 0.7726907730102539 -0.005202803295105696 0.9985322952270508
0.6268430352210999 0.9757364988327026 -0.18723879754543304 0.44372251629829407
0.48669102787971497 0.9652777910232544 -0.34697210788726807 0.5745992660522461
0.6380228400230408 1.019923448562622 0.32985255122184753 0.00791398249566555
0.5120037794113159 1.0875844955444336 0.10827068239450455 0.03782377019524574
0.6372517943382263 1.0163640975952148 0.38082486391067505 0.026736628264188766
0.5161281228065491 1.097090482711792 0.1519789695739746 0.03229204937815666
0.6429609060287476 1.083034634590149 0.30116280913352966 0.009109770879149437
0.5251002907752991 1.1709355115890503 0.01704597845673561 0.03159496188163757
