0.544747531414032 0.3284066915512085 -0.4874461889266968 0.9998431205749512
0.5514773726463318 0.3090854287147522 -0.45893606543540955 0.9997132420539856
0.5557347536087036 0.31016242504119873 -0.4590816795825958 0.9997773766517639
0.5602735280990601 0.3115084767341614 -0.45929521322250366 0.9997022747993469
0.5349412560462952 0.30887311697006226 -0.46080732345581055 0.9996379613876343
0.5287959575653076 0.3101803660392761 -0.4608754813671112 0.9996575117111206
0.5232153534889221 0.31196027994155884 -0.4609857201576233 0.9994847774505615
0.5655944347381592 0.32552289962768555 -0.29139915108680725 0.9997468590736389
0.5142704844474792 0.32939785718917847 -0.301357239484787 0.9997373223304749
0.5535885691642761 0.35493773221969604 -0.4251246750354767 0.9999731779098511
0.5326607823371887 0.353520929813385 -0.4282865822315216 0.9999698400497437
0.6021482348442078 0.4669122099876404 -0.2115282118320465 0.999977707862854
0.47425010800361633 0.4847780466079712 -0.16891077160835266 0.9998433589935303
0.6395512819290161 0.6415489315986633 -0.3654891550540924 0.9965219497680664
0.447787344455719 0.6828947067260742 -0.09885723888874054 0.9450549483299255
0.5947986245155334 0.5880640745162964 -0.6880136728286743 0.9905586242675781
0.41706418991088867 0.8589000701904297 -0.23263250291347504 0.8589510917663574
0.584407389163971 0.5942445993423462 -0.7543691992759705 0.9732947945594788
0.40758612751960754 0.9180513620376587 -0.26359906792640686 0.8005249500274658
0.575453519821167 0.5733284950256348 -0.7405926585197449 0.9721669554710388
0.41258755326271057 0.9234174489974976 -0.30288854241371155 0.8226057291030884
0.5764614343643188 0.5693850517272949 -0.687045693397522 0.9551759958267212
0.41697412729263306 0.9047819375991821 -0.24952560663223267 0.8107232451438904
0.5843239426612854 0.7736503481864929 -0.0012931158998981118 0.9982762336730957
0.4953073561191559 0.7785189151763916 0.0016138512874022126 0.9975593090057373
0.6250554919242859 0.9800035357475281 -0.29856157302856445 0.5327356457710266
0.4818543791770935 0.9849419593811035 -0.35430580377578735 0.5612232685089111
0.6269384622573853 1.0760879516601562 0.16259269416332245 0.018290964886546135
0.5046021342277527 1.1073893308639526 0.08406322449445724 0.022514987736940384
0.6248258948326111 1.0851712226867676 0.20716245472431183 0.05761059746146202
0.5074362754821777 1.1214704513549805 0.126032292842865 0.034422993659973145
0.6321596503257751 1.1425247192382812 0.10196415334939957 0.01547273900359869
0.5179102420806885 1.1793404817581177 -0.004304307047277689 0.018388237804174423
