0.536967933177948 0.40803441405296326 -0.519459068775177 0.9999802112579346
0.5419976711273193 0.3888012766838074 -0.49365711212158203 0.9999172687530518
0.5459290742874146 0.38944315910339355 -0.49368125200271606 0.9999610185623169
0.5497139096260071 0.390350341796875 -0.49378541111946106 0.9999176263809204
0.5271952748298645 0.3867892622947693 -0.5018726587295532 0.9998939037322998
0.5206207633018494 0.3865172863006592 -0.5020362734794617 0.9999358654022217
0.5151365995407104 0.3870282769203186 -0.5021960139274597 0.9998456239700317
0.5526338815689087 0.40343302488327026 -0.32397374510765076 0.9999600648880005
0.5042069554328918 0.4027799069881439 -0.3633817434310913 0.9999692440032959
0.5436620712280273 0.4332975745201111 -0.45379289984703064 0.9999896287918091
0.5248012542724609 0.4334537982940674 -0.4660045802593231 0.9999890327453613
0.5913978219032288 0.5441354513168335 -0.21068055927753448 0.9999839067459106
0.4523039162158966 0.5484428405761719 -0.20193247497081757 0.9998549222946167
0.6599321365356445 0.6819790601730347 -0.3762623965740204 0.999763548374176
0.41322413086891174 0.7461280226707458 -0.10428818315267563 0.995259702205658
0.6138617992401123 0.528664231300354 -0.6743919849395752 0.9985547661781311
0.3936000466346741 0.9184370040893555 -0.1569831371307373 0.9753257632255554
0.593958854675293 0.4929811954498291 -0.7295492887496948 0.9897810220718384
0.3766612708568573 0.9734324216842651 -0.16465751826763153 0.9115478992462158
0.5927985906600952 0.47532886266708374 -0.6964453458786011 0.9894270896911621
0.3890048861503601 0.9811500906944275 -0.19760389626026154 0.9261555075645447
0.5934420824050903 0.4859144985675812 -0.6657034158706665 0.9877622127532959
0.3967248201370239 0.9636808037757874 -0.1678810715675354 0.9326769113540649
0.5791098475456238 0.8598425388336182 -0.004639226011931896 0.9992805123329163
0.48517435789108276 0.8724955916404724 0.005420250818133354 0.9981606602668762
0.5851852297782898 1.121697187423706 -0.2400689274072647 0.8304063677787781
0.48797693848609924 1.1335761547088623 -0.07840664684772491 0.722585141658783
0.5876195430755615 1.3282088041305542 0.18380673229694366 0.005690643098205328
0.5006994009017944 1.344870686531067 0.30749183893203735 0.014846574515104294
0.589363694190979 1.363447666168213 0.22179535031318665 0.02120586857199669
0.5004858374595642 1.3822039365768433 0.33936530351638794 0.028180724009871483
0.5782756805419922 1.425274133682251 0.05347541347146034 0.0037833470851182938
0.5180357694625854 1.4321832656860352 0.15555797517299652 0.008906853385269642
