0.5308489203453064 0.4134073853492737 -0.45549866557121277 0.9999481439590454
0.5394722819328308 0.39358431100845337 -0.4303751587867737 0.9997995495796204
0.5432986617088318 0.3942427635192871 -0.4303843677043915 0.9998680353164673
0.5470802187919617 0.39538127183914185 -0.4304942786693573 0.9997945427894592
0.5241164565086365 0.39147740602493286 -0.43344980478286743 0.9998248219490051
0.5180855393409729 0.3908239006996155 -0.43350455164909363 0.9998533725738525
0.5125420689582825 0.3905907869338989 -0.4337151348590851 0.9997578263282776
0.55328369140625 0.4081310033798218 -0.2605751156806946 0.9998220801353455
0.5025184750556946 0.40129464864730835 -0.274872362613678 0.9999322891235352
0.5380921959877014 0.44254857301712036 -0.3896649181842804 0.9999710321426392
0.5184386372566223 0.4394424557685852 -0.3947264850139618 0.9999792575836182
0.5881504416465759 0.5341355800628662 -0.17080315947532654 0.9999508857727051
0.4509719908237457 0.5400339365005493 -0.11402392387390137 0.9999459981918335
0.6365500092506409 0.6507434248924255 -0.3912909924983978 0.9985656142234802
0.4141346216201782 0.7294661998748779 -0.002317178063094616 0.9938045740127563
0.5756193399429321 0.49386274814605713 -0.745866060256958 0.9933578372001648
0.3987911343574524 0.9045981168746948 -0.05764990299940109 0.9642380475997925
0.5577190518379211 0.45858868956565857 -0.8157745003700256 0.9623351097106934
0.3827225863933563 0.9618927836418152 -0.06760749220848083 0.8727013468742371
0.5562865138053894 0.4469604790210724 -0.7756474614143372 0.9597907066345215
0.3920474052429199 0.9668511152267456 -0.10725050419569016 0.8890469670295715
0.5568190813064575 0.46030643582344055 -0.7375662326812744 0.9509519934654236
0.4005608558654785 0.9513583779335022 -0.07205601781606674 0.8934008479118347
0.5760090351104736 0.8674501180648804 -0.0060621812008321285 0.9981062412261963
0.48410680890083313 0.8846988677978516 0.006734927650541067 0.9968888163566589
0.5960785150527954 1.121694564819336 -0.22237801551818848 0.6253296136856079
0.48839277029037476 1.1447643041610718 -0.016824908554553986 0.37131455540657043
0.5963695645332336 1.3430877923965454 0.11788618564605713 0.008843955583870411
0.5031510591506958 1.3693619966506958 0.36372295022010803 0.012975888326764107
0.5964264273643494 1.3799588680267334 0.1476915031671524 0.02205912582576275
0.5040353536605835 1.4076584577560425 0.3955148756504059 0.02337506040930748
0.5881537199020386 1.437041163444519 -0.03343445062637329 0.005937845446169376
0.5157631635665894 1.454197883605957 0.2093174159526825 0.008038756437599659
