0.5302425622940063 0.41034942865371704 -0.43647322058677673 0.9999908208847046
0.537675142288208 0.3894715905189514 -0.40702325105667114 0.9999672174453735
0.5414628982543945 0.390419602394104 -0.40714943408966064 0.9999841451644897
0.5460698008537292 0.3913954496383667 -0.40730181336402893 0.9999680519104004
0.5215562582015991 0.38748109340667725 -0.41320255398750305 0.9999489784240723
0.5150946974754333 0.3876205086708069 -0.41327762603759766 0.9999675750732422
0.5099179148674011 0.388544499874115 -0.413402259349823 0.9999245405197144
0.5512323379516602 0.4040510654449463 -0.22898373007774353 0.9999845027923584
0.5004541873931885 0.40237390995025635 -0.2583851218223572 0.9999852180480957
0.5378558039665222 0.43606671690940857 -0.3693779706954956 0.9999963045120239
0.5177608728408813 0.43669262528419495 -0.3782516121864319 0.9999955892562866
0.5936508178710938 0.5486302375793457 -0.11547625809907913 0.9999938011169434
0.4529281258583069 0.5447131395339966 -0.12996050715446472 0.9999333620071411
0.6499119997024536 0.703016996383667 -0.30437585711479187 0.9995641112327576
0.4173068404197693 0.7349152565002441 -0.09666848927736282 0.9955405592918396
0.6500155925750732 0.5908230543136597 -0.6917269229888916 0.9987706542015076
0.4032694101333618 0.9031402468681335 -0.21834363043308258 0.9858447313308716
0.6418994069099426 0.5689858198165894 -0.7679275870323181 0.9954764246940613
0.3855094313621521 0.9611753225326538 -0.24114319682121277 0.965604305267334
0.6349049806594849 0.5467313528060913 -0.746931254863739 0.9956721067428589
0.39446762204170227 0.9674334526062012 -0.2816268801689148 0.9708291888237
0.6357425451278687 0.5542178153991699 -0.6913316249847412 0.9939709901809692
0.40282076597213745 0.9500819444656372 -0.23404869437217712 0.9709766507148743
0.5769297480583191 0.868535041809082 0.004101539496332407 0.9993689656257629
0.483840674161911 0.8782370090484619 -0.0034499496687203646 0.9978175163269043
0.6072933673858643 1.0928446054458618 -0.32501956820487976 0.9179328083992004
0.4742569625377655 1.114374041557312 -0.19720689952373505 0.8724281787872314
0.6048150658607483 1.3072805404663086 0.04698082432150841 0.061162278056144714
0.4909120798110962 1.3175475597381592 0.1604582965373993 0.0502135194838047
0.6014584898948669 1.3406881093978882 0.07827193289995193 0.11244042217731476
0.4915637671947479 1.3490113019943237 0.1900741159915924 0.0824723094701767
0.6058663129806519 1.3932254314422607 -0.0871252790093422 0.02243088185787201
0.5034695863723755 1.3984233140945435 0.015159683302044868 0.022162724286317825
