0.5491793155670166 0.36390119791030884 -0.4946354031562805 0.9999557733535767
0.5584010481834412 0.33597564697265625 -0.4679771959781647 0.9999148845672607
0.5646095871925354 0.3353625535964966 -0.4681551158428192 0.9999579191207886
0.5698000192642212 0.3352607488632202 -0.46847060322761536 0.9999411106109619
0.5391060709953308 0.3348827362060547 -0.47296470403671265 0.9998527765274048
0.5300387740135193 0.3334946632385254 -0.47304391860961914 0.9998869895935059
0.5229007005691528 0.33301424980163574 -0.47319528460502625 0.9997844099998474
0.5755758285522461 0.3457213044166565 -0.2820347547531128 0.9999668598175049
0.5115641355514526 0.34424567222595215 -0.3076605200767517 0.9999618530273438
0.5569848418235779 0.39482563734054565 -0.4209884703159332 0.9999845027923584
0.5349804759025574 0.3948831558227539 -0.4291059374809265 0.9999840259552002
0.6109694838523865 0.48630592226982117 -0.15484128892421722 0.9999915361404419
0.4636977016925812 0.4891294836997986 -0.11500484496355057 0.9999030828475952
0.6461855173110962 0.7148036956787109 -0.31504055857658386 0.9985975623130798
0.43068739771842957 0.704164981842041 0.014070581644773483 0.9503215551376343
0.626171886920929 0.5445446968078613 -0.664048433303833 0.9968137145042419
0.4188302457332611 0.8800404667854309 -0.03786980360746384 0.7176477313041687
0.608056366443634 0.510345995426178 -0.7357202768325806 0.9882903099060059
0.41401225328445435 0.9306419491767883 -0.046892695128917694 0.5584644675254822
0.6104850769042969 0.48128414154052734 -0.7122068405151367 0.9883601665496826
0.42006805539131165 0.9355133175849915 -0.08896716684103012 0.5854443311691284
0.6115098595619202 0.4927448332309723 -0.661005973815918 0.979295015335083
0.4242600202560425 0.923919677734375 -0.05324405059218407 0.5749586224555969
0.5943706035614014 0.8276707530021667 -0.0005934618529863656 0.9957410097122192
0.4872831404209137 0.8336038589477539 0.0014068469172343612 0.9926530122756958
0.6467031836509705 1.0130237340927124 -0.30391639471054077 0.8750705122947693
0.45754849910736084 1.0874758958816528 -0.3180108964443207 0.8568853735923767
0.6261776685714722 1.3371062278747559 0.008152741938829422 0.14637742936611176
0.46294862031936646 1.3490623235702515 -0.057479195296764374 0.20156484842300415
0.6198796033859253 1.3774540424346924 0.03206366300582886 0.18999852240085602
0.46464845538139343 1.3886334896087646 -0.03960559889674187 0.19337156414985657
0.6229801177978516 1.4289758205413818 -0.15757714211940765 0.06488814949989319
0.4687061011791229 1.4404661655426025 -0.2538427412509918 0.09200941771268845
