0.5473791360855103 0.3620685338973999 -0.563750147819519 0.9999538660049438
0.557960569858551 0.33360129594802856 -0.5363792181015015 0.9999334812164307
0.5636938214302063 0.33344727754592896 -0.5365156531333923 0.9999606609344482
0.5694863796234131 0.3339419960975647 -0.5368226170539856 0.9999450445175171
0.536791205406189 0.3318442106246948 -0.5386815667152405 0.9998946189880371
0.5280002951622009 0.33102625608444214 -0.5387542247772217 0.9999096393585205
0.520860493183136 0.33120274543762207 -0.5388981699943542 0.9998306035995483
0.5756768584251404 0.3462495803833008 -0.3489672839641571 0.9999762773513794
0.5114657282829285 0.34420162439346313 -0.3605322539806366 0.9999717473983765
0.5551530718803406 0.3963389992713928 -0.49063748121261597 0.9999865293502808
0.5319020748138428 0.39421841502189636 -0.4946025609970093 0.9999858140945435
0.6064890027046204 0.492233008146286 -0.23329442739486694 0.9999853372573853
0.46337711811065674 0.4932440221309662 -0.1727270483970642 0.9998704195022583
0.6436755061149597 0.6883338093757629 -0.42521992325782776 0.9984005093574524
0.42922693490982056 0.6957140564918518 -0.06332269310951233 0.9398794174194336
0.5954243540763855 0.5272838473320007 -0.7928877472877502 0.9961448907852173
0.41883590817451477 0.8703371286392212 -0.14124825596809387 0.6917852163314819
0.5767456293106079 0.49328166246414185 -0.8711840510368347 0.9861435890197754
0.4100615382194519 0.9232420325279236 -0.15561828017234802 0.5372022390365601
0.5756508111953735 0.47361457347869873 -0.846173107624054 0.9860367178916931
0.4172672629356384 0.929228663444519 -0.20059888064861298 0.561651349067688
0.5777120590209961 0.48673614859580994 -0.7892143726348877 0.9737653732299805
0.42204728722572327 0.9149083495140076 -0.15800713002681732 0.5474792122840881
0.592832624912262 0.8219770789146423 -0.004509920720010996 0.9962117671966553
0.49008816480636597 0.8251746892929077 0.005028150975704193 0.9930087327957153
0.651153028011322 1.0021114349365234 -0.3219984471797943 0.9058964848518372
0.44333893060684204 1.0099619626998901 -0.28170445561408997 0.9016943573951721
0.6206086277961731 1.2726383209228516 0.10452986508607864 0.2268105000257492
0.4694339632987976 1.2914824485778809 0.03995417803525925 0.34443214535713196
0.6103994846343994 1.3006439208984375 0.1407351791858673 0.2766413986682892
0.4757392108440399 1.324638843536377 0.06484995782375336 0.3218260109424591
0.6233163475990295 1.3700977563858032 -0.03143157809972763 0.10518854111433029
0.46921220421791077 1.3862135410308838 -0.1271243542432785 0.14452360570430756
