0.5422822833061218 0.3828686475753784 -0.7225396633148193 0.9999871253967285
0.5534881353378296 0.35692793130874634 -0.690770149230957 0.9999755620956421
0.5586167573928833 0.35664165019989014 -0.6908277273178101 0.9999825954437256
0.563639760017395 0.3562355041503906 -0.6911261677742004 0.9999746084213257
0.533836305141449 0.35380005836486816 -0.6957452297210693 0.9999687671661377
0.5266848206520081 0.35161519050598145 -0.6957920789718628 0.9999656677246094
0.520533561706543 0.35009896755218506 -0.6959077715873718 0.999937891960144
0.5721871256828308 0.3611997961997986 -0.4768064320087433 0.9999886751174927
0.5115782022476196 0.35500645637512207 -0.5010155439376831 0.9999915361404419
0.5509526133537292 0.4133113622665405 -0.6391123533248901 0.9999957084655762
0.527707040309906 0.4109281897544861 -0.646722674369812 0.9999964237213135
0.6019772887229919 0.4733050763607025 -0.3336845934391022 0.9999887943267822
0.4601764678955078 0.49680519104003906 -0.29992157220840454 0.9998857975006104
0.6517311930656433 0.6425842642784119 -0.5572757720947266 0.9991635084152222
0.4271242916584015 0.7040653824806213 -0.21832536160945892 0.9545901417732239
0.6066953539848328 0.45176056027412415 -0.9396551847457886 0.9982709884643555
0.41710180044174194 0.8807379603385925 -0.29071110486984253 0.7527121901512146
0.5980934500694275 0.40412941575050354 -1.0251466035842896 0.992639422416687
0.41020599007606506 0.9302763342857361 -0.3059340715408325 0.6279085874557495
0.5939371585845947 0.39275431632995605 -0.9971561431884766 0.9918859004974365
0.4149126708507538 0.9360582232475281 -0.3479187786579132 0.6429678201675415
0.5929211974143982 0.408596932888031 -0.9368183612823486 0.9830816388130188
0.42021724581718445 0.9264273047447205 -0.30672189593315125 0.6015132665634155
0.5869960784912109 0.817136824131012 -0.00026978395180776715 0.9964781403541565
0.48858195543289185 0.8235579133033752 0.0008445100975222886 0.993274450302124
0.6545383930206299 0.9754461050033569 -0.5242229700088501 0.9689777493476868
0.4437054991722107 1.0010286569595337 -0.4071362614631653 0.9339166879653931
0.6248021721839905 1.198872447013855 -0.10898581892251968 0.38247987627983093
0.47466912865638733 1.2461398839950562 -0.0435975156724453 0.2969389855861664
0.6106250286102295 1.2258650064468384 -0.07438874244689941 0.4880741834640503
0.48467493057250977 1.2781827449798584 -0.016818102449178696 0.28848275542259216
0.6349115371704102 1.3039350509643555 -0.25689271092414856 0.21619972586631775
0.46671420335769653 1.3464462757110596 -0.20952478051185608 0.12254572659730911
