0.546347975730896 0.378709077835083 -0.6049317121505737 0.999964714050293
0.5555156469345093 0.35103100538253784 -0.5774422287940979 0.999936580657959
0.5614339709281921 0.35130101442337036 -0.5775721073150635 0.9999648332595825
0.5664156675338745 0.3517748713493347 -0.5779024958610535 0.9999465942382812
0.5373890399932861 0.3475247025489807 -0.5823481678962708 0.9999074935913086
0.5289717316627502 0.3451477885246277 -0.5824159383773804 0.9999265670776367
0.5219289660453796 0.3428277373313904 -0.5825634598731995 0.9998557567596436
0.5735225081443787 0.35798758268356323 -0.37774574756622314 0.9999719858169556
0.5103890895843506 0.3461158871650696 -0.40254518389701843 0.9999797344207764
0.5539079308509827 0.4069092869758606 -0.525571882724762 0.999982476234436
0.5310490131378174 0.403960645198822 -0.5334330201148987 0.999984860420227
0.6055725812911987 0.4831653833389282 -0.24027058482170105 0.9999821186065674
0.46171313524246216 0.4915471374988556 -0.18550749123096466 0.9998730421066284
0.6490312814712524 0.6762702465057373 -0.42190423607826233 0.9980201721191406
0.427167147397995 0.7087551355361938 -0.04841284453868866 0.917094886302948
0.611901581287384 0.485129177570343 -0.7800977230072021 0.9940837025642395
0.4178917706012726 0.8884017467498779 -0.08814359456300735 0.589728593826294
0.6043962240219116 0.43910011649131775 -0.8559682965278625 0.9776933789253235
0.41511231660842896 0.9343246817588806 -0.09334374219179153 0.4200758934020996
0.5972937941551208 0.43126168847084045 -0.8295950293540955 0.9778981804847717
0.4198938012123108 0.9403453469276428 -0.1391783505678177 0.44907692074775696
0.5951167941093445 0.44466036558151245 -0.7765575051307678 0.9602424502372742
0.4237689971923828 0.9270510673522949 -0.10379872471094131 0.44323861598968506
0.5946308970451355 0.8164747357368469 -0.008020603097975254 0.99409419298172
0.49198225140571594 0.8244040012359619 0.00863716471940279 0.9912506341934204
0.6549556255340576 1.0035860538482666 -0.30807560682296753 0.8986557126045227
0.4464537799358368 1.07080078125 -0.3074978291988373 0.887506365776062
0.6317405104637146 1.3067532777786255 0.06043491140007973 0.24727025628089905
0.46344029903411865 1.3220291137695312 -0.009586074389517307 0.3169839680194855
0.6242093443870544 1.3431271314620972 0.08971831947565079 0.2749457061290741
0.4690760672092438 1.3581585884094238 0.011840435676276684 0.3295888304710388
0.6327191591262817 1.3985739946365356 -0.10071437805891037 0.10076642036437988
0.4632352590560913 1.4159761667251587 -0.19463245570659637 0.12217571586370468
