0.544426679611206 0.3732820749282837 -0.6313062310218811 0.9999351501464844
0.5541738867759705 0.34533965587615967 -0.6054530739784241 0.999889612197876
0.5597390532493591 0.34520775079727173 -0.6055948734283447 0.9999394416809082
0.565536618232727 0.34536904096603394 -0.6059536337852478 0.9999097585678101
0.535741925239563 0.3439323306083679 -0.6081222295761108 0.9998279809951782
0.5270569324493408 0.3428385853767395 -0.6081786751747131 0.9998589754104614
0.5203929543495178 0.3422777056694031 -0.6083228588104248 0.9997265934944153
0.5726273059844971 0.3537043333053589 -0.4078775644302368 0.9999529123306274
0.5099054574966431 0.35030293464660645 -0.42182105779647827 0.9999597072601318
0.552509605884552 0.4023202955722809 -0.5521215796470642 0.999971866607666
0.5297189354896545 0.3987120985984802 -0.5568029284477234 0.999975323677063
0.6042211055755615 0.4798533022403717 -0.259282648563385 0.9999759197235107
0.4637209475040436 0.4901689887046814 -0.19916535913944244 0.9998453855514526
0.6443531513214111 0.6795558333396912 -0.43352171778678894 0.9971702694892883
0.4272578954696655 0.7052934169769287 -0.07381580024957657 0.906000018119812
0.6075989007949829 0.49251580238342285 -0.7910779714584351 0.9915227890014648
0.41753917932510376 0.8863716125488281 -0.13846369087696075 0.5330372452735901
0.5959323644638062 0.4565718472003937 -0.867024302482605 0.9697573781013489
0.4124602675437927 0.9335755705833435 -0.14605897665023804 0.3766848146915436
0.5914086103439331 0.44476786255836487 -0.8422449231147766 0.9701794385910034
0.41885921359062195 0.9384494423866272 -0.19318516552448273 0.4035879671573639
0.5916863083839417 0.45844146609306335 -0.7878742218017578 0.9458413124084473
0.4219784736633301 0.9225836396217346 -0.15538246929645538 0.39100125432014465
0.5906768441200256 0.809884786605835 -0.00411372072994709 0.9932098984718323
0.4895300269126892 0.8184176683425903 0.004745266400277615 0.9882974028587341
0.649392306804657 0.9942509531974792 -0.3675181567668915 0.89598149061203
0.4534706771373749 1.0041158199310303 -0.3488348424434662 0.8769392371177673
0.6311041712760925 1.29066002368927 -0.010489965789020061 0.29176488518714905
0.46196895837783813 1.307779312133789 -0.06380011141300201 0.30888721346855164
0.6224718689918518 1.3288822174072266 0.016735844314098358 0.3172062337398529
0.466702938079834 1.3451825380325317 -0.044500116258859634 0.30367955565452576
0.6334406733512878 1.3809682130813599 -0.18278828263282776 0.12561245262622833
0.4611048400402069 1.3999221324920654 -0.2627108097076416 0.13150529563426971
