0.5478746294975281 0.3676730990409851 -0.6034751534461975 0.9999707937240601
0.5572716593742371 0.34095197916030884 -0.5800138115882874 0.9999518394470215
0.5629748106002808 0.3411136865615845 -0.5801297426223755 0.9999746084213257
0.5682563781738281 0.34165024757385254 -0.5804423093795776 0.9999624490737915
0.5385923981666565 0.33841294050216675 -0.5842383503913879 0.999925971031189
0.5300847291946411 0.3369092345237732 -0.5843080878257751 0.9999382495880127
0.5231228470802307 0.33580636978149414 -0.5844335556030273 0.9998688697814941
0.5734027624130249 0.3499535322189331 -0.39450883865356445 0.9999793767929077
0.5112277865409851 0.34564197063446045 -0.41549259424209595 0.9999792575836182
0.5547289252281189 0.3967902660369873 -0.5290873646736145 0.9999890327453613
0.5324732065200806 0.39429864287376404 -0.5357930660247803 0.9999886751174927
0.6036539673805237 0.48452499508857727 -0.25743135809898376 0.9999922513961792
0.4634776711463928 0.4897405505180359 -0.20792792737483978 0.9999151229858398
0.6431873440742493 0.6892023086547852 -0.42298972606658936 0.9984071850776672
0.43131116032600403 0.6925532817840576 -0.04086894914507866 0.9419593811035156
0.6096083521842957 0.5397595763206482 -0.785892903804779 0.9964463114738464
0.41684338450431824 0.8686138391494751 -0.03853850066661835 0.6565966606140137
0.598272442817688 0.518540620803833 -0.8627817034721375 0.9868201613426208
0.4132048785686493 0.9141194820404053 -0.04122953116893768 0.4880855977535248
0.5939887166023254 0.49873119592666626 -0.845309317111969 0.9869250059127808
0.4206588566303253 0.9205777645111084 -0.08513524383306503 0.5145083069801331
0.5939671397209167 0.5069184303283691 -0.7853226065635681 0.9763520359992981
0.4233745336532593 0.9062820076942444 -0.05233399569988251 0.5095691084861755
0.5924644470214844 0.8185361623764038 -0.0004834537976421416 0.9970203042030334
0.49028825759887695 0.8211774230003357 0.0012187524698674679 0.9947750568389893
0.6500152945518494 1.007967233657837 -0.2247791886329651 0.8720941543579102
0.44950464367866516 1.0295894145965576 -0.17944630980491638 0.8203322887420654
0.624481737613678 1.3020449876785278 0.12809225916862488 0.15282675623893738
0.459633469581604 1.3178988695144653 0.14485523104667664 0.179358571767807
0.6159685254096985 1.3378221988677979 0.15704412758350372 0.18214978277683258
0.46264737844467163 1.3534985780715942 0.16951939463615417 0.16164609789848328
0.6248998045921326 1.3962159156799316 -0.024104425683617592 0.06417673081159592
0.45955371856689453 1.4090287685394287 -0.026194198057055473 0.06990499794483185
