0.552769124507904 0.3219829797744751 -0.3050025403499603 0.9982742071151733
0.5613910555839539 0.3067860007286072 -0.2796066105365753 0.9989768266677856
0.5662415027618408 0.30825352668762207 -0.2796701490879059 0.9988892674446106
0.5714671015739441 0.30973613262176514 -0.2798765003681183 0.9988645315170288
0.5436149835586548 0.3031770586967468 -0.28268107771873474 0.9988018274307251
0.5370466709136963 0.3031423091888428 -0.28265640139579773 0.9986194372177124
0.5319797992706299 0.3041936159133911 -0.28277137875556946 0.998683750629425
0.5772553086280823 0.3245698809623718 -0.13746006786823273 0.9991004467010498
0.5233390927314758 0.3213697075843811 -0.15164880454540253 0.9988892674446106
0.5622517466545105 0.356338232755661 -0.25048768520355225 0.9996070265769958
0.5406129956245422 0.35253843665122986 -0.2547754943370819 0.9996600151062012
0.606902539730072 0.46963781118392944 -0.07869832217693329 0.99937504529953
0.48181021213531494 0.4716530442237854 -0.09809984266757965 0.9988582134246826
0.6384502649307251 0.6640359163284302 -0.24678151309490204 0.9860219955444336
0.45429202914237976 0.6616314649581909 -0.29421094059944153 0.9665123224258423
0.5757928490638733 0.5270401239395142 -0.5085048675537109 0.9890186786651611
0.5095213651657104 0.5774648189544678 -0.5583077669143677 0.9818105697631836
0.5566245913505554 0.49345821142196655 -0.5626744627952576 0.9724327921867371
0.5256778597831726 0.5528719425201416 -0.6083874106407166 0.9585784077644348
0.5555370450019836 0.4609530568122864 -0.5286661386489868 0.9704867601394653
0.5239930748939514 0.5189907550811768 -0.5836447477340698 0.9531067609786987
0.559794008731842 0.47162455320358276 -0.4987437129020691 0.9593969583511353
0.5221997499465942 0.5243502855300903 -0.5520015954971313 0.9366636872291565
0.593166172504425 0.7883891463279724 0.016300201416015625 0.9963688850402832
0.4992765784263611 0.7829854488372803 -0.01601160317659378 0.9947283864021301
0.6455101370811462 0.9981168508529663 -0.24423959851264954 0.7767122983932495
0.500104546546936 0.9613550305366516 -0.23614102602005005 0.5914358496665955
0.6104692816734314 1.0843102931976318 0.21873517334461212 0.016273314133286476
0.49282601475715637 1.1254198551177979 0.16229557991027832 0.013521420769393444
0.6024529933929443 1.0824310779571533 0.26729801297187805 0.02969009056687355
0.49520066380500793 1.1390794515609741 0.20414938032627106 0.015019784681499004
0.6012842059135437 1.173302173614502 0.22168022394180298 0.010950679890811443
0.5012865662574768 1.2020657062530518 0.1306333690881729 0.008989446796476841
