0.5466068983078003 0.38325247168540955 -0.6004297733306885 0.9999879598617554
0.554809033870697 0.354964017868042 -0.5768898129463196 0.9999910593032837
0.5606220960617065 0.35468727350234985 -0.576954185962677 0.9999921321868896
0.5654578804969788 0.3543184995651245 -0.577206552028656 0.9999878406524658
0.5351683497428894 0.35129547119140625 -0.5809252262115479 0.9999876022338867
0.5260094404220581 0.3487647771835327 -0.5809729695320129 0.9999872446060181
0.5190563797950745 0.34699833393096924 -0.5810163617134094 0.9999816417694092
0.5714589953422546 0.3605197072029114 -0.3980524241924286 0.9999929666519165
0.5092863440513611 0.3561997413635254 -0.4200916588306427 0.9999908208847046
0.5532470941543579 0.4137283265590668 -0.5308075547218323 0.9999972581863403
0.5321925282478333 0.41358381509780884 -0.5374931693077087 0.9999974966049194
0.6071962118148804 0.5022419691085815 -0.26849040389060974 0.9999533891677856
0.46157291531562805 0.49201422929763794 -0.29050543904304504 0.9998975992202759
0.6366365551948547 0.709424614906311 -0.4700371325016022 0.9925563931465149
0.4211023151874542 0.6823551058769226 -0.5155333876609802 0.9938556551933289
0.6388197541236877 0.6147677302360535 -0.8772062063217163 0.9961649179458618
0.4484078586101532 0.613709568977356 -0.9094024300575256 0.9969000816345215
0.6315529346466064 0.5750768184661865 -0.9537935853004456 0.9919840693473816
0.4619535803794861 0.584412693977356 -0.9775139093399048 0.9922330379486084
0.6333827972412109 0.5437592267990112 -0.9372446537017822 0.9914071559906006
0.46156108379364014 0.5538280010223389 -0.9597060084342957 0.9907784461975098
0.6318678259849548 0.5520592331886292 -0.8776835203170776 0.983248233795166
0.46154800057411194 0.5588786602020264 -0.9081043601036072 0.984415590763092
0.5895561575889587 0.8120519518852234 0.012666764669120312 0.9924440979957581
0.487798810005188 0.8292174339294434 -0.012527930550277233 0.9884300231933594
0.6796926856040955 0.9577270746231079 -0.30474546551704407 0.975423276424408
0.42721086740493774 1.0200965404510498 -0.22383135557174683 0.9401349425315857
0.6270871758460999 1.1024929285049438 0.12083343416452408 0.458948016166687
0.4778978228569031 1.1024354696273804 0.2282056361436844 0.18440765142440796
0.6076063513755798 1.1109037399291992 0.1603585183620453 0.3799488842487335
0.4878721833229065 1.1092276573181152 0.2710622251033783 0.14657962322235107
0.6372004747390747 1.2156327962875366 0.056500162929296494 0.24121497571468353
0.47607868909835815 1.1751110553741455 0.17267470061779022 0.06406061351299286
