0.5446714162826538 0.38326337933540344 -0.5078979730606079 0.9999878406524658
0.5527819991111755 0.35677191615104675 -0.4883657693862915 0.9999871253967285
0.5580901503562927 0.35638830065727234 -0.4884449541568756 0.9999879598617554
0.5626062750816345 0.35646867752075195 -0.4886612892150879 0.9999798536300659
0.534564733505249 0.3562368154525757 -0.49169084429740906 0.9999836683273315
0.5263234972953796 0.355402410030365 -0.4916892945766449 0.9999822378158569
0.5193268656730652 0.3548552989959717 -0.49168524146080017 0.9999730587005615
0.567516028881073 0.36374109983444214 -0.3274478614330292 0.9999890327453613
0.5089278221130371 0.3629397749900818 -0.34537091851234436 0.9999889135360718
0.5510595440864563 0.41215044260025024 -0.4442828595638275 0.9999973773956299
0.5312334299087524 0.4130702018737793 -0.44965192675590515 0.9999978542327881
0.6013975739479065 0.5017744302749634 -0.19970755279064178 0.9999833106994629
0.46368634700775146 0.49617308378219604 -0.21449504792690277 0.9999622106552124
0.6369151473045349 0.6817268133163452 -0.31455379724502563 0.9904149770736694
0.4267873167991638 0.6781628727912903 -0.35715609788894653 0.9938201308250427
0.6545935273170471 0.6716985702514648 -0.6811593770980835 0.9950916767120361
0.440984308719635 0.6589882373809814 -0.7125228643417358 0.9958990216255188
0.6583073735237122 0.6415948271751404 -0.7510425448417664 0.9908259510993958
0.4518245458602905 0.6535989046096802 -0.7742955684661865 0.9918093085289001
0.6581498980522156 0.6210427284240723 -0.7561383843421936 0.9903961420059204
0.4527207911014557 0.6189560294151306 -0.7760327458381653 0.990809440612793
0.6527372002601624 0.6272994875907898 -0.6890058517456055 0.982134222984314
0.45173269510269165 0.618408203125 -0.7178871631622314 0.9840482473373413
0.5902344584465027 0.7945191860198975 0.010697061195969582 0.995327353477478
0.49261346459388733 0.8107069730758667 -0.010602670721709728 0.9935411214828491
0.679634690284729 0.9531645774841309 -0.28903934359550476 0.9595685601234436
0.42821797728538513 0.9848234057426453 -0.2504956126213074 0.9308853149414062
0.6360231041908264 1.092463731765747 0.05212465673685074 0.4399856626987457
0.49467918276786804 1.0935266017913818 0.14019916951656342 0.18029527366161346
0.6150270104408264 1.1105530261993408 0.08268587291240692 0.4930943548679352
0.5074031949043274 1.1047879457473755 0.17698313295841217 0.22157102823257446
0.6604882478713989 1.1961671113967896 -0.02117297425866127 0.26529461145401
0.48914283514022827 1.1645745038986206 0.08578558266162872 0.07900245487689972
