0.5449978709220886 0.3851350247859955 -0.5657400488853455 0.9999837875366211
0.5528141260147095 0.35976722836494446 -0.5461149215698242 0.9999839067459106
0.5583215355873108 0.3593868315219879 -0.546186625957489 0.999984860420227
0.5630008578300476 0.3594355583190918 -0.5464001297950745 0.9999740123748779
0.5340530276298523 0.3593388497829437 -0.5492134094238281 0.9999810457229614
0.5257482528686523 0.3589186668395996 -0.549235999584198 0.9999794960021973
0.5187240242958069 0.35839781165122986 -0.5492451190948486 0.9999676942825317
0.5687991380691528 0.3660943806171417 -0.38446956872940063 0.9999853372573853
0.5083042979240417 0.3660058081150055 -0.4021032154560089 0.999987006187439
0.5521054863929749 0.4142913222312927 -0.502140998840332 0.9999969005584717
0.531195342540741 0.41569581627845764 -0.5074699521064758 0.9999974966049194
0.6047037243843079 0.5046467781066895 -0.25638455152511597 0.9999803304672241
0.46415287256240845 0.4994865655899048 -0.2713119685649872 0.9999562501907349
0.6368439793586731 0.6860407590866089 -0.3925582766532898 0.9877898693084717
0.43022382259368896 0.6843387484550476 -0.43393179774284363 0.9913557171821594
0.6524430513381958 0.6675570011138916 -0.7577793598175049 0.9925277233123779
0.4459622800350189 0.6640016436576843 -0.7942449450492859 0.9918437600135803
0.6508845090866089 0.6402518153190613 -0.8259097933769226 0.9867185950279236
0.45646965503692627 0.6578072309494019 -0.8567368388175964 0.9848009347915649
0.6530454158782959 0.6142932772636414 -0.8257108330726624 0.9854456186294556
0.4570598900318146 0.6227515935897827 -0.8524414896965027 0.9824061393737793
0.6501690149307251 0.6197816729545593 -0.7632609605789185 0.9723390340805054
0.4565407335758209 0.6221600770950317 -0.7976640462875366 0.9694175720214844
0.5904485583305359 0.7972089648246765 0.011493267491459846 0.9976220726966858
0.49409809708595276 0.810880720615387 -0.011483797803521156 0.9965285658836365
0.6812444925308228 0.9598879218101501 -0.24298034608364105 0.9304198622703552
0.42879343032836914 0.9867535829544067 -0.20454077422618866 0.8852990865707397
0.6389456987380981 1.0734182596206665 0.13976123929023743 0.25741490721702576
0.48675405979156494 1.0713609457015991 0.2106620967388153 0.11382300406694412
0.6190921664237976 1.0839248895645142 0.17575854063034058 0.3265230357646942
0.49826210737228394 1.0792876482009888 0.2510053217411041 0.15240737795829773
0.6613191962242126 1.172661304473877 0.0893154889345169 0.15594880282878876
0.4825544059276581 1.1416404247283936 0.17368841171264648 0.05611332505941391
