0.5545218586921692 0.34401506185531616 -0.19712074100971222 0.9986536502838135
0.5613160729408264 0.32163649797439575 -0.17170380055904388 0.9984472393989563
0.5663720369338989 0.32275980710983276 -0.1717623770236969 0.9989467263221741
0.5698602199554443 0.3241724967956543 -0.17183449864387512 0.9986501336097717
0.5448224544525146 0.32032138109207153 -0.17450855672359467 0.9978625178337097
0.5390934348106384 0.3208954334259033 -0.17466643452644348 0.9985118508338928
0.5334584712982178 0.3224756717681885 -0.17483609914779663 0.9980249404907227
0.5765877962112427 0.3399903178215027 -0.0325365848839283 0.9992551207542419
0.523971438407898 0.339687705039978 -0.04242771863937378 0.999049723148346
0.5655155777931213 0.3702375888824463 -0.1437404453754425 0.9976207613945007
0.5442277193069458 0.3678502142429352 -0.14742523431777954 0.9959773421287537
0.620854377746582 0.4787173271179199 0.0031032601837068796 0.998062789440155
0.4836486876010895 0.4807813763618469 -0.03293025866150856 0.997041642665863
0.6490459442138672 0.6475632190704346 -0.20908699929714203 0.9984758496284485
0.4818924069404602 0.6545733213424683 -0.2755442261695862 0.997188150882721
0.5746061205863953 0.49667438864707947 -0.4088030457496643 0.9978410005569458
0.5507833361625671 0.5131690502166748 -0.488444447517395 0.9990776777267456
0.5652285814285278 0.44645604491233826 -0.4490733742713928 0.9930635094642639
0.5593588948249817 0.4620117247104645 -0.5344513058662415 0.9953349232673645
0.5643171668052673 0.4321609139442444 -0.40705031156539917 0.9923107624053955
0.5528016686439514 0.4440288245677948 -0.4968961775302887 0.9945628046989441
0.5654417872428894 0.44639164209365845 -0.39630815386772156 0.9948222637176514
0.550827145576477 0.4652704894542694 -0.47856780886650085 0.995570957660675
0.607154130935669 0.8198899030685425 0.01177285797894001 0.999927282333374
0.5062471628189087 0.8199668526649475 -0.010951307602226734 0.9998844861984253
0.6144651770591736 1.0812443494796753 0.0527321919798851 0.6432331204414368
0.5009942054748535 1.0963058471679688 0.0294202733784914 0.7477297186851501
0.6132986545562744 1.2979934215545654 0.4503760039806366 0.0002775978937279433
0.4945184588432312 1.2948631048202515 0.3674013018608093 0.0011185825569555163
0.6158555746078491 1.3379898071289062 0.4887903928756714 0.001049140701070428
0.4926789700984955 1.333812952041626 0.40036821365356445 0.0012563547352328897
0.6035196185112 1.3845722675323486 0.38952815532684326 0.00014245045895222574
0.5041481256484985 1.3719372749328613 0.2811921536922455 0.00057978491531685
