0.5527229309082031 0.3427184224128723 -0.28272315859794617 0.9944809675216675
0.5611032843589783 0.32093971967697144 -0.2570508122444153 0.9938154220581055
0.5659973621368408 0.3219081163406372 -0.2571471035480499 0.995016872882843
0.5700340270996094 0.32308053970336914 -0.2573162913322449 0.9938402771949768
0.5436683893203735 0.320560097694397 -0.2575027048587799 0.9921211004257202
0.5375437140464783 0.3213083744049072 -0.25768154859542847 0.9933085441589355
0.5322430729866028 0.3230295181274414 -0.2578374147415161 0.9918087124824524
0.57863450050354 0.3418819308280945 -0.11315570771694183 0.9967756867408752
0.52327960729599 0.3411098122596741 -0.11167494207620621 0.9951026439666748
0.5643309950828552 0.36953204870224 -0.22718919813632965 0.9905804991722107
0.542133629322052 0.36877208948135376 -0.22728987038135529 0.9826393127441406
0.6187071204185486 0.4739728569984436 -0.06504491716623306 0.9960379600524902
0.484481543302536 0.4857487976551056 -0.07855507731437683 0.9931962490081787
0.6499361395835876 0.6703546643257141 -0.26860740780830383 0.9937916398048401
0.47831904888153076 0.6744639873504639 -0.3103639781475067 0.9809375405311584
0.577699601650238 0.5290071964263916 -0.49034467339515686 0.9906265735626221
0.5458368062973022 0.5374253988265991 -0.5421284437179565 0.9938681721687317
0.5692499876022339 0.47606557607650757 -0.5322598814964294 0.9761272072792053
0.550990641117096 0.47239065170288086 -0.5853990912437439 0.9755529165267944
0.5701566338539124 0.45536136627197266 -0.4895124137401581 0.9749709367752075
0.5445740222930908 0.4541654586791992 -0.5486891269683838 0.9713873863220215
0.570850670337677 0.4724814295768738 -0.4771992266178131 0.9806683659553528
0.5465472340583801 0.4819716811180115 -0.5320921540260315 0.9755313992500305
0.6071248650550842 0.7990615367889404 0.0062786429189145565 0.9997362494468689
0.5068054795265198 0.7991247773170471 -0.005698676221072674 0.9996944665908813
0.6088648438453674 1.0583888292312622 -0.023996060714125633 0.6737724542617798
0.5055478811264038 1.0241472721099854 -0.061242010444402695 0.7890538573265076
0.6134452819824219 1.2169923782348633 0.41392889618873596 0.0006000975263305008
0.500350296497345 1.228326678276062 0.34377849102020264 0.0013008750975131989
0.6152328252792358 1.244897723197937 0.4583965539932251 0.002165936166420579
0.49936527013778687 1.2577069997787476 0.38632863759994507 0.0019105522660538554
0.6094662547111511 1.3011038303375244 0.39112138748168945 0.0003067781508434564
0.5038579702377319 1.3059885501861572 0.3053988516330719 0.0007873508147895336
