0.5535826086997986 0.3439134359359741 -0.2554289996623993 0.9989901185035706
0.562211811542511 0.323897123336792 -0.2333240956068039 0.9986863732337952
0.5666848421096802 0.32498645782470703 -0.23332728445529938 0.999099850654602
0.5709560513496399 0.32637566328048706 -0.23339377343654633 0.9987971782684326
0.5444769263267517 0.32232004404067993 -0.23519335687160492 0.9981772899627686
0.5382103323936462 0.3229442834854126 -0.23533867299556732 0.9985938668251038
0.5324862599372864 0.32387739419937134 -0.2354373186826706 0.9980441331863403
0.5794504284858704 0.3421629071235657 -0.09871554374694824 0.9994615912437439
0.5234968066215515 0.338487446308136 -0.10278193652629852 0.9991142153739929
0.564280092716217 0.37362852692604065 -0.20349746942520142 0.9990012049674988
0.5420957207679749 0.3706006407737732 -0.2052324414253235 0.9980096220970154
0.6164829730987549 0.4722478687763214 -0.05194146931171417 0.9993352293968201
0.48530662059783936 0.4840611219406128 -0.0667523667216301 0.9984779953956604
0.6466234922409058 0.6620277166366577 -0.23762279748916626 0.9992125034332275
0.482460618019104 0.6686384677886963 -0.2886503040790558 0.9987755417823792
0.5798516869544983 0.5286503434181213 -0.44256141781806946 0.9992530941963196
0.5483418703079224 0.5350219011306763 -0.5243059992790222 0.9998077750205994
0.5754116177558899 0.48358312249183655 -0.48460182547569275 0.9969112277030945
0.5560559630393982 0.48771634697914124 -0.5694820284843445 0.9987462759017944
0.5746155381202698 0.46293407678604126 -0.4432540833950043 0.9965329170227051
0.5516049861907959 0.4677658975124359 -0.5361129641532898 0.9985215067863464
0.5735935568809509 0.4784993529319763 -0.4298441708087921 0.9978965520858765
0.55069500207901 0.4864082634449005 -0.5159837603569031 0.9988771080970764
0.6074739098548889 0.8143395781517029 0.007239420432597399 0.9999562501907349
0.5083434581756592 0.812218427658081 -0.006080269813537598 0.9999265670776367
0.6072310209274292 1.0673422813415527 0.041412193328142166 0.24226981401443481
0.5032985806465149 1.0740606784820557 0.06776850670576096 0.3380821943283081
0.607504665851593 1.2797282934188843 0.3923722505569458 1.9915663870051503e-05
0.49477651715278625 1.2698689699172974 0.4058351218700409 6.44389510853216e-05
0.61116623878479 1.3224718570709229 0.4254428446292877 0.00013275136006996036
0.49079567193984985 1.3124028444290161 0.43813377618789673 9.314539784099907e-05
0.596328616142273 1.363274097442627 0.3184325397014618 1.2301071365072858e-05
0.5036864876747131 1.3448927402496338 0.31639063358306885 4.7718083806103095e-05
