0.5528180003166199 0.33686211705207825 -0.20083226263523102 0.9999984502792358
0.5617150068283081 0.3180864751338959 -0.17005933821201324 0.9999986886978149
0.5663423538208008 0.31897249817848206 -0.1701836884021759 0.9999984502792358
0.5715588927268982 0.32010069489479065 -0.1702832132577896 0.9999980926513672
0.5431058406829834 0.31711968779563904 -0.17032495141029358 0.999998927116394
0.5365527868270874 0.3181650638580322 -0.17030483484268188 0.9999988079071045
0.5318132042884827 0.3189750909805298 -0.17041249573230743 0.9999985694885254
0.5799474120140076 0.3367246687412262 -0.019891180098056793 0.9999983310699463
0.5224437117576599 0.3390672504901886 -0.022608382627367973 0.9999996423721313
0.5642603635787964 0.36838963627815247 -0.1469447910785675 0.9999998807907104
0.5405851006507874 0.3661577105522156 -0.14789286255836487 0.9999998807907104
0.6201136708259583 0.4759046137332916 0.0451023131608963 0.9999725818634033
0.48311668634414673 0.48188528418540955 0.022921450436115265 0.9999756813049316
0.666037917137146 0.6321913003921509 -0.0688912495970726 0.990401566028595
0.45409706234931946 0.6559194326400757 -0.11309508979320526 0.9938818216323853
0.6483268737792969 0.6927603483200073 -0.3404556214809418 0.9734722375869751
0.5054246783256531 0.7046459913253784 -0.3506326377391815 0.9836746454238892
0.6446712613105774 0.7452412247657776 -0.4025673568248749 0.9487821459770203
0.5128743648529053 0.7483119368553162 -0.40824809670448303 0.9628049731254578
0.6290267705917358 0.7338374853134155 -0.4162583649158478 0.9507688879966736
0.5314821600914001 0.7319223880767822 -0.4045831263065338 0.9615718126296997
0.6248462796211243 0.7143951058387756 -0.3495405614376068 0.936597466468811
0.530254602432251 0.7162555456161499 -0.3501873314380646 0.9474900364875793
0.6067174673080444 0.7631675601005554 -0.0004825736687052995 0.9929614663124084
0.5140060782432556 0.77103191614151 0.0007755219121463597 0.9925786852836609
0.6261396408081055 0.8783600926399231 -0.4614008963108063 0.8383407592773438
0.4974420368671417 0.8730249404907227 -0.47845718264579773 0.8177943229675293
0.6298374533653259 1.0914024114608765 -0.6215349435806274 0.18519078195095062
0.513649582862854 1.084605097770691 -0.6528076529502869 0.18880689144134521
0.6208255290985107 1.1502361297607422 -0.6486818194389343 0.5816293358802795
0.5250152349472046 1.1385092735290527 -0.679879903793335 0.3531801104545593
0.6427634954452515 1.1258971691131592 -0.8116511702537537 0.3154103457927704
0.5025086998939514 1.1181879043579102 -0.8469154834747314 0.2585761845111847
