0.5408426523208618 0.3399277627468109 -0.38589510321617126 0.9993485808372498
0.5470752716064453 0.3177645802497864 -0.35608628392219543 0.9988657236099243
0.5513554811477661 0.3173845410346985 -0.3560594618320465 0.9990981817245483
0.5555092096328735 0.3175770342350006 -0.35620275139808655 0.9986733198165894
0.5319164395332336 0.32140278816223145 -0.35335174202919006 0.998319685459137
0.5267659425735474 0.32264456152915955 -0.35362952947616577 0.9986549615859985
0.5216788649559021 0.32406798005104065 -0.35367462038993835 0.9977608919143677
0.5627363324165344 0.3320942223072052 -0.1994631141424179 0.9994961023330688
0.513035237789154 0.3364412784576416 -0.18586468696594238 0.9985843896865845
0.550957441329956 0.3629007339477539 -0.3279339671134949 0.9996007084846497
0.5323611497879028 0.36780089139938354 -0.32484152913093567 0.9991795420646667
0.6037601232528687 0.47246798872947693 -0.1323254257440567 0.9996875524520874
0.4774852693080902 0.471802294254303 -0.11995770037174225 0.9986053109169006
0.6672213077545166 0.6329988837242126 -0.3780268132686615 0.9996019005775452
0.4128064513206482 0.6187820434570312 -0.351843923330307 0.9988219141960144
0.6152817010879517 0.47318682074546814 -0.6439744830131531 0.9997983574867249
0.47904345393180847 0.4555165767669678 -0.6067006587982178 0.9998443126678467
0.5988333225250244 0.4282365143299103 -0.6979429721832275 0.9986997842788696
0.49371543526649475 0.4082479178905487 -0.6523231267929077 0.998970627784729
0.5923775434494019 0.4099305272102356 -0.6497229337692261 0.9984292387962341
0.49692878127098083 0.3979019820690155 -0.6119821667671204 0.9986717700958252
0.5922790169715881 0.421421080827713 -0.6288795471191406 0.9983834028244019
0.4966658651828766 0.412754088640213 -0.5954031348228455 0.9983677268028259
0.5805631279945374 0.7839787006378174 0.001776787918061018 0.9996873140335083
0.4908405840396881 0.7901802659034729 -0.0013374114641919732 0.9994029998779297
0.6151679754257202 1.0078797340393066 -0.27990928292274475 0.8248103857040405
0.4910145103931427 1.0274797677993774 -0.06739426404237747 0.6930058002471924
0.6074197292327881 1.15999436378479 0.12754011154174805 0.0021569703239947557
0.5037094354629517 1.1849027872085571 0.3066111207008362 0.0032745697535574436
0.6046167016029358 1.1843243837356567 0.16852226853370667 0.016147667542099953
0.5068054795265198 1.2145516872406006 0.34225955605506897 0.005080357659608126
0.6077821850776672 1.2405788898468018 0.06683802604675293 0.0022363713942468166
0.5045644640922546 1.2593340873718262 0.22888562083244324 0.0028479453176259995
