0.5388498306274414 0.33720123767852783 -0.521681010723114 0.9999980926513672
0.547218382358551 0.3160320520401001 -0.49424681067466736 0.9999971389770508
0.5533525347709656 0.3164271116256714 -0.4942261278629303 0.9999979734420776
0.5575027465820312 0.31662988662719727 -0.49427303671836853 0.9999964237213135
0.5290831327438354 0.3160542845726013 -0.4932343065738678 0.9999954700469971
0.5231761336326599 0.3164293169975281 -0.4933971166610718 0.9999966621398926
0.5184625387191772 0.31711727380752563 -0.49345943331718445 0.9999936819076538
0.5638564825057983 0.33152586221694946 -0.31179079413414 0.9999982118606567
0.5114554166793823 0.3352273106575012 -0.30941346287727356 0.9999966621398926
0.550601065158844 0.365525484085083 -0.45382118225097656 0.9999992847442627
0.5277479887008667 0.3654860258102417 -0.45399585366249084 0.9999985694885254
0.6116413474082947 0.4874887466430664 -0.18355192244052887 0.9999945163726807
0.4614575505256653 0.4930005669593811 -0.1729886531829834 0.9999622106552124
0.6665714383125305 0.691071629524231 -0.3636820614337921 0.9996697902679443
0.4021430015563965 0.6917819976806641 -0.38686004281044006 0.9993404746055603
0.6591960787773132 0.5679314732551575 -0.7231395840644836 0.9998167157173157
0.42567360401153564 0.5751876831054688 -0.8120572566986084 0.9998712539672852
0.6462093591690063 0.5286441445350647 -0.7857140302658081 0.9985816478729248
0.434703528881073 0.5338383316993713 -0.8812190890312195 0.9990130662918091
0.6475361585617065 0.4988340735435486 -0.760185956954956 0.9984363913536072
0.4367353320121765 0.5056179761886597 -0.8542859554290771 0.9989467263221741
0.6474223732948303 0.5119048357009888 -0.7179540991783142 0.9982470273971558
0.4370463788509369 0.5202913284301758 -0.8092533946037292 0.9987782835960388
0.5909738540649414 0.8274529576301575 -0.0004786919162143022 0.999816358089447
0.4834699034690857 0.8350265026092529 0.0016892882995307446 0.9996703863143921
0.6012012958526611 1.1027766466140747 -0.15894760191440582 0.5220001339912415
0.4843687415122986 1.1046501398086548 0.06998137384653091 0.39414849877357483
0.6035903692245483 1.3332548141479492 0.28781023621559143 0.0005187297356314957
0.4764280319213867 1.337552547454834 0.4965350031852722 0.0014504429418593645
0.6040801405906677 1.3802168369293213 0.32461825013160706 0.0014084995491430163
0.4720169007778168 1.3842419385910034 0.5309966206550598 0.0013797100400552154
0.5949512720108032 1.4237236976623535 0.13009147346019745 0.00033676461316645145
0.49125924706459045 1.4264605045318604 0.3162854313850403 0.0014930171892046928
