0.539355993270874 0.3532291650772095 -0.22542668879032135 0.9999394416809082
0.5471933484077454 0.3349575400352478 -0.19318866729736328 0.9999409914016724
0.5513900518417358 0.336284875869751 -0.1933327168226242 0.9999377727508545
0.5558374524116516 0.3379858732223511 -0.1935851275920868 0.9999451637268066
0.5293867588043213 0.3332797884941101 -0.19758476316928864 0.9999502897262573
0.5228192806243896 0.334234356880188 -0.19752725958824158 0.9999337196350098
0.5165950059890747 0.33627957105636597 -0.19759227335453033 0.99993896484375
0.5614808797836304 0.35101592540740967 -0.03221893683075905 0.9999557733535767
0.5086204409599304 0.35248151421546936 -0.04980091378092766 0.9999566078186035
0.5486946105957031 0.38384366035461426 -0.16655103862285614 0.9999840259552002
0.5281534790992737 0.38524380326271057 -0.17165729403495789 0.9999879598617554
0.602345883846283 0.49174198508262634 0.03607307747006416 0.999925971031189
0.4668801426887512 0.4896840453147888 0.03124728426337242 0.9999035596847534
0.6445066928863525 0.6511223912239075 -0.07705562561750412 0.9566149115562439
0.4352704584598541 0.6600193977355957 0.03794532269239426 0.9340549111366272
0.6293250918388367 0.6519219875335693 -0.4014723598957062 0.8354204297065735
0.42594432830810547 0.8078945875167847 -0.12097425013780594 0.7213137745857239
0.6292247772216797 0.6609384417533875 -0.4671940803527832 0.7499246001243591
0.41926413774490356 0.8571568131446838 -0.1574326455593109 0.6374449133872986
0.6264204382896423 0.6333976984024048 -0.47212618589401245 0.7571567893028259
0.426346093416214 0.851945161819458 -0.19161401689052582 0.6560410857200623
0.6221014261245728 0.6345772743225098 -0.4104485809803009 0.6917346119880676
0.43176132440567017 0.8366659879684448 -0.13698850572109222 0.6294912099838257
0.5875825881958008 0.7937825918197632 0.012052477337419987 0.9929170608520508
0.4882315993309021 0.8057276606559753 -0.011692299507558346 0.99153733253479
0.6768701076507568 0.9419284462928772 -0.3654116988182068 0.9382426738739014
0.43536582589149475 0.9690220355987549 -0.271475225687027 0.8797638416290283
0.6213093400001526 1.0330862998962402 -0.07889293134212494 0.29666081070899963
0.4864725172519684 1.1350398063659668 0.001856513787060976 0.19303566217422485
0.6066469550132751 1.0379143953323364 -0.048824992030858994 0.37337085604667664
0.498250812292099 1.153944730758667 0.027003441005945206 0.20825837552547455
0.6157025098800659 1.1017639636993408 -0.1474711000919342 0.18029925227165222
0.4840182662010193 1.205826997756958 -0.09371713548898697 0.08175607770681381
