0.5401601791381836 0.3550214171409607 -0.2977099120616913 0.9997846484184265
0.5478406548500061 0.33750224113464355 -0.2663748562335968 0.9998462200164795
0.5528578162193298 0.33862024545669556 -0.2665758430957794 0.9998502731323242
0.5579894781112671 0.33984363079071045 -0.26685604453086853 0.9998794794082642
0.5305835008621216 0.3356248736381531 -0.269692063331604 0.9998027682304382
0.5234696865081787 0.3361845016479492 -0.26959657669067383 0.9997003078460693
0.5172327160835266 0.3376649022102356 -0.269657164812088 0.9996719360351562
0.5633836388587952 0.3519412577152252 -0.10055501759052277 0.9999121427536011
0.5079541802406311 0.35272952914237976 -0.1148163378238678 0.9998106360435486
0.5484855771064758 0.38628876209259033 -0.23626412451267242 0.9999724626541138
0.5280655026435852 0.3874725103378296 -0.2404446303844452 0.9999686479568481
0.6014066338539124 0.4862423241138458 -0.0425269789993763 0.9999738931655884
0.4650409519672394 0.49194908142089844 -0.007878873497247696 0.9997205138206482
0.639025092124939 0.6320456266403198 -0.20407922565937042 0.9866944551467896
0.43303218483924866 0.6776602864265442 0.032655078917741776 0.8818879127502441
0.6152153015136719 0.6159400343894958 -0.5576680898666382 0.9624950289726257
0.4247433841228485 0.8351184725761414 -0.10403236001729965 0.5481378436088562
0.6085349917411804 0.6084266901016235 -0.6305111646652222 0.9312240481376648
0.41628360748291016 0.8804947137832642 -0.13503272831439972 0.46624264121055603
0.6049689054489136 0.5813263058662415 -0.6265849471092224 0.931005597114563
0.4238097071647644 0.8794132471084595 -0.1718459278345108 0.4859309196472168
0.6033443808555603 0.5781151056289673 -0.5632184147834778 0.8934605121612549
0.42927032709121704 0.8615063428878784 -0.12103002518415451 0.4796741008758545
0.5891402959823608 0.7983842492103577 0.0071902829222381115 0.9983965754508972
0.4899519681930542 0.8080066442489624 -0.006814486347138882 0.9952874183654785
0.6830679774284363 0.9573414921760559 -0.2793920934200287 0.8535422682762146
0.43307459354400635 0.9855229258537292 -0.22750386595726013 0.7522008419036865
0.6233050227165222 1.0322871208190918 0.10162238031625748 0.09340405464172363
0.48375779390335083 1.0831971168518066 0.13885892927646637 0.05000017210841179
0.6089681386947632 1.027019739151001 0.14284655451774597 0.16675357520580292
0.49319592118263245 1.090336799621582 0.17664599418640137 0.08322934061288834
0.6197563409805298 1.1010318994522095 0.06844771653413773 0.0551568865776062
0.48904937505722046 1.144622802734375 0.0877273827791214 0.025242982432246208
