0.5406215190887451 0.35465139150619507 -0.15067709982395172 0.9998977184295654
0.5498315691947937 0.33474189043045044 -0.12034624069929123 0.9999194145202637
0.5544539093971252 0.3360450863838196 -0.12051724642515182 0.9999229907989502
0.5599850416183472 0.337674617767334 -0.12079176306724548 0.9999386072158813
0.53119295835495 0.33232581615448 -0.12043507397174835 0.999887228012085
0.5235828161239624 0.3322027325630188 -0.12029307335615158 0.9998282194137573
0.5170557498931885 0.33287686109542847 -0.12037506699562073 0.9998301267623901
0.5662788152694702 0.3537141680717468 0.025973552837967873 0.9999550580978394
0.508249819278717 0.3512687087059021 0.025587601587176323 0.999914288520813
0.5491810441017151 0.3879024386405945 -0.09679318964481354 0.9999735355377197
0.5267117023468018 0.386534720659256 -0.09723525494337082 0.9999693632125854
0.6009668111801147 0.4786452054977417 0.03577520325779915 0.9999727010726929
0.46663787961006165 0.48776549100875854 0.10989369451999664 0.9997970461845398
0.6297786831855774 0.5888268351554871 -0.19084712862968445 0.9930523633956909
0.4375966787338257 0.6597691178321838 0.14641229808330536 0.8772945404052734
0.5814474821090698 0.49402984976768494 -0.5270501375198364 0.991459846496582
0.42935991287231445 0.8289226293563843 0.05487881973385811 0.6676300168037415
0.5621514916419983 0.46913403272628784 -0.59716796875 0.9806010723114014
0.42397353053092957 0.8716931343078613 0.03526253253221512 0.5645828247070312
0.5607795119285583 0.455522745847702 -0.5712507367134094 0.9789981245994568
0.4299694299697876 0.8700320720672607 0.005021869670599699 0.5736154317855835
0.5638688206672668 0.46415042877197266 -0.5235056281089783 0.9646219611167908
0.4361271858215332 0.8552951812744141 0.0409909151494503 0.5766751766204834
0.5916474461555481 0.8014856576919556 -0.00016424372734036297 0.9991486072540283
0.490218847990036 0.8146759271621704 0.0004955076146870852 0.9974811673164368
0.6759077906608582 0.9548273086547852 -0.3101801872253418 0.8707086443901062
0.43276798725128174 0.9843345284461975 -0.24874013662338257 0.7753727436065674
0.6141325831413269 1.0681787729263306 0.07385488599538803 0.09810275584459305
0.48856431245803833 1.112604022026062 0.10928070545196533 0.05647853761911392
0.5976609587669373 1.0724687576293945 0.11525756865739822 0.17223502695560455
0.49985381960868835 1.122580647468567 0.14648230373859406 0.0900682583451271
0.6152151226997375 1.160271406173706 0.0368506982922554 0.06101362407207489
0.4890352189540863 1.1855226755142212 0.05905250832438469 0.028176480904221535
