0.539497435092926 0.35582929849624634 -0.11337561160326004 0.9999798536300659
0.5485717058181763 0.33522945642471313 -0.08197566121816635 0.999980092048645
0.5530889630317688 0.3361679017543793 -0.08211345970630646 0.9999817609786987
0.5578243732452393 0.3371261954307556 -0.08235512673854828 0.9999833106994629
0.5297635197639465 0.33425676822662354 -0.08330731093883514 0.9999762773513794
0.522726833820343 0.3343994915485382 -0.0831928476691246 0.9999691247940063
0.5166945457458496 0.3354123830795288 -0.0832783505320549 0.9999681711196899
0.5648702383041382 0.3530822992324829 0.06032945215702057 0.9999912977218628
0.508740246295929 0.35327622294425964 0.05497477948665619 0.9999874830245972
0.5485169887542725 0.38654476404190063 -0.06106067821383476 0.9999927282333374
0.526280403137207 0.38707584142684937 -0.06293889135122299 0.999992847442627
0.5972163081169128 0.4769226014614105 0.06486428529024124 0.9999865293502808
0.4665006101131439 0.49674180150032043 0.12583772838115692 0.9998667240142822
0.6312267184257507 0.5785903930664062 -0.1642368733882904 0.9938622713088989
0.43322765827178955 0.6826122999191284 0.12073598802089691 0.9023464918136597
0.5759375691413879 0.49318790435791016 -0.4805406928062439 0.9857751131057739
0.4303610920906067 0.8469657301902771 0.007419109344482422 0.6594718098640442
0.5574359893798828 0.4786488711833954 -0.5485880374908447 0.9608262777328491
0.42148450016975403 0.897484302520752 -0.017726032063364983 0.5360438823699951
0.5526360869407654 0.47316327691078186 -0.5159308314323425 0.9580754637718201
0.4236608147621155 0.8889489769935608 -0.0420185886323452 0.549354612827301
0.5558986067771912 0.47920310497283936 -0.4743700623512268 0.9366792440414429
0.43693265318870544 0.8759053945541382 -0.004768953658640385 0.5497077107429504
0.5898856520652771 0.7970142960548401 -0.004126889165490866 0.9993113279342651
0.49113354086875916 0.8057155013084412 0.004565111827105284 0.9981404542922974
0.6774064302444458 0.9628506302833557 -0.32142961025238037 0.9168146848678589
0.4396776258945465 0.9840540885925293 -0.25813761353492737 0.8757585287094116
0.6126646399497986 1.1513848304748535 0.019954955205321312 0.166503444314003
0.4900417923927307 1.1909193992614746 0.04301697015762329 0.15158279240131378
0.5975364446640015 1.166330337524414 0.054685983806848526 0.2832431495189667
0.5003926157951355 1.2135605812072754 0.0723736584186554 0.16820932924747467
0.6139869689941406 1.2495886087417603 -0.057932887226343155 0.09973716735839844
0.489792138338089 1.279937505722046 -0.04952032119035721 0.0603921040892601
