0.5389868021011353 0.3588402569293976 -0.2678094506263733 0.9999253749847412
0.5485564470291138 0.33585965633392334 -0.23917169868946075 0.9999450445175171
0.5530505776405334 0.33668774366378784 -0.2393370270729065 0.9999514818191528
0.5581940412521362 0.33743220567703247 -0.23961295187473297 0.9999582767486572
0.5294458270072937 0.3347274661064148 -0.24079282581806183 0.9999157190322876
0.5223835110664368 0.33462071418762207 -0.24066129326820374 0.9998722076416016
0.5159696340560913 0.3352312445640564 -0.24074311554431915 0.999854326248169
0.5651304721832275 0.3516305685043335 -0.08208873122930527 0.9999758005142212
0.507802426815033 0.3516436219215393 -0.08814148604869843 0.9999376535415649
0.5481149554252625 0.3895898163318634 -0.20829416811466217 0.9999856948852539
0.5257560014724731 0.389492392539978 -0.21030770242214203 0.9999814033508301
0.6000133752822876 0.47519224882125854 -0.04195057973265648 0.9999831914901733
0.46553462743759155 0.49158552289009094 0.016585424542427063 0.9997425675392151
0.6318879723548889 0.5885744094848633 -0.25248798727989197 0.9956957101821899
0.43451622128486633 0.6787397861480713 0.04914635419845581 0.9147512912750244
0.5840830206871033 0.5012712478637695 -0.6012372970581055 0.9941400289535522
0.43095120787620544 0.8362666368484497 -0.06480837613344193 0.6984100937843323
0.5651387572288513 0.4791792631149292 -0.676776647567749 0.9855749607086182
0.425662636756897 0.8905649185180664 -0.09145008772611618 0.5945584774017334
0.5619696974754333 0.46638479828834534 -0.6540003418922424 0.9849013686180115
0.42768213152885437 0.875426709651947 -0.12291964888572693 0.6103978157043457
0.5650457143783569 0.47310569882392883 -0.5989641547203064 0.9739116430282593
0.437883585691452 0.8696896433830261 -0.07923144847154617 0.603477418422699
0.5914724469184875 0.8003966808319092 -0.0007490205462090671 0.9985129237174988
0.4923929274082184 0.8108111619949341 0.0011923611164093018 0.9959849119186401
0.6795403361320496 0.9583161473274231 -0.31333571672439575 0.8985527157783508
0.43051451444625854 0.9879672527313232 -0.24543192982673645 0.825326681137085
0.6143417954444885 1.099846601486206 0.07737749069929123 0.15527257323265076
0.4948827028274536 1.1554005146026611 0.11647971719503403 0.09870454668998718
0.5983788967132568 1.1068648099899292 0.11756185442209244 0.23744776844978333
0.5054358243942261 1.1674388647079468 0.1524173468351364 0.12634101510047913
0.6133319735527039 1.193579912185669 0.017778340727090836 0.09035851061344147
0.5003020167350769 1.235620141029358 0.044593267142772675 0.041883885860443115
