0.5398727655410767 0.3586874306201935 -0.2575884759426117 0.9998747110366821
0.5492936372756958 0.336054265499115 -0.2292051464319229 0.9999057054519653
0.5537038445472717 0.33699673414230347 -0.22937412559986115 0.999911904335022
0.5585607290267944 0.3377995491027832 -0.22965008020401 0.9999300241470337
0.530158519744873 0.3354288935661316 -0.22982801496982574 0.9998767375946045
0.5232484340667725 0.33558189868927 -0.2297113686800003 0.9998103976249695
0.516894519329071 0.336630642414093 -0.2298142910003662 0.9998050332069397
0.56605064868927 0.35199224948883057 -0.07565656304359436 0.9999510049819946
0.5088525414466858 0.35410353541374207 -0.07804787158966064 0.9999039173126221
0.5493485927581787 0.39180469512939453 -0.1993507742881775 0.9999754428863525
0.5267273783683777 0.39151278138160706 -0.20044375956058502 0.9999765157699585
0.6000611186027527 0.4749811887741089 -0.04252392798662186 0.9999754428863525
0.4652211368083954 0.49433910846710205 0.02785468101501465 0.9997418522834778
0.6344276070594788 0.5984857082366943 -0.24644114077091217 0.9951452612876892
0.4328865110874176 0.6824689507484436 0.07034388184547424 0.8811453580856323
0.5839963555335999 0.5058658123016357 -0.5831254720687866 0.9927651286125183
0.4317302703857422 0.8483298420906067 -0.03910655900835991 0.603216290473938
0.5652562379837036 0.48340341448783875 -0.6516846418380737 0.9823514819145203
0.42668601870536804 0.8975380063056946 -0.061980389058589935 0.492235004901886
0.5645379424095154 0.46687692403793335 -0.6287760138511658 0.9812213182449341
0.43230971693992615 0.8906062245368958 -0.09023594856262207 0.5076995491981506
0.5679022073745728 0.47518134117126465 -0.5797536969184875 0.9676014184951782
0.4388572573661804 0.880077600479126 -0.05191079154610634 0.5082141757011414
0.5892562866210938 0.7959054112434387 -9.650250285631046e-05 0.9983189702033997
0.4899219572544098 0.8045685291290283 0.00044315887498669326 0.9963400363922119
0.6764379143714905 0.954950749874115 -0.263409823179245 0.8353570699691772
0.4341021776199341 0.9781405925750732 -0.24035502970218658 0.7348137497901917
0.6077825427055359 1.044305682182312 0.1806877702474594 0.05099872499704361
0.4992113709449768 1.1085615158081055 0.12060166895389557 0.061498578637838364
0.5932764410972595 1.0347142219543457 0.22885093092918396 0.10751528292894363
0.5081226825714111 1.1156065464019775 0.15843144059181213 0.08386023342609406
0.5978889465332031 1.1278189420700073 0.1635124385356903 0.03507324680685997
0.5141597986221313 1.1867945194244385 0.06077026203274727 0.032574836164712906
