0.5405982732772827 0.35971125960350037 -0.1798725128173828 0.9999585151672363
0.5507749915122986 0.3372005820274353 -0.1516208052635193 0.9999663829803467
0.5551323294639587 0.3381280303001404 -0.15178315341472626 0.9999669790267944
0.5596268773078918 0.3393000364303589 -0.15207268297672272 0.9999748468399048
0.5302460789680481 0.3357964754104614 -0.15233036875724792 0.9999568462371826
0.5231959819793701 0.3359834551811218 -0.1521928757429123 0.9999316930770874
0.5169901251792908 0.3371007442474365 -0.15227700769901276 0.9999337196350098
0.5665709972381592 0.35353636741638184 -0.005373750347644091 0.9999817609786987
0.5084042549133301 0.3533806800842285 -0.008702058345079422 0.9999673366546631
0.5500215888023376 0.3928377330303192 -0.12499841302633286 0.9999910593032837
0.5265326499938965 0.3896414339542389 -0.1264137625694275 0.9999915361404419
0.5985867977142334 0.477897584438324 0.021935442462563515 0.999985933303833
0.4652949273586273 0.49040302634239197 0.08675883710384369 0.999894380569458
0.6345425248146057 0.6035435199737549 -0.1773201823234558 0.993960976600647
0.43464359641075134 0.6728581786155701 0.1420079618692398 0.8766509294509888
0.5862635374069214 0.5027139186859131 -0.5101526379585266 0.9919331669807434
0.42925167083740234 0.8420809507369995 0.062034301459789276 0.6444842219352722
0.5673141479492188 0.47891536355018616 -0.5746403336524963 0.9813281297683716
0.424535870552063 0.8884592056274414 0.047755684703588486 0.5457248091697693
0.5658334493637085 0.4630287289619446 -0.5505495071411133 0.9793422818183899
0.43062639236450195 0.8871832489967346 0.018968354910612106 0.5506376624107361
0.5690653920173645 0.471937358379364 -0.5062390565872192 0.9653984904289246
0.4370635151863098 0.8697882294654846 0.050033506006002426 0.5489248633384705
0.5888051390647888 0.7961047887802124 0.004180300515145063 0.9992039799690247
0.48629435896873474 0.8084441423416138 -0.003920906223356724 0.9982295632362366
0.6771895289421082 0.9513336420059204 -0.2715882360935211 0.8795195817947388
0.43118083477020264 0.9820719361305237 -0.2019272893667221 0.7782551646232605
0.6140974760055542 1.0257229804992676 0.1583111584186554 0.06420760601758957
0.49023398756980896 1.1214994192123413 0.11250542849302292 0.08932945877313614
0.5988511443138123 1.0135812759399414 0.20656533539295197 0.13425861299037933
0.5007205009460449 1.1307588815689087 0.1456814557313919 0.10139653086662292
0.6051178574562073 1.1102111339569092 0.15493105351924896 0.04521375894546509
0.501483678817749 1.210343837738037 0.04835181683301926 0.04658769071102142
