0.54342120885849 0.3619358539581299 -0.21569879353046417 0.9999327659606934
0.5519828200340271 0.33874720335006714 -0.18293599784374237 0.9999399185180664
0.5563215017318726 0.3395548462867737 -0.18311598896980286 0.9999524354934692
0.5599531531333923 0.3407238721847534 -0.18345369398593903 0.9999582767486572
0.5342729687690735 0.3379310965538025 -0.18877190351486206 0.9998981952667236
0.5271351933479309 0.3383028507232666 -0.1886514276266098 0.9998621940612793
0.5203993320465088 0.3390568494796753 -0.18871119618415833 0.9998342990875244
0.5658923983573914 0.3552146553993225 -0.015381406992673874 0.9999772310256958
0.5109342336654663 0.3543470501899719 -0.04102817922830582 0.9999325275421143
0.5516733527183533 0.3925614356994629 -0.15235957503318787 0.9999783039093018
0.5298991799354553 0.39170408248901367 -0.1601453572511673 0.9999682903289795
0.6026171445846558 0.48422563076019287 0.04082192853093147 0.999987006187439
0.46598532795906067 0.4919629693031311 0.0589965395629406 0.9997438788414001
0.639611542224884 0.624282956123352 -0.13688261806964874 0.9948924779891968
0.4368579089641571 0.6832276582717896 0.07738661020994186 0.8905021548271179
0.5906657576560974 0.5337359309196472 -0.4464972913265228 0.9923141598701477
0.4280845522880554 0.8462138175964355 -0.03110978752374649 0.6544232368469238
0.571634829044342 0.5232685804367065 -0.5199775099754333 0.9789447784423828
0.4194807708263397 0.8935288786888123 -0.05757821723818779 0.5525096654891968
0.5684530735015869 0.5004651546478271 -0.4906659722328186 0.978122889995575
0.42760422825813293 0.8933802247047424 -0.09228816628456116 0.5636200308799744
0.5718219876289368 0.5059041976928711 -0.44131821393966675 0.9642663598060608
0.4337243437767029 0.8746742010116577 -0.04694839194417 0.5494235157966614
0.5864768624305725 0.7974547147750854 0.006222227588295937 0.9978935122489929
0.48702019453048706 0.8082149028778076 -0.005556417163461447 0.9937029480934143
0.6811473369598389 0.9566586017608643 -0.3750036656856537 0.9075369238853455
0.4555143117904663 1.0190476179122925 -0.2485438734292984 0.7738010287284851
0.6288219690322876 1.1643223762512207 -0.03295968845486641 0.19461047649383545
0.48976656794548035 1.2210907936096191 0.07128402590751648 0.12750591337680817
0.6112852692604065 1.1867753267288208 -0.0004344474582467228 0.2460419088602066
0.4995545744895935 1.246260643005371 0.10002703964710236 0.12602247297763824
0.6385357975959778 1.2654167413711548 -0.1317800134420395 0.0958426296710968
0.48761656880378723 1.315286636352539 -0.04597087576985359 0.04770302399992943
