0.5405036807060242 0.36552196741104126 -0.2569831311702728 0.9999120235443115
0.5498777031898499 0.3410290479660034 -0.22572967410087585 0.999922513961792
0.555111289024353 0.3415069580078125 -0.22590745985507965 0.9999406337738037
0.5588354468345642 0.3424873352050781 -0.22626203298568726 0.9999477863311768
0.5318738222122192 0.3407842516899109 -0.2304578423500061 0.999858021736145
0.5252324342727661 0.3416425585746765 -0.2303376942873001 0.9998019337654114
0.5186465978622437 0.3425903916358948 -0.23038572072982788 0.9997424483299255
0.5651094317436218 0.3544815182685852 -0.054574307054281235 0.9999743700027466
0.5109667181968689 0.35631096363067627 -0.07506617158651352 0.9998912811279297
0.5495010614395142 0.39414870738983154 -0.1915254443883896 0.9999791383743286
0.5279836654663086 0.39418935775756836 -0.19777274131774902 0.9999643564224243
0.6035786271095276 0.48499059677124023 0.019421322271227837 0.999990701675415
0.4661077857017517 0.48899179697036743 0.03927105665206909 0.9997108578681946
0.6444778442382812 0.6390842199325562 -0.14844998717308044 0.9963417649269104
0.43713000416755676 0.6782796382904053 0.07346001267433167 0.9019289016723633
0.5932548642158508 0.5412731170654297 -0.4630958139896393 0.993170976638794
0.42702147364616394 0.8401732444763184 -0.03226103261113167 0.6600983738899231
0.5753639340400696 0.5363425016403198 -0.5372968316078186 0.9801778197288513
0.42101728916168213 0.8911957740783691 -0.05793289095163345 0.5522860884666443
0.5706962943077087 0.5138462781906128 -0.5092295408248901 0.9797239303588867
0.42874768376350403 0.8910727500915527 -0.09320733696222305 0.5666408538818359
0.5734540224075317 0.5159044861793518 -0.4578123688697815 0.9659550786018372
0.43313777446746826 0.8726900815963745 -0.04793991521000862 0.5471864342689514
0.584509015083313 0.8023005127906799 0.008970444090664387 0.9986670017242432
0.48299744725227356 0.8151072263717651 -0.008248915895819664 0.9940810799598694
0.6783460378646851 0.955899715423584 -0.4195040166378021 0.9045352339744568
0.4613364636898041 1.040235996246338 -0.22354096174240112 0.7092127203941345
0.628090500831604 1.1878907680511475 -0.10687825828790665 0.20576906204223633
0.4909910261631012 1.2343401908874512 0.11607186496257782 0.08361382782459259
0.6099969744682312 1.2118935585021973 -0.0770469680428505 0.28010082244873047
0.4989210069179535 1.2582294940948486 0.1467735469341278 0.10040770471096039
0.6381638050079346 1.2919440269470215 -0.21976536512374878 0.10539383441209793
0.4902461767196655 1.3257441520690918 0.00367810414172709 0.032151851803064346
