0.5350992679595947 0.4028017222881317 -0.3059971034526825 0.9998823404312134
0.5404085516929626 0.3817530870437622 -0.28145137429237366 0.9997974038124084
0.54417884349823 0.3835485577583313 -0.2814909815788269 0.9998617172241211
0.5480085015296936 0.3858151435852051 -0.2815842032432556 0.9997844099998474
0.5256825685501099 0.3788100481033325 -0.2883303463459015 0.9997585415840149
0.519614040851593 0.3787558674812317 -0.28846481442451477 0.9998242259025574
0.5142116546630859 0.3796064853668213 -0.2886449992656708 0.9997275471687317
0.5517734885215759 0.4017011821269989 -0.13408833742141724 0.9999144077301025
0.5034322142601013 0.39844244718551636 -0.16546128690242767 0.9999154806137085
0.5415993928909302 0.4286830723285675 -0.24917402863502502 0.9999516010284424
0.522989809513092 0.4287032186985016 -0.2590188980102539 0.9999520778656006
0.5910630822181702 0.5419003963470459 -0.04815106466412544 0.9998652935028076
0.45508092641830444 0.5360897779464722 -0.07957697659730911 0.9996346235275269
0.6251944899559021 0.7255754470825195 -0.19321294128894806 0.99800044298172
0.42304638028144836 0.7170594930648804 -0.19770585000514984 0.9924688935279846
0.5966401696205139 0.6342889070510864 -0.4871527850627899 0.9963096976280212
0.4881637692451477 0.7251611948013306 -0.44335415959358215 0.984463095664978
0.5782229900360107 0.5976573824882507 -0.5464446544647217 0.9869046807289124
0.5061358213424683 0.7236025929450989 -0.4934346377849579 0.9562898278236389
0.582851767539978 0.5743584632873535 -0.5223963260650635 0.9863705635070801
0.5102831125259399 0.7061001658439636 -0.4807944893836975 0.9569661021232605
0.5835438370704651 0.5819602012634277 -0.4832609295845032 0.986971914768219
0.5065566897392273 0.7033853530883789 -0.4423503577709198 0.9598811864852905
0.5783914923667908 0.8430392146110535 0.003958858083933592 0.9992783665657043
0.4855547547340393 0.8596606254577637 -0.0028470675460994244 0.9990726709365845
0.5901300311088562 1.092463493347168 -0.08053148537874222 0.33016568422317505
0.4884500801563263 1.101731538772583 0.006803132127970457 0.22763672471046448
0.5861868262290955 1.2895667552947998 0.30713528394699097 0.0003704886476043612
0.49561917781829834 1.309119462966919 0.3398270308971405 0.0017088302411139011
0.5872288346290588 1.3217893838882446 0.3416105806827545 0.0016625109128654003
0.49437418580055237 1.3492827415466309 0.36765986680984497 0.002850120887160301
0.5762889981269836 1.3830641508102417 0.19697305560112 0.0002463115088175982
0.5059799551963806 1.3857896327972412 0.19831576943397522 0.0012519385199993849
