0.534607470035553 0.4116557836532593 -0.4065864384174347 0.9996671676635742
0.5410492420196533 0.39241737127304077 -0.38048771023750305 0.9994229078292847
0.5452714562416077 0.39392971992492676 -0.38053974509239197 0.9995836615562439
0.5493967533111572 0.39587318897247314 -0.38064131140708923 0.9994586110115051
0.5268237590789795 0.38962429761886597 -0.38918688893318176 0.9993929862976074
0.5205303430557251 0.3893249034881592 -0.3893619477748871 0.9995595812797546
0.5144981741905212 0.38935762643814087 -0.38956499099731445 0.9993932247161865
0.5517569184303284 0.4077324867248535 -0.21273808181285858 0.9997069239616394
0.5027611255645752 0.4029163718223572 -0.2530566155910492 0.9996819496154785
0.5398534536361694 0.4384640157222748 -0.3421470820903778 0.9998553991317749
0.5216253995895386 0.437664270401001 -0.35442617535591125 0.9998306035995483
0.587980329990387 0.5371006727218628 -0.1211986318230629 0.9996967315673828
0.45505696535110474 0.5330555438995361 -0.15971848368644714 0.9993532299995422
0.6290991306304932 0.709678590297699 -0.26146531105041504 0.996569037437439
0.42805975675582886 0.707358717918396 -0.32450059056282043 0.9922037124633789
0.5786212086677551 0.661780595779419 -0.5688684582710266 0.9870138764381409
0.4889926016330719 0.6905667781829834 -0.6254656910896301 0.986947774887085
0.5640726685523987 0.6710076332092285 -0.6341604590415955 0.9635569453239441
0.5036848783493042 0.6924940943717957 -0.692122220993042 0.9612656831741333
0.5595702528953552 0.6520707607269287 -0.6214625835418701 0.9643411636352539
0.512578547000885 0.6731570363044739 -0.6806687712669373 0.9607028961181641
0.5632388591766357 0.6491757035255432 -0.5699231028556824 0.9673589468002319
0.5045687556266785 0.6747274994850159 -0.6265567541122437 0.9618496298789978
0.5749050378799438 0.8600656390190125 0.003349090227857232 0.9970605969429016
0.4849693179130554 0.8759688138961792 -0.0023490856401622295 0.9968885779380798
0.5882416367530823 1.121063470840454 -0.020095909014344215 0.18216612935066223
0.4722799062728882 1.116450548171997 -0.010293484665453434 0.22428838908672333
0.590350866317749 1.3350372314453125 0.37083297967910767 0.0003919321170542389
0.48141250014305115 1.345569133758545 0.3255055844783783 0.002390450332313776
0.5914572477340698 1.3707451820373535 0.4038024842739105 0.001210081740282476
0.4806559681892395 1.3849332332611084 0.35326990485191345 0.002759718568995595
0.5829511284828186 1.4208117723464966 0.2491530478000641 0.0002161308948416263
0.4944758415222168 1.4225709438323975 0.17575857043266296 0.0015048820059746504
