0.5364953279495239 0.4131092429161072 -0.45620134472846985 0.9998307228088379
0.5421098470687866 0.39178985357284546 -0.42979878187179565 0.9996978044509888
0.5459775924682617 0.39217352867126465 -0.4298941493034363 0.9998096823692322
0.5502731800079346 0.3927854895591736 -0.43002450466156006 0.999722421169281
0.5273179411888123 0.39045649766921997 -0.4382284879684448 0.9996496438980103
0.5207860469818115 0.39065998792648315 -0.4384423792362213 0.9997637867927551
0.5148279070854187 0.39136630296707153 -0.4386400282382965 0.9996447563171387
0.552018940448761 0.40245532989501953 -0.25446996092796326 0.9998598098754883
0.5033578872680664 0.40274012088775635 -0.2947731614112854 0.9998669624328613
0.5426265001296997 0.4398900866508484 -0.3882535398006439 0.9999159574508667
0.5248593091964722 0.44247275590896606 -0.40070465207099915 0.9999139308929443
0.5910272598266602 0.536596417427063 -0.15771491825580597 0.9998244643211365
0.4550497233867645 0.5416937470436096 -0.1679704189300537 0.9994589686393738
0.6272314190864563 0.7170172333717346 -0.321404367685318 0.9972921013832092
0.4272417426109314 0.7227340340614319 -0.31409963965415955 0.9873128533363342
0.5859540700912476 0.6557847857475281 -0.6710430979728699 0.9930358529090881
0.4874722361564636 0.7123778462409973 -0.640508770942688 0.9839216470718384
0.5673900842666626 0.6570920944213867 -0.7444474101066589 0.9820937514305115
0.5026127696037292 0.7107405662536621 -0.7094299793243408 0.9585204720497131
0.5642236471176147 0.6283621788024902 -0.7292459011077881 0.9829601049423218
0.5038219690322876 0.6949057579040527 -0.7001761198043823 0.9590616226196289
0.5686506032943726 0.6277843117713928 -0.6717268824577332 0.980836808681488
0.5029074549674988 0.6901025772094727 -0.6428738236427307 0.9567953944206238
0.5784582495689392 0.8599458336830139 -0.0063681271858513355 0.9956432580947876
0.4896866977214813 0.8769526481628418 0.007254402153193951 0.9969649910926819
0.6001615524291992 1.12391996383667 -0.09786392748355865 0.24741144478321075
0.4665882885456085 1.104622483253479 -0.18594178557395935 0.4479933977127075
0.6018633246421814 1.3388346433639526 0.30274173617362976 0.0007897219038568437
0.48594316840171814 1.3461376428604126 0.14677199721336365 0.007245449814945459
0.603519856929779 1.3719980716705322 0.3359187841415405 0.0024266508407890797
0.48790740966796875 1.383331537246704 0.17404384911060333 0.008715927600860596
0.5921942591667175 1.427550196647644 0.17591753602027893 0.0004286799521651119
0.4967193603515625 1.4282045364379883 -0.00866865273565054 0.003452529199421406
