0.5346834659576416 0.41056227684020996 -0.3674759566783905 0.9988742470741272
0.5408332943916321 0.39064931869506836 -0.33676666021347046 0.9987620115280151
0.5449957251548767 0.3920515775680542 -0.336931437253952 0.9988495111465454
0.5492748618125916 0.39367324113845825 -0.337120920419693 0.9989445805549622
0.5257565379142761 0.38720905780792236 -0.3440656363964081 0.9988184571266174
0.5193033814430237 0.3868749141693115 -0.34421664476394653 0.9988334774971008
0.51333087682724 0.3875105381011963 -0.34446457028388977 0.9989858269691467
0.5511564612388611 0.40432417392730713 -0.16523441672325134 0.9989209175109863
0.5016488432884216 0.4017488360404968 -0.199303537607193 0.9993587136268616
0.5403974056243896 0.4376799166202545 -0.3024234473705292 0.9994729161262512
0.5216196179389954 0.4385029375553131 -0.3127758800983429 0.9996273517608643
0.5891500115394592 0.535784125328064 -0.10141707956790924 0.9986692667007446
0.4537729024887085 0.539907693862915 -0.09781458973884583 0.9979008436203003
0.6212170720100403 0.7058276534080505 -0.2477552592754364 0.9692099690437317
0.42719200253486633 0.7048047184944153 -0.23711606860160828 0.8830065131187439
0.5695210695266724 0.6787135601043701 -0.5118697881698608 0.8702435493469238
0.47634968161582947 0.7096355557441711 -0.4968540370464325 0.7017773389816284
0.5518818497657776 0.6946064233779907 -0.5693143606185913 0.7465440630912781
0.4994411766529083 0.7265103459358215 -0.5551199316978455 0.5188888907432556
0.5510289072990417 0.6608819961547852 -0.5534994602203369 0.7698985934257507
0.5025052428245544 0.7009584903717041 -0.550760805606842 0.5374665856361389
0.5541313290596008 0.6701269149780273 -0.5101771354675293 0.7088414430618286
0.4895893931388855 0.6939425468444824 -0.5007488131523132 0.5089927315711975
0.5748493671417236 0.8514227271080017 -0.013182600028812885 0.9050702452659607
0.48168087005615234 0.8640420436859131 0.013767695054411888 0.9702995419502258
0.5908406972885132 1.0838056802749634 -0.13346357643604279 0.5742525458335876
0.45278650522232056 1.025126576423645 -0.38447144627571106 0.7832189202308655
0.6002434492111206 1.2813339233398438 0.1862977296113968 0.05649324506521225
0.4757121503353119 1.2764211893081665 -0.12035361677408218 0.27986323833465576
0.6007965803146362 1.312503457069397 0.21070273220539093 0.0628221333026886
0.48246321082115173 1.3111740350723267 -0.09885943681001663 0.21917304396629333
0.5963581204414368 1.3553098440170288 0.05197722837328911 0.03265643119812012
0.4752224087715149 1.353700041770935 -0.28172770142555237 0.15990832448005676
