0.5459042191505432 0.4168393015861511 -0.3534967005252838 0.9943475127220154
0.5470977425575256 0.3948957324028015 -0.32230788469314575 0.9928355813026428
0.5497350096702576 0.3957395553588867 -0.32253435254096985 0.9951583743095398
0.5525273084640503 0.39705437421798706 -0.322732537984848 0.9946498274803162
0.5360256433486938 0.3926284909248352 -0.3365633189678192 0.9919607043266296
0.530311107635498 0.39226341247558594 -0.3366219401359558 0.9936001300811768
0.5243611335754395 0.3925246000289917 -0.3368218243122101 0.9918714761734009
0.5479819774627686 0.40807807445526123 -0.15650731325149536 0.9960241317749023
0.507542610168457 0.40601974725723267 -0.21833188831806183 0.9947156310081482
0.5478941798210144 0.4421968460083008 -0.2911074459552765 0.996702253818512
0.5342973470687866 0.4424893856048584 -0.3092687427997589 0.9963531494140625
0.5888046026229858 0.5403616428375244 -0.07154689729213715 0.9984675049781799
0.4516356587409973 0.5390233993530273 -0.11150141060352325 0.9939466118812561
0.6159073114395142 0.6977173089981079 -0.07376810163259506 0.7766353487968445
0.4269883930683136 0.7063790559768677 -0.0928126871585846 0.8792693018913269
0.5946934819221497 0.7429866194725037 -0.28316354751586914 0.20993229746818542
0.4554690718650818 0.7771921157836914 -0.19663073122501373 0.21366706490516663
0.5979021191596985 0.7777920961380005 -0.3328268826007843 0.14195381104946136
0.4638218879699707 0.806086003780365 -0.2269989401102066 0.14321455359458923
0.5915689468383789 0.7572591304779053 -0.34536850452423096 0.16831201314926147
0.46501776576042175 0.7894861698150635 -0.2516671419143677 0.16540420055389404
0.5897632241249084 0.7481077909469604 -0.29379627108573914 0.15635846555233002
0.4638074040412903 0.7763409614562988 -0.20817922055721283 0.15652896463871002
0.5734348297119141 0.853949785232544 -6.793255306547508e-05 0.8762703537940979
0.4788687527179718 0.8668147325515747 0.0008307594107463956 0.8681541681289673
0.6047689318656921 1.0651307106018066 -0.2995019853115082 0.5416443943977356
0.454912006855011 1.0608700513839722 -0.2842470705509186 0.5245081186294556
0.6085419058799744 1.278090476989746 0.01613795757293701 0.12017945945262909
0.4603274464607239 1.287598967552185 -0.05639342591166496 0.17357197403907776
0.605690598487854 1.308382511138916 0.040285367518663406 0.14489378035068512
0.462283730506897 1.3197002410888672 -0.03991725295782089 0.1964883655309677
0.6075205206871033 1.3552651405334473 -0.11713602393865585 0.06194213405251503
0.4615956246852875 1.3611332178115845 -0.2129839062690735 0.07388138025999069
