0.5432178974151611 0.4095586836338043 -0.32458093762397766 0.9999727010726929
0.5467693209648132 0.3871378004550934 -0.299353688955307 0.9999263286590576
0.5498417615890503 0.3874894082546234 -0.299370139837265 0.999942421913147
0.5530346035957336 0.3879469037055969 -0.29942819476127625 0.999904990196228
0.5334439873695374 0.3865530788898468 -0.3082978129386902 0.9999352693557739
0.5266915559768677 0.3864160180091858 -0.30841681361198425 0.9999521970748901
0.5204572677612305 0.38696855306625366 -0.308559387922287 0.9999295473098755
0.553279459476471 0.4000418186187744 -0.14990925788879395 0.9999440908432007
0.506126344203949 0.40057843923568726 -0.19191418588161469 0.9999852180480957
0.5484892129898071 0.43345433473587036 -0.26715418696403503 0.9999865293502808
0.5314334034919739 0.4320776164531708 -0.2801113724708557 0.9999920129776001
0.584051787853241 0.5291775465011597 -0.07393801957368851 0.9999750852584839
0.45308390259742737 0.5386793613433838 -0.08703581243753433 0.9999042749404907
0.6412400603294373 0.6782369017601013 -0.24056974053382874 0.9997898936271667
0.41560083627700806 0.7121201157569885 -0.10319335013628006 0.9971438050270081
0.581753671169281 0.5230498313903809 -0.5236098170280457 0.9994899034500122
0.4631754755973816 0.8058444261550903 -0.2589471638202667 0.9931996464729309
0.5654460191726685 0.4818234443664551 -0.5859695076942444 0.9968919157981873
0.4676481783390045 0.8527707457542419 -0.2899160087108612 0.977110743522644
0.5632553696632385 0.46338626742362976 -0.5473762154579163 0.9965051412582397
0.48428502678871155 0.8367512822151184 -0.29215919971466064 0.9792580008506775
0.5641747117042542 0.47715842723846436 -0.5139191150665283 0.9963992834091187
0.4853152930736542 0.8229985237121582 -0.2598836421966553 0.9811444878578186
0.574982762336731 0.8351844549179077 -0.0029366659000515938 0.999664306640625
0.48291414976119995 0.8447346091270447 0.003913574852049351 0.9994550347328186
0.5798494815826416 1.0871959924697876 -0.11239402741193771 0.39312440156936646
0.48273923993110657 1.0842492580413818 -0.04635686054825783 0.31780198216438293
0.5778185725212097 1.286208152770996 0.2768545150756836 0.00047841580817475915
0.4915792644023895 1.2918028831481934 0.2636949419975281 0.001853043562732637
0.5793077945709229 1.3208951950073242 0.31149137020111084 0.0016293693333864212
0.48920726776123047 1.3300318717956543 0.2904578745365143 0.003714530263096094
0.5660566687583923 1.3762567043304443 0.1737452894449234 0.0003317935043014586
0.5095241069793701 1.3737246990203857 0.13068415224552155 0.0018315701745450497
