0.5352721810340881 0.4078492224216461 -0.2804472744464874 0.9999892711639404
0.5403178334236145 0.3868001401424408 -0.2532481253147125 0.9999692440032959
0.5438662171363831 0.38757073879241943 -0.2532961666584015 0.9999748468399048
0.5473129153251648 0.3886125087738037 -0.25337961316108704 0.9999517202377319
0.5258591771125793 0.38520050048828125 -0.26144900918006897 0.9999736547470093
0.5194653868675232 0.38486990332603455 -0.2615985870361328 0.9999819993972778
0.5136650204658508 0.384893000125885 -0.26171621680259705 0.9999738931655884
0.5488346219062805 0.4006235897541046 -0.10091236233711243 0.9999723434448242
0.5017943382263184 0.39822450280189514 -0.14115990698337555 0.9999964237213135
0.5396992564201355 0.432621031999588 -0.22259856760501862 0.9999946355819702
0.5228097438812256 0.43150627613067627 -0.23498283326625824 0.9999973773956299
0.5784100294113159 0.5182076692581177 -0.029834119603037834 0.9999755620956421
0.45001840591430664 0.5424947142601013 -0.047056231647729874 0.999975323677063
0.6298144459724426 0.677096962928772 -0.21299800276756287 0.9989683628082275
0.4178745150566101 0.7135267853736877 -0.09631652384996414 0.9966297745704651
0.5845914483070374 0.5486469268798828 -0.5238410234451294 0.9974061846733093
0.4624699652194977 0.8131381869316101 -0.2802349925041199 0.9912269711494446
0.5750538110733032 0.512910783290863 -0.59116131067276 0.9893219470977783
0.46630460023880005 0.8607871532440186 -0.3154147267341614 0.9742612838745117
0.566878616809845 0.4988648593425751 -0.5530284643173218 0.9885106086730957
0.4817853569984436 0.8473584055900574 -0.3212336003780365 0.9764453768730164
0.566023588180542 0.5090402364730835 -0.5162033438682556 0.9883404970169067
0.4831414520740509 0.8325622081756592 -0.2834520637989044 0.9778798222541809
0.573419451713562 0.8226504921913147 -0.006132049020379782 0.9998823404312134
0.4842659831047058 0.8318861722946167 0.006915903650224209 0.9998352527618408
0.5857041478157043 1.0636900663375854 -0.17807632684707642 0.5672528147697449
0.46980348229408264 1.0538218021392822 -0.12221876531839371 0.6536795496940613
0.5955761075019836 1.2606837749481201 0.17828339338302612 0.0022334239911288023
0.48761922121047974 1.25108802318573 0.20366884768009186 0.008716982789337635
0.5969040393829346 1.2980318069458008 0.20969897508621216 0.007861927151679993
0.4898841083049774 1.2854663133621216 0.23205360770225525 0.012811416760087013
0.5936313271522522 1.3384631872177124 0.06987335532903671 0.0014344847295433283
0.49802425503730774 1.3301117420196533 0.07928404211997986 0.005272335838526487
