0.5484827160835266 0.363091379404068 -0.38549450039863586 0.9999505281448364
0.5552338361740112 0.3388487696647644 -0.36247605085372925 0.9999783039093018
0.559710681438446 0.33969759941101074 -0.36254552006721497 0.9999725818634033
0.5644095540046692 0.3407147526741028 -0.3627382218837738 0.9999731779098511
0.5391029715538025 0.3368037939071655 -0.36797037720680237 0.999971866607666
0.5313552618026733 0.33686792850494385 -0.36790943145751953 0.9999595880508423
0.5244184136390686 0.3376051187515259 -0.3679978549480438 0.9999629259109497
0.5689055919647217 0.3508586287498474 -0.20595483481884003 0.9999790191650391
0.5123459696769714 0.35203155875205994 -0.232157900929451 0.9999821186065674
0.5544042587280273 0.39168739318847656 -0.3240305781364441 0.9999942779541016
0.534463107585907 0.39074990153312683 -0.3317929208278656 0.9999953508377075
0.6039292812347412 0.4676596522331238 -0.10051155090332031 0.9999521970748901
0.4694616198539734 0.486691951751709 -0.15693449974060059 0.999873161315918
0.6341400146484375 0.6761485934257507 -0.2460913062095642 0.9946349859237671
0.4485820531845093 0.672962486743927 -0.2969690263271332 0.992290198802948
0.6027305722236633 0.533271074295044 -0.5885950326919556 0.9962857961654663
0.5168454051017761 0.6629501581192017 -0.5485381484031677 0.9857975840568542
0.5891141891479492 0.49332624673843384 -0.6531813144683838 0.991377592086792
0.5403121709823608 0.6668577790260315 -0.600234866142273 0.9685018658638
0.589238166809082 0.4685153067111969 -0.6362718939781189 0.9903451800346375
0.5405935645103455 0.6342750191688538 -0.5866170525550842 0.9644519090652466
0.5897324085235596 0.480601966381073 -0.5869352221488953 0.9840171933174133
0.5359058380126953 0.6282758712768555 -0.5446637868881226 0.9491047263145447
0.5915829539299011 0.8047762513160706 0.02010738104581833 0.9992626309394836
0.4933355450630188 0.8125950694084167 -0.019926538690924644 0.9973784685134888
0.687989354133606 0.9750002026557922 -0.2487819641828537 0.9671193957328796
0.4385797083377838 1.0194858312606812 -0.16840238869190216 0.8773024678230286
0.6130424737930298 1.0722346305847168 0.0914570614695549 0.2132672369480133
0.4970637857913971 0.9906302094459534 0.18547102808952332 0.0440225712954998
0.5931764245033264 1.0627304315567017 0.12910057604312897 0.23246970772743225
0.5071744322776794 0.9803045392036438 0.22652707993984222 0.07083016633987427
0.6085041761398315 1.1609883308410645 0.08692396432161331 0.16373702883720398
0.5095641613006592 1.0260388851165771 0.20265406370162964 0.03320819512009621
