0.5466158390045166 0.3618888854980469 -0.38948050141334534 0.9996762275695801
0.5543758869171143 0.3396260142326355 -0.3639867603778839 0.9998288154602051
0.5584819912910461 0.3410186767578125 -0.3641034960746765 0.9998101592063904
0.5634761452674866 0.34236735105514526 -0.3643130362033844 0.9998288154602051
0.5375138521194458 0.3373032808303833 -0.3685154914855957 0.9998077750205994
0.530183732509613 0.33727478981018066 -0.36847540736198425 0.9997581839561462
0.5235965847969055 0.33762747049331665 -0.36858874559402466 0.9997701048851013
0.568949818611145 0.35494232177734375 -0.20446449518203735 0.9998337030410767
0.5123172998428345 0.35100871324539185 -0.2248688042163849 0.9998059868812561
0.5539735555648804 0.3920627236366272 -0.3281340003013611 0.9999309778213501
0.5330294966697693 0.3914356529712677 -0.3341682255268097 0.9999375343322754
0.6068161129951477 0.49347227811813354 -0.11630651354789734 0.9997163414955139
0.4681151807308197 0.4907345175743103 -0.1695534735918045 0.9995551705360413
0.6353612542152405 0.6940687894821167 -0.27072784304618835 0.989286482334137
0.4543071687221527 0.6734685897827148 -0.35044926404953003 0.9873145818710327
0.5991383790969849 0.5981910824775696 -0.6086341142654419 0.9888352751731873
0.5436060428619385 0.6355903744697571 -0.607177197933197 0.9895026683807373
0.5836650133132935 0.5866471529006958 -0.6742390394210815 0.9768755435943604
0.5643516182899475 0.6311907768249512 -0.6623537540435791 0.974682629108429
0.5824399590492249 0.551591694355011 -0.6590047478675842 0.9758725166320801
0.5636979937553406 0.5951262712478638 -0.642413318157196 0.9714503884315491
0.5845142602920532 0.5514553785324097 -0.6078218817710876 0.9636626243591309
0.5589491724967957 0.5956945419311523 -0.6011509299278259 0.9600684642791748
0.5910816192626953 0.8127605319023132 0.01881878450512886 0.9939849972724915
0.4909273386001587 0.826154887676239 -0.018724067136645317 0.990959644317627
0.6911059617996216 0.9768246412277222 -0.16258789598941803 0.9610809683799744
0.4359380602836609 1.0307377576828003 -0.14132429659366608 0.925831139087677
0.6184616684913635 1.0273489952087402 0.25542712211608887 0.13702943921089172
0.4918489456176758 1.0464580059051514 0.22937239706516266 0.07108830660581589
0.6004892587661743 1.0071439743041992 0.3021931052207947 0.12039651721715927
0.5026010870933533 1.0392534732818604 0.271884948015213 0.06595288217067719
0.6027839183807373 1.1062886714935303 0.28475502133369446 0.0752430334687233
0.5018929243087769 1.0934470891952515 0.24340108036994934 0.033654384315013885
