0.5465947985649109 0.36564338207244873 -0.36998116970062256 0.9998157620429993
0.5536425709724426 0.34332984685897827 -0.34843552112579346 0.99989914894104
0.5577329993247986 0.3444703221321106 -0.3485015630722046 0.9998773336410522
0.5622705221176147 0.34566718339920044 -0.34867650270462036 0.9998829364776611
0.5370375514030457 0.3406466245651245 -0.350731760263443 0.9998985528945923
0.5302094221115112 0.34050965309143066 -0.3506998121738434 0.9998658895492554
0.5239115953445435 0.3412173390388489 -0.35081610083580017 0.9998818635940552
0.5670762658119202 0.35612815618515015 -0.20611557364463806 0.9998884201049805
0.5131228566169739 0.3543601632118225 -0.21578146517276764 0.9999113082885742
0.5531823635101318 0.3937811255455017 -0.31448283791542053 0.9999641180038452
0.5334662795066833 0.39226463437080383 -0.31737443804740906 0.9999724626541138
0.6083776950836182 0.49245327711105347 -0.1253022998571396 0.9997355341911316
0.47015008330345154 0.48921871185302734 -0.16176804900169373 0.9997127652168274
0.6279188990592957 0.6947187781333923 -0.2566969394683838 0.9883337020874023
0.45333167910575867 0.674087643623352 -0.3155657947063446 0.9901216626167297
0.5823586583137512 0.5925780534744263 -0.5453178286552429 0.9854809641838074
0.5399248003959656 0.6441838145256042 -0.5408769249916077 0.9833998084068298
0.5667283535003662 0.5578564405441284 -0.5986168384552002 0.9708515405654907
0.5610935688018799 0.6364977955818176 -0.588130533695221 0.9597629904747009
0.5697196125984192 0.5142594575881958 -0.5832105278968811 0.9683496952056885
0.5586353540420532 0.6050297021865845 -0.5672404766082764 0.953926682472229
0.5708253979682922 0.5205957889556885 -0.5426194071769714 0.9535413980484009
0.5536486506462097 0.6040768623352051 -0.533752977848053 0.9386726021766663
0.5933234691619873 0.810393750667572 0.01633238047361374 0.9963611960411072
0.49406561255455017 0.8156890869140625 -0.01620785892009735 0.9936522245407104
0.6877650022506714 0.9782845973968506 -0.2098955661058426 0.9680988192558289
0.4435898959636688 1.0253043174743652 -0.1663689762353897 0.9226068258285522
0.6015250086784363 1.0229413509368896 0.16867157816886902 0.139570951461792
0.5022709369659424 0.9981948137283325 0.19187158346176147 0.05231177434325218
0.5837777256965637 1.000870704650879 0.21208034455776215 0.13088996708393097
0.5119339227676392 0.9858283996582031 0.2342596799135208 0.06229332089424133
0.5831433534622192 1.102919340133667 0.1984545737504959 0.09339429438114166
0.5135579705238342 1.03245210647583 0.2245301753282547 0.03230622410774231
