0.545897901058197 0.36502906680107117 -0.4697442948818207 0.9999759197235107
0.5538843870162964 0.3420410752296448 -0.44687211513519287 0.9999796152114868
0.5583416819572449 0.34297358989715576 -0.44696205854415894 0.9999829530715942
0.5639703273773193 0.34399181604385376 -0.4471744894981384 0.9999793767929077
0.5366153717041016 0.3390241265296936 -0.4496946334838867 0.9999759197235107
0.5287370681762695 0.3388751745223999 -0.4497521221637726 0.9999750852584839
0.5222737789154053 0.33987897634506226 -0.4498894512653351 0.9999657869338989
0.5692710876464844 0.35574376583099365 -0.2841288149356842 0.9999866485595703
0.5125665068626404 0.35494738817214966 -0.2981679141521454 0.9999841451644897
0.5530176162719727 0.39622679352760315 -0.40666455030441284 0.9999946355819702
0.5316458344459534 0.3961043953895569 -0.4108715057373047 0.9999947547912598
0.609442949295044 0.5031033754348755 -0.1657271832227707 0.999971866607666
0.46657779812812805 0.49403873085975647 -0.18410645425319672 0.9999133348464966
0.6403433084487915 0.6881341934204102 -0.298319548368454 0.9923442006111145
0.4378010630607605 0.6790682077407837 -0.3371986746788025 0.9925486445426941
0.6249731779098511 0.6738194823265076 -0.6696006655693054 0.9937511086463928
0.4802936315536499 0.6967267394065857 -0.6538031101226807 0.9905829429626465
0.6071957945823669 0.6727307438850403 -0.7475878596305847 0.9855325818061829
0.5002856850624084 0.7089314460754395 -0.7114571332931519 0.9772072434425354
0.6061931252479553 0.6313055157661438 -0.7387392520904541 0.9862185120582581
0.5011642575263977 0.6789683103561401 -0.7089084982872009 0.9760472774505615
0.6088076233863831 0.6274222135543823 -0.6719828844070435 0.9761432409286499
0.4971429407596588 0.6687639951705933 -0.6556185483932495 0.9665095806121826
0.596126139163971 0.8016630411148071 0.0027055724058300257 0.9917557239532471
0.49242040514945984 0.8161899447441101 -0.0021531949751079082 0.9885975122451782
0.6840006709098816 0.9694858193397522 -0.3715241551399231 0.9454960227012634
0.42504438757896423 1.0146591663360596 -0.17605063319206238 0.907909095287323
0.6245161890983582 1.2488534450531006 -0.16104353964328766 0.3774253726005554
0.4731069505214691 1.2562997341156006 0.10876452177762985 0.12749016284942627
0.6088376641273499 1.2829768657684326 -0.14569255709648132 0.35684719681739807
0.48054981231689453 1.2832552194595337 0.13208381831645966 0.08861710876226425
0.636906087398529 1.3433678150177002 -0.30086567997932434 0.1714644432067871
0.47030603885650635 1.3415682315826416 0.00628240080550313 0.03683270514011383
