0.5522921085357666 0.3596190810203552 -0.5418976545333862 0.9999912977218628
0.5582879185676575 0.3318132758140564 -0.5119565725326538 0.9999889135360718
0.563478410243988 0.3310238718986511 -0.5121048092842102 0.9999935626983643
0.568223774433136 0.3302980661392212 -0.5123640894889832 0.9999914169311523
0.5399678349494934 0.33290547132492065 -0.5153260827064514 0.9999792575836182
0.5309597849845886 0.3334229588508606 -0.5153941512107849 0.999981164932251
0.5233559012413025 0.3341376781463623 -0.5155516266822815 0.9999665021896362
0.5723584890365601 0.3388848900794983 -0.31330326199531555 0.9999958276748657
0.5108360052108765 0.34720945358276367 -0.32942965626716614 0.9999908208847046
0.5600975155830383 0.3880141079425812 -0.4651372730731964 0.9999980926513672
0.5377538800239563 0.3897520899772644 -0.47024795413017273 0.999997615814209
0.6140845417976379 0.4953642189502716 -0.19033987820148468 0.9999967813491821
0.4612075686454773 0.4903947114944458 -0.14530368149280548 0.999922513961792
0.6383416652679443 0.7135297060012817 -0.3546139895915985 0.9988885521888733
0.42894241213798523 0.6999181509017944 -0.07417071610689163 0.9769848585128784
0.5973288416862488 0.6261850595474243 -0.7526247501373291 0.9979397654533386
0.413026362657547 0.8753950595855713 -0.22538571059703827 0.8510722517967224
0.5797960758209229 0.6033029556274414 -0.8346269726753235 0.9919618964195251
0.4018136262893677 0.9370501041412354 -0.25310418009757996 0.7123703360557556
0.5821859836578369 0.5614023208618164 -0.8160256147384644 0.9924254417419434
0.4066273868083954 0.9372169375419617 -0.29732057452201843 0.7379192113876343
0.584374189376831 0.5647832155227661 -0.751392662525177 0.9849727153778076
0.41344067454338074 0.9250996708869934 -0.24403271079063416 0.7079221606254578
0.5849781632423401 0.8322842717170715 -0.0007473211153410375 0.9968241453170776
0.47972697019577026 0.8409755825996399 0.001345219323411584 0.9927335977554321
0.6624822616577148 1.00648832321167 -0.4371134340763092 0.937178909778595
0.43549153208732605 1.0378377437591553 -0.4130484163761139 0.8997817039489746
0.6153522729873657 1.3199055194854736 -0.10405485332012177 0.39930033683776855
0.4623973071575165 1.3366986513137817 -0.13170357048511505 0.3586426377296448
0.6078061461448669 1.3562304973602295 -0.07876259833574295 0.41823282837867737
0.46342748403549194 1.3711227178573608 -0.1115245372056961 0.24649466574192047
0.6133887767791748 1.4139307737350464 -0.27527299523353577 0.2324448972940445
0.47138890624046326 1.428818702697754 -0.32085686922073364 0.187848761677742
