0.5591992735862732 0.3753644824028015 -0.2562592923641205 0.999995231628418
0.5715091824531555 0.3567003011703491 -0.2322501689195633 0.9999842643737793
0.5772964954376221 0.35797035694122314 -0.23219610750675201 0.9999901056289673
0.5823153853416443 0.35969078540802 -0.23215351998806 0.9999784231185913
0.553234875202179 0.3538739085197449 -0.2384864240884781 0.9999866485595703
0.5466218590736389 0.35335320234298706 -0.23850956559181213 0.9999921321868896
0.5411374568939209 0.35332417488098145 -0.23864881694316864 0.9999854564666748
0.5915132164955139 0.37598004937171936 -0.10597287863492966 0.9999825954437256
0.5340389609336853 0.3667513132095337 -0.1372724324464798 0.9999972581863403
0.5679595470428467 0.405465692281723 -0.21039153635501862 0.9999961853027344
0.5460986495018005 0.403192937374115 -0.21985919773578644 0.9999982118606567
0.6199482679367065 0.5297479629516602 -0.035537734627723694 0.9999825954437256
0.4955580532550812 0.5170787572860718 -0.07323635369539261 0.9999876022338867
0.6600313186645508 0.7338801026344299 -0.16021698713302612 0.9998493194580078
0.47723713517189026 0.7163295745849609 -0.08797376602888107 0.9986962676048279
0.6223637461662292 0.6109869480133057 -0.39455902576446533 0.9997941851615906
0.5173864364624023 0.8591639399528503 -0.21589475870132446 0.9975550770759583
0.6121812462806702 0.5796037316322327 -0.4440433382987976 0.9989292025566101
0.5216361284255981 0.9153004288673401 -0.24224302172660828 0.9916282892227173
0.6046257019042969 0.5338213443756104 -0.41213953495025635 0.998802661895752
0.5408654808998108 0.9086291790008545 -0.2537094056606293 0.9924856424331665
0.606052815914154 0.5457891225814819 -0.38673847913742065 0.9989626407623291
0.5406606793403625 0.8893722295761108 -0.22007650136947632 0.9946704506874084
0.6114886999130249 0.8296631574630737 0.01071137748658657 0.9998774528503418
0.5215455293655396 0.8389653563499451 -0.009418169967830181 0.9998446702957153
0.6147137880325317 1.0814753770828247 0.010802062228322029 0.1146976500749588
0.5269888639450073 1.0766280889511108 -0.017643285915255547 0.08364320546388626
0.6199235320091248 1.2920897006988525 0.2848837673664093 2.9550441468018107e-05
0.533143937587738 1.2868810892105103 0.2313445508480072 6.108808156568557e-05
0.6251928210258484 1.3312627077102661 0.3066466152667999 0.0001743646862450987
0.5286526083946228 1.329819679260254 0.25079140067100525 0.00018621351046022028
0.6061309576034546 1.3752833604812622 0.17938265204429626 2.1166853912291117e-05
0.5527883172035217 1.357404112815857 0.09689517319202423 7.654681394342333e-05
