0.5482607483863831 0.3734666407108307 -0.37020859122276306 0.9999971389770508
0.5620158314704895 0.35291534662246704 -0.3446264863014221 0.9999780654907227
0.5680341720581055 0.3541443943977356 -0.34452131390571594 0.9999892711639404
0.5733233690261841 0.3560829162597656 -0.34446170926094055 0.9999645948410034
0.5430439710617065 0.351537823677063 -0.347049355506897 0.9999803304672241
0.5374303460121155 0.3517199754714966 -0.3471052348613739 0.9999904632568359
0.533281147480011 0.35139036178588867 -0.3472850024700165 0.9999758005142212
0.5848740339279175 0.3713700473308563 -0.1972915381193161 0.9999760389328003
0.5311362147331238 0.36762553453445435 -0.20798641443252563 0.9999970197677612
0.5595772862434387 0.4036503732204437 -0.3161483407020569 0.9999945163726807
0.5372225642204285 0.40229228138923645 -0.31967002153396606 0.9999973773956299
0.6169940829277039 0.5200440883636475 -0.0858943983912468 0.9999749660491943
0.49420449137687683 0.5176503658294678 -0.13016852736473083 0.9999725818634033
0.6926447153091431 0.6702575087547302 -0.2392529547214508 0.9999269247055054
0.47267961502075195 0.7143323421478271 -0.17932634055614471 0.9993067979812622
0.6856263279914856 0.4978399872779846 -0.49952998757362366 0.9999034404754639
0.5166182518005371 0.8568543195724487 -0.34601911902427673 0.9991982579231262
0.6871151328086853 0.4373149275779724 -0.5474966764450073 0.9991944432258606
0.5207629203796387 0.9107952117919922 -0.36686450242996216 0.9956396818161011
0.6766241192817688 0.4227360188961029 -0.5113536715507507 0.9991310238838196
0.5403801202774048 0.9032091498374939 -0.37559932470321655 0.9960671067237854
0.6712871789932251 0.4433012008666992 -0.4897601902484894 0.9992181062698364
0.5402519702911377 0.882204532623291 -0.3475961983203888 0.996907651424408
0.6099246740341187 0.8349096775054932 0.006362800020724535 0.9996693134307861
0.5264317989349365 0.845251739025116 -0.005231926217675209 0.9996745586395264
0.6246596574783325 1.0859886407852173 -0.04024580866098404 0.04789289832115173
0.5283950567245483 1.0759629011154175 -0.0981302261352539 0.04822704195976257
0.6240063905715942 1.2883025407791138 0.28845885396003723 1.1019906196452212e-05
0.5367853045463562 1.2824658155441284 0.2032516598701477 3.4987766412086785e-05
0.6294311881065369 1.325905203819275 0.3139173686504364 8.517275273334235e-05
0.5340116024017334 1.3272498846054077 0.22796136140823364 0.00011446679127402604
0.6063180565834045 1.3802785873413086 0.17590825259685516 9.746911928232294e-06
0.5549463629722595 1.3568940162658691 0.07012081146240234 6.974555435590446e-05
