0.5601024031639099 0.3805488049983978 -0.3002792298793793 0.9999922513961792
0.5717917680740356 0.36103230714797974 -0.27261364459991455 0.9999537467956543
0.5762834548950195 0.3620254397392273 -0.27255114912986755 0.9999697208404541
0.580659031867981 0.36291205883026123 -0.2725123167037964 0.9999215602874756
0.5536523461341858 0.35973793268203735 -0.27837127447128296 0.9999735355377197
0.5481523871421814 0.36011743545532227 -0.27844032645225525 0.9999871253967285
0.5437794923782349 0.3597230315208435 -0.27860555052757263 0.9999781847000122
0.5878042578697205 0.3771984875202179 -0.12393241375684738 0.9999454021453857
0.5387526750564575 0.3706547021865845 -0.14974617958068848 0.9999960660934448
0.569248378276825 0.40803220868110657 -0.2453175038099289 0.9999864101409912
0.5475990772247314 0.40656840801239014 -0.2533988654613495 0.9999948740005493
0.6177718043327332 0.5100780725479126 -0.041588690131902695 0.9999068975448608
0.4974381625652313 0.5153069496154785 -0.08350398391485214 0.9999426603317261
0.6937907934188843 0.6191859245300293 -0.19927191734313965 0.9997667670249939
0.4773443937301636 0.7087823152542114 -0.11031276732683182 0.9980370402336121
0.6248782277107239 0.43863004446029663 -0.42452824115753174 0.9986950755119324
0.5165972709655762 0.8551166653633118 -0.22863726317882538 0.9959316849708557
0.6115090847015381 0.3945668041706085 -0.4717077910900116 0.9911808967590332
0.5210849642753601 0.9096754193305969 -0.2528756558895111 0.9840176701545715
0.6054287552833557 0.39702072739601135 -0.4269375503063202 0.9902268648147583
0.5391024351119995 0.9013227820396423 -0.2626475691795349 0.9857228398323059
0.605243980884552 0.4138694107532501 -0.4116261601448059 0.9917450547218323
0.5387632846832275 0.8799893260002136 -0.23100294172763824 0.9877378940582275
0.611542820930481 0.8254644274711609 0.005473519675433636 0.9997639060020447
0.5259880423545837 0.8380059003829956 -0.004569139797240496 0.9997206330299377
0.6223815083503723 1.0746593475341797 -0.09316044300794601 0.3721044063568115
0.5312196612358093 1.0688508749008179 -0.10064961761236191 0.3765975534915924
0.6230048537254333 1.2642815113067627 0.26169177889823914 0.0002623175969347358
0.5431673526763916 1.265324354171753 0.2073763757944107 0.0009390792110934854
0.6261511445045471 1.2983745336532593 0.29223552346229553 0.001040623290464282
0.5407766699790955 1.3037545680999756 0.2344362735748291 0.0024644474033266306
0.6088838577270508 1.354381799697876 0.16647276282310486 0.00015517667634412646
0.5595099925994873 1.3427224159240723 0.0912487655878067 0.0007759442669339478
