0.562359631061554 0.3740864098072052 -0.3293520510196686 0.9999992847442627
0.5723642706871033 0.3554685413837433 -0.30019015073776245 0.999995231628418
0.5775343179702759 0.35594314336776733 -0.30015891790390015 0.9999974966049194
0.5819207429885864 0.35653358697891235 -0.30009326338768005 0.999991774559021
0.5547956228256226 0.35442882776260376 -0.31125587224960327 0.999996542930603
0.5481770038604736 0.35442373156547546 -0.3113657236099243 0.9999984502792358
0.5423468947410583 0.3546556532382965 -0.31150543689727783 0.9999960660934448
0.5883454084396362 0.37048399448394775 -0.14537136256694794 0.9999953508377075
0.5355473160743713 0.36679747700691223 -0.19567011296749115 0.9999996423721313
0.5702260136604309 0.40347912907600403 -0.2726397216320038 0.9999983310699463
0.5490793585777283 0.4007755517959595 -0.2877286672592163 0.9999992847442627
0.6130579710006714 0.5123001337051392 -0.035756003111600876 0.9999853372573853
0.4944462180137634 0.5181607007980347 -0.12884485721588135 0.9999761581420898
0.6885853409767151 0.6281864047050476 -0.16275985538959503 0.9998904466629028
0.475827693939209 0.7045797109603882 -0.17775027453899384 0.9995006322860718
0.6694740653038025 0.49012529850006104 -0.4106810390949249 0.9998125433921814
0.5169838070869446 0.8496584892272949 -0.3301894962787628 0.9990515112876892
0.6664921045303345 0.44807225465774536 -0.46118614077568054 0.9987685084342957
0.5205713510513306 0.9068200588226318 -0.35654914379119873 0.9962131977081299
0.6566140055656433 0.43705835938453674 -0.42898860573768616 0.998677670955658
0.5397670269012451 0.9029752612113953 -0.3705573081970215 0.9965057373046875
0.6533393859863281 0.4514417350292206 -0.40328696370124817 0.998859167098999
0.5413764715194702 0.8821835517883301 -0.33366578817367554 0.9970333576202393
0.6062063574790955 0.8182044625282288 0.010638493113219738 0.999895453453064
0.5234190225601196 0.8289171457290649 -0.009647851809859276 0.9998672008514404
0.6204577684402466 1.0571579933166504 -0.10707272589206696 0.29361987113952637
0.5191992521286011 1.0499149560928345 -0.09170779585838318 0.3660382032394409
0.6202717423439026 1.2531229257583618 0.19940468668937683 0.00013290069182403386
0.5345967411994934 1.2446794509887695 0.22191840410232544 0.0004390513931866735
0.622773289680481 1.2884478569030762 0.2234209179878235 0.000739604642149061
0.5334703922271729 1.2826716899871826 0.24851378798484802 0.0018298659706488252
0.6087182760238647 1.337895154953003 0.09293825179338455 7.134359475458041e-05
0.5470852255821228 1.3178982734680176 0.11137671768665314 0.00044170510955154896
