0.5610799789428711 0.37123769521713257 -0.3683106601238251 0.9999973773956299
0.5712405443191528 0.35249394178390503 -0.34077340364456177 0.9999825954437256
0.5765472054481506 0.3543796241283417 -0.34073102474212646 0.9999904632568359
0.5811861157417297 0.3563790023326874 -0.3406775891780853 0.9999709129333496
0.5536500215530396 0.3493097722530365 -0.35008442401885986 0.9999836683273315
0.5470719933509827 0.3489757478237152 -0.35017427802085876 0.9999918937683105
0.5413405299186707 0.3488638699054718 -0.35032781958580017 0.9999792575836182
0.5891305208206177 0.3718825578689575 -0.19187849760055542 0.999983549118042
0.5352641940116882 0.36294320225715637 -0.23438678681850433 0.9999971389770508
0.5691214203834534 0.4027290940284729 -0.3138555884361267 0.9999969005584717
0.5472052097320557 0.4007226228713989 -0.3264913856983185 0.9999983310699463
0.6169843077659607 0.5197821855545044 -0.08891205489635468 0.9999927282333374
0.4950829744338989 0.517891526222229 -0.15886814892292023 0.9999622106552124
0.6878653168678284 0.6755728721618652 -0.21947750449180603 0.9999679327011108
0.4779241979122162 0.7086486220359802 -0.2050105780363083 0.9995926022529602
0.6717169880867004 0.5568392276763916 -0.48885029554367065 0.9999527931213379
0.5156868696212769 0.8539418578147888 -0.37353938817977905 0.9996250867843628
0.6666686534881592 0.5405013561248779 -0.543923556804657 0.999650239944458
0.5188584923744202 0.9111185073852539 -0.40389391779899597 0.9981227517127991
0.6565018892288208 0.5227367281913757 -0.5124669075012207 0.9996294975280762
0.5388684868812561 0.9053374528884888 -0.41728895902633667 0.9983627200126648
0.6544225215911865 0.5289844274520874 -0.48066046833992004 0.9996498823165894
0.5406432747840881 0.8864622116088867 -0.3772412836551666 0.9986693859100342
0.6071813702583313 0.8183685541152954 0.007915197871625423 0.9998337030410767
0.525729775428772 0.8290286064147949 -0.006974087096750736 0.9997777342796326
0.620781660079956 1.05939519405365 -0.015683358535170555 0.1608513742685318
0.5303359627723694 1.0497617721557617 -0.08068711310625076 0.1381988823413849
0.6194390058517456 1.2466683387756348 0.35332342982292175 3.5386339732212946e-05
0.5383865833282471 1.2416685819625854 0.2422134131193161 0.00012813617649953812
0.6235634088516235 1.280240535736084 0.3832543194293976 0.00023586041061207652
0.5355706810951233 1.2818405628204346 0.2694843113422394 0.00043248385190963745
0.6048473715782166 1.3347501754760742 0.25939467549324036 2.3355900339083746e-05
0.5536893606185913 1.3153541088104248 0.12396048754453659 0.00018364093557465822
