0.5577313899993896 0.364834189414978 -0.2662767767906189 0.9999878406524658
0.568378210067749 0.3469245731830597 -0.23913465440273285 0.9999730587005615
0.573529064655304 0.3476470708847046 -0.2392444610595703 0.9999740123748779
0.5780917406082153 0.34864190220832825 -0.2393825501203537 0.9999672174453735
0.549832284450531 0.34669044613838196 -0.24112443625926971 0.9999594688415527
0.5431023836135864 0.3471694886684418 -0.2411373406648636 0.9999551773071289
0.5378355383872986 0.3475865125656128 -0.2412613034248352 0.9999446868896484
0.5870015025138855 0.3657897710800171 -0.10802188515663147 0.9999676942825317
0.5326365232467651 0.36366838216781616 -0.11531807482242584 0.9999555349349976
0.5669808983802795 0.39791324734687805 -0.21915873885154724 0.9999970197677612
0.5441024303436279 0.3959813117980957 -0.22119681537151337 0.9999972581863403
0.617219865322113 0.5239759087562561 -0.04033973440527916 0.9999711513519287
0.4938492774963379 0.5194928646087646 -0.07841017097234726 0.9997021555900574
0.6411817073822021 0.6875258088111877 -0.10924232006072998 0.9870115518569946
0.4779570996761322 0.7051277160644531 -0.10988099128007889 0.9921510219573975
0.6420518159866333 0.7613612413406372 -0.3623923659324646 0.9874251484870911
0.514451265335083 0.8525682687759399 -0.23947010934352875 0.982313871383667
0.6485803723335266 0.8140882253646851 -0.4277896583080292 0.9719666838645935
0.5163337588310242 0.9094818830490112 -0.27946028113365173 0.9591042995452881
0.6322724223136902 0.8079545497894287 -0.44256579875946045 0.9766253232955933
0.5380502343177795 0.9043933153152466 -0.3005579113960266 0.9639422297477722
0.6252974271774292 0.7929637432098389 -0.3732755482196808 0.9741150140762329
0.5409232974052429 0.8871323466300964 -0.247810497879982 0.9601678252220154
0.5979859232902527 0.808386504650116 0.014239014126360416 0.9993911981582642
0.515105128288269 0.8245527148246765 -0.013776807114481926 0.9976000189781189
0.6414916515350342 0.9798407554626465 -0.34462860226631165 0.7186892032623291
0.5200775861740112 1.0174890756607056 -0.16895420849323273 0.4910261332988739
0.6278736591339111 1.1815906763076782 -0.0703844353556633 0.07724731415510178
0.5497613549232483 1.20391845703125 0.15182848274707794 0.038038477301597595
0.6195624470710754 1.2121785879135132 -0.04792605713009834 0.2138211578130722
0.5534853339195251 1.231436014175415 0.1797787845134735 0.042143333703279495
0.6394521594047546 1.2747411727905273 -0.1834522783756256 0.07674390822649002
0.5597177743911743 1.289783239364624 0.05038860812783241 0.028212357312440872
