0.5662440061569214 0.3811984956264496 -0.2894285023212433 0.9995622038841248
0.5763822793960571 0.36111027002334595 -0.26305651664733887 0.9992057681083679
0.5815192461013794 0.3623420000076294 -0.26307129859924316 0.9992092847824097
0.5864969491958618 0.3636015057563782 -0.2630837559700012 0.998936116695404
0.5583306550979614 0.36040470004081726 -0.26107728481292725 0.9991951584815979
0.551627516746521 0.36169227957725525 -0.26127541065216064 0.9992581009864807
0.546639084815979 0.362805038690567 -0.2614118456840515 0.999036431312561
0.5957480072975159 0.3828171193599701 -0.12883849442005157 0.9994528889656067
0.5391612648963928 0.3790358901023865 -0.11710130423307419 0.9990703463554382
0.5755758881568909 0.4119497537612915 -0.24191151559352875 0.9998154044151306
0.5535330176353455 0.4093141257762909 -0.23929552733898163 0.9996809959411621
0.6290473937988281 0.5465316772460938 -0.08697903901338577 0.9986995458602905
0.5008072257041931 0.5362639427185059 -0.056814346462488174 0.9988447427749634
0.669096052646637 0.7692810297012329 -0.26058557629585266 0.9969252943992615
0.47402462363243103 0.7627078294754028 -0.26011207699775696 0.9986349940299988
0.5931546092033386 0.6383814811706543 -0.48611173033714294 0.9962965846061707
0.5408264994621277 0.6215630769729614 -0.515941858291626 0.9996641874313354
0.5829440355300903 0.5727479457855225 -0.5281938910484314 0.97755366563797
0.5568960309028625 0.5584136247634888 -0.5552880167961121 0.9970245957374573
0.5828251242637634 0.5531383752822876 -0.4842316508293152 0.9745606780052185
0.5537309646606445 0.5488624572753906 -0.5171558260917664 0.9964304566383362
0.5814152359962463 0.5743400454521179 -0.4709063470363617 0.9810725450515747
0.5539216995239258 0.5665773749351501 -0.5040568709373474 0.9964702129364014
0.6060153841972351 0.8453590869903564 -0.003929732367396355 0.9995958209037781
0.5193474292755127 0.844669759273529 0.004991744179278612 0.9992104768753052
0.6157306432723999 1.0630464553833008 -0.19889427721500397 0.3851547837257385
0.5065973997116089 1.0821112394332886 0.08940393477678299 0.4130033254623413
0.6134443283081055 1.2643793821334839 0.11689772456884384 0.00016774932737462223
0.5000369548797607 1.2647922039031982 0.4253517985343933 0.000549385673366487
0.6135492324829102 1.3081265687942505 0.14345192909240723 0.0007721349247731268
0.4965253472328186 1.303296685218811 0.4530990719795227 0.0003643784439191222
0.6080111861228943 1.3397469520568848 -0.006213220302015543 0.00015911826631054282
0.505426824092865 1.3396533727645874 0.3043251931667328 0.00046047617797739804
