0.5655387043952942 0.3885253667831421 -0.3222304582595825 0.9998860359191895
0.5756296515464783 0.36594158411026 -0.2986483573913574 0.9998216032981873
0.5801187753677368 0.3672630786895752 -0.29867464303970337 0.9998759031295776
0.5852776765823364 0.3689342737197876 -0.29870301485061646 0.9997825026512146
0.5581744313240051 0.3647427558898926 -0.29878976941108704 0.999772846698761
0.5518168807029724 0.36482739448547363 -0.29896366596221924 0.999847412109375
0.5457906723022461 0.3653643727302551 -0.29904797673225403 0.9997456669807434
0.5941036939620972 0.38596612215042114 -0.15826179087162018 0.9999079704284668
0.5384343266487122 0.37985843420028687 -0.15770894289016724 0.9998745918273926
0.574450671672821 0.41831356287002563 -0.26974937319755554 0.9999262094497681
0.5525771379470825 0.4168391227722168 -0.2701285183429718 0.9998719692230225
0.6251615881919861 0.5371092557907104 -0.09585953503847122 0.9997881054878235
0.49930450320243835 0.5325137376785278 -0.0806969478726387 0.999487042427063
0.6655871272087097 0.7401555776596069 -0.23256054520606995 0.999221682548523
0.48569154739379883 0.7502831220626831 -0.27297019958496094 0.9975206255912781
0.592187225818634 0.6438473463058472 -0.4529743492603302 0.9988699555397034
0.5466600060462952 0.6337555646896362 -0.5723846554756165 0.9994934797286987
0.5785580277442932 0.6024852991104126 -0.4980769157409668 0.9954729676246643
0.5598918199539185 0.5929180383682251 -0.6236667633056641 0.9973898530006409
0.5813142657279968 0.5746105909347534 -0.4653934836387634 0.9952461123466492
0.5581995844841003 0.5611516237258911 -0.5964019894599915 0.9970888495445251
0.5817460417747498 0.586855947971344 -0.44241389632225037 0.996471643447876
0.5558199286460876 0.5797972679138184 -0.5667988657951355 0.997523844242096
0.6149393916130066 0.858241856098175 -0.0012164696818217635 0.9998631477355957
0.5188595056533813 0.8575577735900879 0.0022506979294121265 0.9997640252113342
0.6163308620452881 1.122682809829712 -0.01584687829017639 0.4523217976093292
0.5103155970573425 1.1360321044921875 0.061915382742881775 0.5154107809066772
0.616661012172699 1.3375381231307983 0.3707013726234436 0.00013651388871949166
0.5094549059867859 1.3337335586547852 0.4243178069591522 0.00034635726478882134
0.6200881600379944 1.3787691593170166 0.405554860830307 0.0005398108623921871
0.5062693357467651 1.372567057609558 0.4574901759624481 0.000507878081407398
0.6061496138572693 1.4256343841552734 0.28375017642974854 5.759466512245126e-05
0.5224795937538147 1.414792537689209 0.32232120633125305 0.00020726777438540012
