0.5659162402153015 0.3949281573295593 -0.2237061709165573 0.9998725652694702
0.5751755237579346 0.3715071976184845 -0.19808974862098694 0.9997993111610413
0.5797469615936279 0.3719770610332489 -0.19812241196632385 0.999854326248169
0.5847394466400146 0.3730398714542389 -0.19813409447669983 0.9997773766517639
0.5580766201019287 0.3716058135032654 -0.1965496987104416 0.9997830986976624
0.5515970587730408 0.37202584743499756 -0.19672368466854095 0.9998455047607422
0.5454661250114441 0.372627317905426 -0.19682034850120544 0.999792754650116
0.5927000641822815 0.38838428258895874 -0.06343823671340942 0.9999105930328369
0.5381069183349609 0.3845181167125702 -0.05378466472029686 0.9998856782913208
0.5742613673210144 0.4247351586818695 -0.17450250685214996 0.9999068975448608
0.5532286763191223 0.4242713153362274 -0.17240633070468903 0.9998586177825928
0.6269441843032837 0.5408847332000732 -0.017224660143256187 0.9997335076332092
0.49985572695732117 0.5332149863243103 0.005327241960912943 0.9995869994163513
0.6698695421218872 0.7428659200668335 -0.1565176397562027 0.9993377327919006
0.4687386155128479 0.7300221920013428 -0.1838447004556656 0.9990956783294678
0.5894514918327332 0.6453233361244202 -0.3420223295688629 0.9987473487854004
0.5472517609596252 0.6274298429489136 -0.4422183930873871 0.999643087387085
0.5769351124763489 0.6024625301361084 -0.38054898381233215 0.9935441017150879
0.5653683543205261 0.5874408483505249 -0.4851740002632141 0.9973389506340027
0.5767999291419983 0.5766251087188721 -0.3410472273826599 0.9929648637771606
0.5627103447914124 0.563909649848938 -0.4509628415107727 0.9968730807304382
0.5768148303031921 0.5940728783607483 -0.32795658707618713 0.9954622387886047
0.5590291619300842 0.5781668424606323 -0.4324103593826294 0.9975382089614868
0.6116460561752319 0.8578826785087585 -0.00011735155567293987 0.9999247789382935
0.5198193192481995 0.8617473244667053 0.0013766217743977904 0.9998661279678345
0.6157569885253906 1.10587477684021 -0.04578693211078644 0.3622967004776001
0.5101807713508606 1.114820122718811 0.07055800408124924 0.48840421438217163
0.6148752570152283 1.3125977516174316 0.29602986574172974 4.7949488362064585e-05
0.5055196285247803 1.3031924962997437 0.41728895902633667 0.00018826949235517532
0.6176328659057617 1.3550574779510498 0.326856404542923 0.0002747293037828058
0.5013211965560913 1.3423488140106201 0.449237197637558 0.00028382084565237164
0.6054885387420654 1.392000675201416 0.2041933238506317 2.955103263957426e-05
0.5176618695259094 1.3772928714752197 0.32238948345184326 0.00015453834203071892
