0.566409170627594 0.39637094736099243 -0.24369052052497864 0.9995042085647583
0.5755154490470886 0.3741527795791626 -0.21755674481391907 0.9994686245918274
0.5800018310546875 0.37437570095062256 -0.21752236783504486 0.9994454979896545
0.5850028991699219 0.3749816119670868 -0.21753229200839996 0.9994632601737976
0.5585312247276306 0.37341538071632385 -0.22119370102882385 0.9993430972099304
0.5520872473716736 0.37332427501678467 -0.22128456830978394 0.9993046522140503
0.545985996723175 0.37321099638938904 -0.2213633805513382 0.999336302280426
0.5909950137138367 0.38626646995544434 -0.07883322238922119 0.9995859265327454
0.5371510982513428 0.3844786584377289 -0.0914309099316597 0.9994664788246155
0.574646532535553 0.4249049425125122 -0.19269317388534546 0.9996777772903442
0.5549335479736328 0.4216175675392151 -0.19693361222743988 0.999458372592926
0.623884379863739 0.5297410488128662 -0.03323080390691757 0.9993020296096802
0.4991096556186676 0.5284305810928345 -0.056658387184143066 0.998754620552063
0.6688768863677979 0.7091706991195679 -0.2038329392671585 0.9980143308639526
0.47617822885513306 0.7063362002372742 -0.271851509809494 0.9987092018127441
0.5894553065299988 0.5725690126419067 -0.384138286113739 0.9979813694953918
0.5538736581802368 0.5553292036056519 -0.48164060711860657 0.9995953440666199
0.5824038982391357 0.5205687284469604 -0.4253358840942383 0.9863366484642029
0.5655275583267212 0.5011772513389587 -0.5223185420036316 0.9963545799255371
0.5825240015983582 0.5071081519126892 -0.378204882144928 0.9845072031021118
0.560719907283783 0.4890115261077881 -0.48544877767562866 0.995747983455658
0.5825883746147156 0.5269412398338318 -0.36920085549354553 0.9899725914001465
0.558904230594635 0.5073573589324951 -0.4709222912788391 0.9963425993919373
0.6168650388717651 0.8611371517181396 0.007060679141432047 0.9998315572738647
0.5218504667282104 0.863787829875946 -0.005709670018404722 0.9997001886367798
0.6132659912109375 1.1155259609222412 -0.01393734011799097 0.21747949719429016
0.5187152624130249 1.111879825592041 0.11112190783023834 0.22737284004688263
0.6149160265922546 1.3299195766448975 0.31223931908607483 5.128821067046374e-05
0.5220173597335815 1.3282675743103027 0.4249283969402313 0.00013842227053828537
0.618085503578186 1.3746817111968994 0.3406932055950165 0.00023677948047406971
0.518625020980835 1.3727211952209473 0.45289885997772217 0.0001586642028996721
0.6044126152992249 1.4121639728546143 0.19962066411972046 4.7342600737465546e-05
0.5382671356201172 1.4096624851226807 0.29733988642692566 0.00017055682837963104
