0.5660232901573181 0.38880330324172974 -0.23732785880565643 0.9999339580535889
0.5767974257469177 0.3668897747993469 -0.211729034781456 0.9999140501022339
0.5813358426094055 0.36769193410873413 -0.21172590553760529 0.9999302625656128
0.5871190428733826 0.3689132332801819 -0.2116871327161789 0.9999047517776489
0.5582451224327087 0.36561310291290283 -0.21216623485088348 0.9999068975448608
0.5515269041061401 0.3654312491416931 -0.2122640162706375 0.9999295473098755
0.5451421141624451 0.36563926935195923 -0.2123534083366394 0.9999160766601562
0.5944135189056396 0.3825598359107971 -0.0700220838189125 0.9999419450759888
0.5380911231040955 0.3791773319244385 -0.07035479694604874 0.9999499320983887
0.575553297996521 0.4210982322692871 -0.1854739785194397 0.9999469518661499
0.5530752539634705 0.4176900386810303 -0.18605540692806244 0.9999297857284546
0.6242331266403198 0.5312567353248596 -0.013191195204854012 0.9997857213020325
0.4994502067565918 0.5307961702346802 -0.01505255326628685 0.9997827410697937
0.6759408712387085 0.7299306392669678 -0.16388878226280212 0.9990216493606567
0.472208172082901 0.7308112978935242 -0.21129149198532104 0.9990239143371582
0.5951401591300964 0.623904824256897 -0.3734857738018036 0.997885525226593
0.5479727983474731 0.6108887195587158 -0.46675223112106323 0.9995198249816895
0.5829232931137085 0.5840647220611572 -0.41582292318344116 0.9900215268135071
0.5678911805152893 0.5742349624633789 -0.5121198892593384 0.9969812035560608
0.5835989713668823 0.5583070516586304 -0.3773069679737091 0.9890038371086121
0.5648933053016663 0.5479453802108765 -0.4797278046607971 0.9964723587036133
0.5832824110984802 0.5720998048782349 -0.36122050881385803 0.9920682907104492
0.5610686540603638 0.56352698802948 -0.4575260877609253 0.9969006776809692
0.6147595643997192 0.8643697500228882 0.0019351308001205325 0.999795138835907
0.5183437466621399 0.8679091930389404 -0.0006483823526650667 0.9996774196624756
0.6105272173881531 1.1361879110336304 -0.007048747036606073 0.4042331278324127
0.5042821168899536 1.1392252445220947 0.09463520348072052 0.46889591217041016
0.6107069849967957 1.3659719228744507 0.3037065863609314 0.0002210042584920302
0.5022377371788025 1.361121416091919 0.3929348289966583 0.00048289302503690124
0.6139618754386902 1.4096581935882568 0.3300638496875763 0.0006784539436921477
0.4977837800979614 1.4014723300933838 0.41921746730804443 0.0006554352003149688
0.5990474820137024 1.4477152824401855 0.1904332935810089 0.00010667271271813661
0.5181905627250671 1.4436781406402588 0.2665250599384308 0.00034219506778754294
