0.5425949692726135 0.3229401111602783 -0.20082364976406097 0.9999977350234985
0.5500707030296326 0.30524080991744995 -0.1676996797323227 0.9999936819076538
0.5543469190597534 0.3060840964317322 -0.16781528294086456 0.9999967813491821
0.5588191747665405 0.30724215507507324 -0.1678718775510788 0.9999947547912598
0.531903862953186 0.3030320405960083 -0.17789974808692932 0.9999932050704956
0.5251613259315491 0.30347633361816406 -0.1779838651418686 0.9999960660934448
0.5195668339729309 0.30435192584991455 -0.17818471789360046 0.9999935626983643
0.562998354434967 0.3218017816543579 -0.0018255312461405993 0.999996542930603
0.5090048909187317 0.32372403144836426 -0.05101686716079712 0.9999986886978149
0.5518714785575867 0.35735976696014404 -0.13969378173351288 0.9999973773956299
0.5295741558074951 0.3565898537635803 -0.15458530187606812 0.9999982118606567
0.5989972352981567 0.48035725951194763 0.08355120569467545 0.9999905824661255
0.46046778559684753 0.4753606617450714 0.04758820682764053 0.99996018409729
0.668302595615387 0.6003056764602661 -0.086612768471241 0.9995866417884827
0.42795392870903015 0.6815489530563354 0.12448174506425858 0.992085874080658
0.6640874743461609 0.3848419785499573 -0.36858293414115906 0.9988812804222107
0.4105941653251648 0.8688666820526123 0.08515548706054688 0.9721274375915527
0.6644666194915771 0.3177843689918518 -0.42695528268814087 0.9943640232086182
0.3940615653991699 0.9313449263572693 0.08126319199800491 0.9284661412239075
0.6593771576881409 0.30872219800949097 -0.39183399081230164 0.994091808795929
0.40416353940963745 0.943805456161499 0.03952015936374664 0.9355189800262451
0.6576369404792786 0.32786422967910767 -0.3627874553203583 0.9929848313331604
0.4135132431983948 0.9203386902809143 0.0706055536866188 0.9425365328788757
0.5860286951065063 0.8174049854278564 0.010780390352010727 0.9992281198501587
0.4825262427330017 0.8254148364067078 -0.009920332580804825 0.9988429546356201
0.6064367890357971 1.08429753780365 -0.3544982671737671 0.8572319746017456
0.4818337559700012 1.0703476667404175 -0.36910998821258545 0.8299195766448975
0.6029940247535706 1.3411800861358643 -0.10634533315896988 0.031653452664613724
0.4790150821208954 1.3514245748519897 -0.20057348906993866 0.06789091229438782
0.6041184663772583 1.3779881000518799 -0.08814232796430588 0.0889916643500328
0.47548478841781616 1.3955074548721313 -0.19073060154914856 0.12768703699111938
0.5874263048171997 1.4329876899719238 -0.2622798681259155 0.015703435987234116
0.49075284600257874 1.43318510055542 -0.39036959409713745 0.0341746024787426
