0.5432412028312683 0.321510910987854 -0.24706010520458221 0.9999914169311523
0.549561083316803 0.3039856553077698 -0.21375063061714172 0.9999791383743286
0.5534782409667969 0.30470263957977295 -0.2138761579990387 0.9999886751174927
0.5580968260765076 0.3057791590690613 -0.2139642983675003 0.9999828338623047
0.5335226655006409 0.30364352464675903 -0.22681519389152527 0.9999788999557495
0.5268908739089966 0.30433523654937744 -0.22690215706825256 0.9999876022338867
0.5211413502693176 0.3055284023284912 -0.22709840536117554 0.9999821186065674
0.5618693828582764 0.3224680423736572 -0.0494985431432724 0.9999881982803345
0.5088355541229248 0.32468873262405396 -0.11074411869049072 0.9999964237213135
0.5515216588973999 0.34956347942352295 -0.1868898570537567 0.9999933242797852
0.531169593334198 0.3506304621696472 -0.2052115797996521 0.9999959468841553
0.60323566198349 0.48929935693740845 0.04578781872987747 0.9999867677688599
0.4602266252040863 0.4812234342098236 -0.012932181358337402 0.9999645948410034
0.6629104614257812 0.6610962152481079 -0.0970594584941864 0.9994820952415466
0.4280278980731964 0.6926898956298828 0.05622569099068642 0.994175136089325
0.67988520860672 0.4679091274738312 -0.3550328314304352 0.9981694221496582
0.40928417444229126 0.8810869455337524 0.004031719174236059 0.9769913554191589
0.6788381338119507 0.41660380363464355 -0.4055924713611603 0.9912501573562622
0.3943280577659607 0.9458247423171997 -0.005349308717995882 0.9383370280265808
0.672467827796936 0.39965078234672546 -0.37417057156562805 0.9906426072120667
0.4018988013267517 0.9573575854301453 -0.04372044652700424 0.9444470405578613
0.6703132390975952 0.4159006178379059 -0.35062095522880554 0.989823043346405
0.41011497378349304 0.9364999532699585 -0.010546389035880566 0.9523029327392578
0.587795078754425 0.8270231485366821 0.013066110201179981 0.9986262321472168
0.48485496640205383 0.8346402049064636 -0.01198461651802063 0.9983952641487122
0.6010744571685791 1.115090012550354 -0.26575714349746704 0.5349239110946655
0.48339468240737915 1.0792911052703857 -0.37485939264297485 0.5691747069358826
0.6059804558753967 1.3681247234344482 -0.009609497152268887 0.00333861680701375
0.47499024868011475 1.358697533607483 -0.1971295326948166 0.013094142079353333
0.6092115640640259 1.4046719074249268 0.007935000583529472 0.010086744092404842
0.46911561489105225 1.406351089477539 -0.1862287074327469 0.029042551293969154
0.5887845158576965 1.4604933261871338 -0.16868898272514343 0.0018769928719848394
0.48806077241897583 1.4334161281585693 -0.3968173861503601 0.010703044012188911
