0.5447015762329102 0.4070841073989868 -0.32644450664520264 0.9999798536300659
0.5459427237510681 0.3864949941635132 -0.30285903811454773 0.9999593496322632
0.548591673374176 0.3873847723007202 -0.3028692603111267 0.9999741315841675
0.5514807105064392 0.38845688104629517 -0.30298689007759094 0.9999644756317139
0.534145712852478 0.3841131925582886 -0.314701646566391 0.9999449253082275
0.5283784866333008 0.3839077353477478 -0.3147425055503845 0.999955415725708
0.522581160068512 0.38389039039611816 -0.31488364934921265 0.999929666519165
0.5498084425926208 0.39978283643722534 -0.16331510245800018 0.9999756813049316
0.5071749687194824 0.3962017893791199 -0.2202596515417099 0.999983549118042
0.547836184501648 0.4326849579811096 -0.27343422174453735 0.9999945163726807
0.5338162183761597 0.4302690625190735 -0.29069122672080994 0.9999943971633911
0.5854112505912781 0.5310224294662476 -0.09863763302564621 0.9999963045120239
0.45235249400138855 0.5345162153244019 -0.09573613852262497 0.9999474287033081
0.6482294201850891 0.6639795303344727 -0.24428227543830872 0.9999091625213623
0.42000189423561096 0.7093432545661926 0.03771859407424927 0.9957596659660339
0.6054607629776001 0.4991130232810974 -0.5179907083511353 0.9998270869255066
0.4198611378669739 0.8436492681503296 0.046767234802246094 0.9921448826789856
0.5934882760047913 0.4501173794269562 -0.5747484564781189 0.9986019730567932
0.4095897376537323 0.8921864628791809 0.04324024170637131 0.972970724105835
0.5910347700119019 0.4385439157485962 -0.5466621518135071 0.9983776807785034
0.4216088652610779 0.8928282260894775 0.01789851114153862 0.9750933051109314
0.589739203453064 0.45363807678222656 -0.5125160813331604 0.9982753992080688
0.42999467253685 0.8736764788627625 0.039453066885471344 0.9781121015548706
0.5704572200775146 0.8437153100967407 -0.0019290995551273227 0.9997641444206238
0.4814453423023224 0.8574936985969543 0.002902192296460271 0.9994520545005798
0.5823472142219543 1.104437232017517 0.00721423514187336 0.2359589785337448
0.48478397727012634 1.1010565757751465 0.02937139943242073 0.23601533472537994
0.5832177400588989 1.3021703958511353 0.4259519875049591 0.00047153179184533656
0.493781179189682 1.3051297664642334 0.35504958033561707 0.0021578490268439054
0.5849213004112244 1.3358523845672607 0.46500495076179504 0.0018165783258154988
0.49254903197288513 1.3418065309524536 0.38345253467559814 0.003746821079403162
0.5749841332435608 1.3932427167892456 0.3344019055366516 0.0004418771422933787
0.5157160758972168 1.3894896507263184 0.2223328948020935 0.0018202385399490595
