0.5478689670562744 0.40899643301963806 -0.33831650018692017 0.9998996257781982
0.5471292734146118 0.38752615451812744 -0.3114052414894104 0.9998238682746887
0.5495617389678955 0.3881167769432068 -0.311373233795166 0.999832272529602
0.5521587133407593 0.38892263174057007 -0.31147143244743347 0.9997923970222473
0.5362652540206909 0.3858652710914612 -0.32941338419914246 0.9998575448989868
0.5305815935134888 0.38559865951538086 -0.3294732868671417 0.9998694658279419
0.5243937373161316 0.3859688639640808 -0.3296593725681305 0.9998587369918823
0.548240602016449 0.4013763666152954 -0.16239483654499054 0.999772846698761
0.508047878742218 0.39960992336273193 -0.24739986658096313 0.9999536275863647
0.5501919984817505 0.4350871741771698 -0.28160038590431213 0.9999620914459229
0.5373532772064209 0.43358534574508667 -0.3068558871746063 0.9999816417694092
0.5867084264755249 0.5344817042350769 -0.07342172414064407 0.999924898147583
0.45369476079940796 0.5400266647338867 -0.14293870329856873 0.9998190999031067
0.648013174533844 0.6494317054748535 -0.17477400600910187 0.9991915822029114
0.419624924659729 0.7075711488723755 -0.06809988617897034 0.9903824925422668
0.5933236479759216 0.4817157983779907 -0.3970516324043274 0.9981846213340759
0.42799460887908936 0.8230524659156799 -0.09730587899684906 0.9777971506118774
0.5822108387947083 0.43150633573532104 -0.44321706891059875 0.9866756796836853
0.42006969451904297 0.8722177743911743 -0.11223671585321426 0.931278645992279
0.5772476196289062 0.42752447724342346 -0.41566240787506104 0.9843659400939941
0.43676063418388367 0.8643678426742554 -0.12879545986652374 0.9374086260795593
0.5756054520606995 0.441243052482605 -0.3915051519870758 0.9831954836845398
0.44257307052612305 0.8473421931266785 -0.1018504872918129 0.93784499168396
0.5716254115104675 0.8410384058952332 0.010966251604259014 0.9985526204109192
0.4841729402542114 0.8516354560852051 -0.01004062034189701 0.997830331325531
0.5806599259376526 1.0955337285995483 0.04057324305176735 0.2789597511291504
0.48009204864501953 1.0838900804519653 -0.003597924020141363 0.23288191854953766
0.5853165984153748 1.2873995304107666 0.4391225278377533 0.001355502987280488
0.4774366319179535 1.290656328201294 0.3031727075576782 0.006242770701646805
0.5859255194664001 1.3203060626983643 0.4742431342601776 0.003952335100620985
0.4752518832683563 1.3290568590164185 0.328018456697464 0.007002803962677717
0.5777867436408997 1.3756074905395508 0.33223527669906616 0.002341293962672353
0.4947036802768707 1.3711374998092651 0.14934422075748444 0.005869544111192226
