0.5430254340171814 0.418696790933609 -0.28688547015190125 0.9999704360961914
0.5461664199829102 0.39294952154159546 -0.2613300681114197 0.9999125003814697
0.5491164922714233 0.3926234841346741 -0.2612822353839874 0.9999219179153442
0.5517963171005249 0.3921164274215698 -0.26129668951034546 0.999852180480957
0.5327197313308716 0.3916550874710083 -0.2777605354785919 0.9999485015869141
0.5259440541267395 0.3905157148838043 -0.2778624892234802 0.9999656677246094
0.520132839679718 0.3895731568336487 -0.27804452180862427 0.9999539852142334
0.550981342792511 0.3993642032146454 -0.11252467334270477 0.9999079704284668
0.5070993900299072 0.3987550437450409 -0.18810111284255981 0.9999918937683105
0.5473820567131042 0.44239431619644165 -0.2293122559785843 0.9999691247940063
0.530694842338562 0.441897988319397 -0.2517750561237335 0.9999887943267822
0.5817797183990479 0.5128588080406189 -0.017264144495129585 0.9999330043792725
0.45257568359375 0.5347354412078857 -0.11043860018253326 0.9999384880065918
0.6437390446662903 0.6163259744644165 -0.09824386239051819 0.9996273517608643
0.4183095693588257 0.7104790210723877 -0.12092702835798264 0.9986029267311096
0.5842390656471252 0.4406871795654297 -0.2679508626461029 0.999254047870636
0.45371001958847046 0.8175350427627563 -0.21690765023231506 0.9971940517425537
0.5755082368850708 0.39004984498023987 -0.3080151379108429 0.9946861267089844
0.4541225731372833 0.8688466548919678 -0.23863911628723145 0.990066647529602
0.5702432990074158 0.387271523475647 -0.272643506526947 0.9932884573936462
0.4721306562423706 0.85787433385849 -0.24728259444236755 0.9905633926391602
0.5683045983314514 0.4060511887073517 -0.258608877658844 0.994911253452301
0.4749799966812134 0.8411474227905273 -0.2186630666255951 0.9920060038566589
0.5729544758796692 0.8256399035453796 0.012686405330896378 0.9995740056037903
0.4858653247356415 0.8383818864822388 -0.011608443222939968 0.9993984699249268
0.5779392719268799 1.0817201137542725 0.0038960527162998915 0.1770215630531311
0.48613932728767395 1.080629587173462 0.04139923304319382 0.11908366531133652
0.5768745541572571 1.2755374908447266 0.38517555594444275 0.00020492248586378992
0.48998939990997314 1.2779719829559326 0.3425031900405884 0.0008452518377453089
0.5779542326927185 1.3095996379852295 0.41912662982940674 0.0007815921562723815
0.48661574721336365 1.3158961534500122 0.3685913681983948 0.002309113973751664
0.5683735013008118 1.3599389791488647 0.295513778924942 0.00023822668299544603
0.5075273513793945 1.3545743227005005 0.2156398445367813 0.0009895608527585864
