0.5386469960212708 0.4096459448337555 -0.336835116147995 0.9999725818634033
0.5436691641807556 0.38794562220573425 -0.31282907724380493 0.9999309778213501
0.5471583604812622 0.38863104581832886 -0.31280192732810974 0.9999434947967529
0.5502412915229797 0.3894093632698059 -0.312869668006897 0.999916672706604
0.5298863649368286 0.3865504860877991 -0.3231288492679596 0.9999463558197021
0.5230923891067505 0.38613736629486084 -0.32320117950439453 0.9999552965164185
0.5170543789863586 0.3860003352165222 -0.3233373761177063 0.999943733215332
0.5516038537025452 0.4016540050506592 -0.16516683995723724 0.9999263286590576
0.5027941465377808 0.39880892634391785 -0.21324221789836884 0.9999872446060181
0.5434471368789673 0.4372149407863617 -0.27965056896209717 0.9999858140945435
0.5263873934745789 0.4336663782596588 -0.2942273020744324 0.9999943971633911
0.5808230042457581 0.5260049104690552 -0.07907148450613022 0.9999741315841675
0.45189034938812256 0.5354973077774048 -0.09700703620910645 0.9999549388885498
0.6337272524833679 0.6707708239555359 -0.21963582932949066 0.9995150566101074
0.41885051131248474 0.7116801738739014 -0.05200277641415596 0.9950344562530518
0.5885425209999084 0.5181361436843872 -0.4915373623371124 0.9990560412406921
0.45316842198371887 0.8177706003189087 -0.14286084473133087 0.9803745150566101
0.5834147334098816 0.48049768805503845 -0.5492221117019653 0.9937328696250916
0.45294085144996643 0.8682324290275574 -0.1645505130290985 0.9401776194572449
0.5759568810462952 0.46729740500450134 -0.5200488567352295 0.9925238490104675
0.470537394285202 0.8577966690063477 -0.1744174212217331 0.9442479610443115
0.5736148953437805 0.4788111448287964 -0.4862431287765503 0.9921173453330994
0.4736955761909485 0.841884195804596 -0.14559251070022583 0.949791431427002
0.5720439553260803 0.8302313685417175 0.002921296050772071 0.9987075328826904
0.48450908064842224 0.8414411544799805 -0.0017894624033942819 0.9985538125038147
0.5795444250106812 1.0857915878295898 -0.015620959922671318 0.11426668614149094
0.486971914768219 1.076088786125183 -0.06389663368463516 0.08670657873153687
0.5803455114364624 1.2848827838897705 0.32155606150627136 0.00022090734273660928
0.4909316301345825 1.2856049537658691 0.19544731080532074 0.0010416782461106777
0.5813465118408203 1.3199712038040161 0.34982311725616455 0.0008635518606752157
0.4876728057861328 1.3248664140701294 0.2157358080148697 0.001808587578125298
0.5700768828392029 1.3716622591018677 0.2078983336687088 0.0003055836714338511
0.5082188248634338 1.363755702972412 0.042570147663354874 0.0014185557374730706
