0.5528329014778137 0.34360459446907043 -0.4180145263671875 0.9999806880950928
0.5604323148727417 0.3218257427215576 -0.38957998156547546 0.999835729598999
0.5651991367340088 0.32212334871292114 -0.38957589864730835 0.9999152421951294
0.5698235630989075 0.32265937328338623 -0.38960978388786316 0.9996830224990845
0.5418098568916321 0.3239765167236328 -0.39849230647087097 0.999884843826294
0.5355759263038635 0.3262704014778137 -0.3986857831478119 0.9999465942382812
0.5304407477378845 0.3284744620323181 -0.39889171719551086 0.9998596906661987
0.5767553448677063 0.33651402592658997 -0.22922617197036743 0.9997778534889221
0.524712324142456 0.34652137756347656 -0.27074432373046875 0.9999874830245972
0.5642924904823303 0.37277525663375854 -0.3567287027835846 0.9999419450759888
0.5429766774177551 0.37435784935951233 -0.36917129158973694 0.9999805688858032
0.6106477975845337 0.47707441449165344 -0.11426301300525665 0.9997499585151672
0.48427680134773254 0.4915197789669037 -0.19840237498283386 0.9997280240058899
0.664409875869751 0.5882145762443542 -0.2845367193222046 0.9991886019706726
0.47700193524360657 0.6936497688293457 -0.253985196352005 0.9951605200767517
0.6197447180747986 0.39934098720550537 -0.5359098315238953 0.9988395571708679
0.5282931923866272 0.8527933359146118 -0.37984248995780945 0.994264543056488
0.6073175072669983 0.3492427170276642 -0.5883335471153259 0.9943000078201294
0.5363325476646423 0.9055481553077698 -0.40732908248901367 0.9777424931526184
0.6038877964019775 0.3394487202167511 -0.5466809868812561 0.9942051768302917
0.5516958832740784 0.8938745260238647 -0.4122494161128998 0.9798271656036377
0.6029808521270752 0.35966143012046814 -0.5241401791572571 0.9940584897994995
0.5514862537384033 0.8773493766784668 -0.3795314431190491 0.9816563725471497
0.6047585606575012 0.7717779874801636 0.013472557067871094 0.9996509552001953
0.5173873901367188 0.7902523279190063 -0.01298534031957388 0.9996644258499146
0.6187218427658081 1.0384567975997925 -0.05831903591752052 0.4780098795890808
0.504654049873352 1.028696060180664 -0.17161640524864197 0.5531044602394104
0.615056037902832 1.2062139511108398 0.36465147137641907 0.0012641906505450606
0.5217844247817993 1.201293706893921 0.2626093327999115 0.0034337001852691174
0.615866482257843 1.234871506690979 0.40261396765708923 0.008711449801921844
0.5241938829421997 1.2299748659133911 0.302814781665802 0.009423956274986267
0.608413577079773 1.297090768814087 0.2923409640789032 0.0011018184013664722
0.5322484970092773 1.2862532138824463 0.17998062074184418 0.003667238401249051
