0.5624280571937561 0.34834739565849304 -0.3769797086715698 0.9999909400939941
0.571029007434845 0.3301387429237366 -0.34664398431777954 0.9999532699584961
0.5755427479743958 0.33207279443740845 -0.34665748476982117 0.999970555305481
0.5804501175880432 0.33423376083374023 -0.3467206358909607 0.999929666519165
0.5533117651939392 0.3289210796356201 -0.3536161184310913 0.9999589920043945
0.5467095971107483 0.32999885082244873 -0.3537282943725586 0.9999760389328003
0.5408469438552856 0.3316435217857361 -0.3538946509361267 0.9999544620513916
0.588550329208374 0.35254740715026855 -0.18128472566604614 0.9999428987503052
0.5326835513114929 0.35035932064056396 -0.21457287669181824 0.9999943971633911
0.572921097278595 0.37961772084236145 -0.31447914242744446 0.9999899864196777
0.5500242114067078 0.37643060088157654 -0.3245657980442047 0.9999959468841553
0.6233174204826355 0.482803612947464 -0.08225128054618835 0.9999525547027588
0.4888925552368164 0.4977726638317108 -0.13564616441726685 0.9999027252197266
0.6730663776397705 0.649333119392395 -0.29025745391845703 0.9996325969696045
0.4847389757633209 0.707984447479248 -0.17099162936210632 0.995868980884552
0.6259406208992004 0.4686778485774994 -0.6023584008216858 0.9994223117828369
0.5517825484275818 0.8848801851272583 -0.28862518072128296 0.9940637946128845
0.6106263995170593 0.42646172642707825 -0.6654865145683289 0.99626225233078
0.5556644797325134 0.9381406903266907 -0.317013144493103 0.976915717124939
0.6056214570999146 0.4140045940876007 -0.6199834942817688 0.9963114857673645
0.5725268721580505 0.93023681640625 -0.3216714560985565 0.9792652130126953
0.6073728799819946 0.42713433504104614 -0.5906791687011719 0.9954625964164734
0.5740554332733154 0.9119292497634888 -0.2881990373134613 0.9774395227432251
0.6103192567825317 0.798273503780365 0.0009831158677116036 0.9995115995407104
0.5204479694366455 0.809599757194519 -0.0003114260034635663 0.9995102882385254
0.620966911315918 1.0627597570419312 -0.21603946387767792 0.5487159490585327
0.5072671175003052 1.0287361145019531 -0.314411997795105 0.7337101101875305
0.6147399544715881 1.2446796894073486 0.1557113081216812 0.0030701742507517338
0.5404084920883179 1.2378785610198975 0.0346296951174736 0.014238238334655762
0.6159471273422241 1.275512933731079 0.18744345009326935 0.012369813397526741
0.544140636920929 1.272284984588623 0.06516469269990921 0.02054017037153244
0.6036288142204285 1.3368754386901855 0.04849636182188988 0.003457651473581791
0.5530105829238892 1.3248109817504883 -0.08388383686542511 0.014393337070941925
