0.5627924799919128 0.37824761867523193 -0.3350812494754791 0.9999990463256836
0.5710124969482422 0.35737258195877075 -0.30588993430137634 0.9999977350234985
0.576330304145813 0.3577335476875305 -0.3059323728084564 0.9999985694885254
0.58077073097229 0.3586171865463257 -0.305874764919281 0.9999966621398926
0.5547967553138733 0.3579596281051636 -0.3085004985332489 0.9999967813491821
0.5475497841835022 0.3591151833534241 -0.3085992932319641 0.9999979734420776
0.5416050553321838 0.3602201044559479 -0.3087192475795746 0.9999955892562866
0.5891936421394348 0.3763129711151123 -0.15214328467845917 0.9999980926513672
0.5339756608009338 0.3760250508785248 -0.16675645112991333 0.9999974966049194
0.5707994103431702 0.40943366289138794 -0.2809089720249176 0.9999990463256836
0.5503947734832764 0.40753841400146484 -0.28553342819213867 0.9999986886978149
0.6251400113105774 0.5442765355110168 -0.06447505950927734 0.9999767541885376
0.4964234530925751 0.5350245237350464 -0.08146819472312927 0.9999260902404785
0.6529819965362549 0.7209433317184448 -0.11106650531291962 0.998548686504364
0.4675701856613159 0.7242451310157776 -0.21748046576976776 0.9978947043418884
0.6741281747817993 0.7327520847320557 -0.3749942183494568 0.9993826150894165
0.46527183055877686 0.6939715147018433 -0.58186936378479 0.9997203946113586
0.6924299001693726 0.7469152212142944 -0.4246067702770233 0.9980015158653259
0.44744396209716797 0.6800614595413208 -0.6413733959197998 0.9991669654846191
0.6905912160873413 0.7312511801719666 -0.439042866230011 0.9982672929763794
0.4485044777393341 0.6517474055290222 -0.6516416668891907 0.9992963075637817
0.6833024621009827 0.7243908047676086 -0.3856770694255829 0.9986364245414734
0.4590091109275818 0.6540855169296265 -0.5928617715835571 0.9993425011634827
0.6088840961456299 0.8457050323486328 0.007616532035171986 0.9998213648796082
0.5192661285400391 0.8568024039268494 -0.006488035432994366 0.9996528625488281
0.611484706401825 1.0850552320480347 -0.11319775879383087 0.5062253475189209
0.5153968334197998 1.096904993057251 0.018601754680275917 0.380426824092865
0.6178557872772217 1.2776294946670532 0.24748574197292328 0.00033762180828489363
0.5072022676467896 1.2893023490905762 0.38408079743385315 0.000632385490462184
0.6209821701049805 1.3154126405715942 0.275277316570282 0.0014697220176458359
0.5032148957252502 1.3288410902023315 0.4133438766002655 0.001046866294927895
0.6086158156394958 1.3595397472381592 0.12348414212465286 0.0002118150587193668
0.5223676562309265 1.3579808473587036 0.24161387979984283 0.0005785977700725198
