0.5655691027641296 0.39289218187332153 -0.2770707905292511 0.999994158744812
0.57464599609375 0.36899012327194214 -0.2533673346042633 0.9999750852584839
0.5796463489532471 0.3690088093280792 -0.25337809324264526 0.9999864101409912
0.5839968323707581 0.36952245235443115 -0.2533535659313202 0.9999634027481079
0.5573340058326721 0.36895951628685 -0.2557435929775238 0.9999750852584839
0.5498894453048706 0.3691543936729431 -0.2559090256690979 0.9999868869781494
0.5435763001441956 0.36919277906417847 -0.2560645341873169 0.9999725818634033
0.5909169316291809 0.3813113868236542 -0.1208314523100853 0.9999812841415405
0.5351389646530151 0.3797151446342468 -0.13469518721103668 0.9999961853027344
0.5723833441734314 0.4187207818031311 -0.22762534022331238 0.9999947547912598
0.5529229640960693 0.41741669178009033 -0.23228345811367035 0.9999974966049194
0.6201168298721313 0.5255085229873657 -0.04735324904322624 0.9999730587005615
0.4966014623641968 0.524852991104126 -0.04486558213829994 0.9999681711196899
0.6554254293441772 0.742946445941925 -0.188677117228508 0.9997937083244324
0.473556250333786 0.711233377456665 -0.06706967204809189 0.9985139966011047
0.6182336807250977 0.6018498539924622 -0.4533133804798126 0.9998332262039185
0.5120431184768677 0.8379985690116882 -0.22400876879692078 0.9978400468826294
0.6026581525802612 0.5557432174682617 -0.5076896548271179 0.9992223978042603
0.5156958699226379 0.8865304589271545 -0.24988622963428497 0.9929289221763611
0.6048994660377502 0.5251706838607788 -0.47519007325172424 0.9991722106933594
0.5353720188140869 0.8807139992713928 -0.25521737337112427 0.993362545967102
0.6065653562545776 0.538428544998169 -0.44501641392707825 0.9992011189460754
0.5356384515762329 0.8627527952194214 -0.22557614743709564 0.9947981834411621
0.6112208962440491 0.8261693716049194 0.0003379120316822082 0.9999247789382935
0.5254510045051575 0.8317499160766602 0.0006838302360847592 0.9999058246612549
0.6167383790016174 1.0579136610031128 -0.13775108754634857 0.4724622070789337
0.5213485956192017 1.0586764812469482 -0.08800045400857925 0.45567575097084045
0.6148027777671814 1.2469199895858765 0.20442655682563782 0.0001411310222465545
0.5296205878257751 1.2501641511917114 0.22742176055908203 0.0005287103704176843
0.617998480796814 1.2799837589263916 0.2343451827764511 0.0011455635540187359
0.5275427103042603 1.2883524894714355 0.25413528084754944 0.0013368770014494658
0.6005139946937561 1.3373918533325195 0.1103338822722435 9.628872066969052e-05
0.5439123511314392 1.3231850862503052 0.10853000730276108 0.0004439419135451317
