0.5624200701713562 0.37225770950317383 -0.26760345697402954 0.9999974966049194
0.5710753798484802 0.35388320684432983 -0.2388511449098587 0.9999943971633911
0.5765161514282227 0.3547486662864685 -0.23893018066883087 0.9999970197677612
0.5813252329826355 0.3560124635696411 -0.2388940155506134 0.9999935626983643
0.5544170141220093 0.35362231731414795 -0.2423197627067566 0.9999916553497314
0.5472872257232666 0.35490429401397705 -0.24237945675849915 0.9999949932098389
0.5415006875991821 0.35638487339019775 -0.24252982437610626 0.9999884366989136
0.5899794101715088 0.37510383129119873 -0.09065607190132141 0.9999964237213135
0.5343531966209412 0.37395811080932617 -0.10942161828279495 0.9999942779541016
0.5716851949691772 0.4043090343475342 -0.2154051512479782 0.9999967813491821
0.5491839051246643 0.4026517868041992 -0.22093400359153748 0.9999953508377075
0.6250078082084656 0.5478333234786987 -0.003914273343980312 0.9999717473983765
0.4981374740600586 0.5354596376419067 -0.03710111603140831 0.9998385906219482
0.6445640325546265 0.731450617313385 0.001860836404375732 0.9976084232330322
0.47973254323005676 0.7234244346618652 -0.15947888791561127 0.9915639162063599
0.6875773072242737 0.7636699676513672 -0.20153291523456573 0.9986628293991089
0.4449802041053772 0.7509032487869263 -0.5138126611709595 0.9956953525543213
0.7124435901641846 0.7974550724029541 -0.24297596514225006 0.9966908693313599
0.42094895243644714 0.7701252102851868 -0.5710268616676331 0.9924305081367493
0.7091622948646545 0.787335216999054 -0.2698860764503479 0.997250497341156
0.4196057915687561 0.7478810548782349 -0.6017168164253235 0.9942605495452881
0.6999017000198364 0.7755851745605469 -0.21702168881893158 0.9979189038276672
0.4282028079032898 0.7414568662643433 -0.5346946120262146 0.9955126643180847
0.6101998090744019 0.8527227640151978 0.017110731452703476 0.9998176693916321
0.5219941139221191 0.8613281846046448 -0.015956666320562363 0.9995632767677307
0.611456036567688 1.1044541597366333 -0.07524911314249039 0.509696900844574
0.5159457325935364 1.121780514717102 0.04631729796528816 0.1864383965730667
0.6140602827072144 1.3062865734100342 0.24790555238723755 0.0012821197742596269
0.5082004070281982 1.323844313621521 0.39416947960853577 0.0007906288374215364
0.6177526712417603 1.3412730693817139 0.2721676528453827 0.005086061079055071
0.5041506290435791 1.3612034320831299 0.4213637113571167 0.001958331558853388
0.6011762022972107 1.3894588947296143 0.12232290208339691 0.0007676445529796183
0.5223732590675354 1.394657850265503 0.25337186455726624 0.0008165361359715462
