0.5615633726119995 0.3826736509799957 -0.4936264157295227 0.9999990463256836
0.5706583261489868 0.35995715856552124 -0.46519213914871216 0.9999974966049194
0.5751884579658508 0.360887348651886 -0.46522435545921326 0.9999984502792358
0.5803762078285217 0.3621106743812561 -0.4651808738708496 0.9999961853027344
0.5536636114120483 0.36063528060913086 -0.46298637986183167 0.9999957084655762
0.5473527908325195 0.3614031672477722 -0.4631209075450897 0.9999972581863403
0.5414632558822632 0.3623364567756653 -0.4632111191749573 0.9999932050704956
0.5886339545249939 0.3798879384994507 -0.2924971282482147 0.9999977350234985
0.5349494814872742 0.377660870552063 -0.2860516905784607 0.9999949932098389
0.570826530456543 0.4122464060783386 -0.43235138058662415 0.9999990463256836
0.5488759279251099 0.41040441393852234 -0.4310976266860962 0.9999978542327881
0.6260988712310791 0.5444109439849854 -0.17797133326530457 0.9999805688858032
0.4970312714576721 0.5354173183441162 -0.15538696944713593 0.9998503923416138
0.6481890082359314 0.7409169673919678 -0.2306012660264969 0.999104917049408
0.47839784622192383 0.7291008830070496 -0.3290134370326996 0.9987095594406128
0.6748729348182678 0.7104120254516602 -0.49681326746940613 0.9997054934501648
0.4543284773826599 0.6719208359718323 -0.7712388634681702 0.9998726844787598
0.6938782930374146 0.7174310684204102 -0.5428963303565979 0.9987959861755371
0.43229547142982483 0.6533422470092773 -0.8367866277694702 0.9995343685150146
0.6921983361244202 0.6966608762741089 -0.5546556115150452 0.9989134073257446
0.4321513772010803 0.6290287375450134 -0.8416098952293396 0.9995940327644348
0.6849619746208191 0.6909410357475281 -0.5047265887260437 0.9989818930625916
0.44100815057754517 0.6320421695709229 -0.7817319631576538 0.9995880722999573
0.6110690236091614 0.8494746088981628 -0.003590951906517148 0.9997009038925171
0.5193334817886353 0.8613276481628418 0.004515739623457193 0.9993768334388733
0.6183268427848816 1.086917519569397 -0.24567432701587677 0.5531924366950989
0.5220760703086853 1.101406455039978 -0.00892834272235632 0.4190443456172943
0.627021849155426 1.2982244491577148 0.1323005110025406 0.0002958008262794465
0.5131404995918274 1.3075804710388184 0.3765353858470917 0.00074104277882725
0.6302362680435181 1.337756872177124 0.15932123363018036 0.0007696126704104245
0.508868396282196 1.3466665744781494 0.4056658148765564 0.0009180536144413054
0.6195054650306702 1.3804504871368408 -0.02639474719762802 0.00016613127081654966
0.5270071625709534 1.3820347785949707 0.2020992636680603 0.0006469319923780859
