0.5623395442962646 0.3865722119808197 -0.3655127286911011 0.999998927116394
0.5716723203659058 0.36343109607696533 -0.3391803801059723 0.9999978542327881
0.575943648815155 0.3644483685493469 -0.3392048180103302 0.9999984502792358
0.581221342086792 0.3659585118293762 -0.33910244703292847 0.9999971389770508
0.5541006922721863 0.3631371259689331 -0.3417380154132843 0.9999967813491821
0.5476853847503662 0.3636810779571533 -0.3417973816394806 0.999997615814209
0.5415794849395752 0.3647521734237671 -0.3419091999530792 0.999995231628418
0.5892423987388611 0.3804205656051636 -0.17975573241710663 0.9999977350234985
0.5348702669143677 0.3788059949874878 -0.19555872678756714 0.9999963045120239
0.5718830823898315 0.41673576831817627 -0.3083800971508026 0.999998927116394
0.5497175455093384 0.41483521461486816 -0.3134022355079651 0.9999978542327881
0.6245505809783936 0.539686918258667 -0.08204374462366104 0.9999834299087524
0.4950982332229614 0.5319091081619263 -0.0996059849858284 0.9999426603317261
0.6442682147026062 0.7380393743515015 -0.15831080079078674 0.9984846711158752
0.47862353920936584 0.7182520627975464 -0.2831561267375946 0.9991959929466248
0.6667378544807434 0.7021902203559875 -0.4509296715259552 0.999657154083252
0.46537235379219055 0.6544169187545776 -0.686889111995697 0.9999115467071533
0.6822065711021423 0.7057980298995972 -0.5014711022377014 0.998846173286438
0.4475080072879791 0.6362635493278503 -0.7489328980445862 0.9996678829193115
0.6815382242202759 0.6771261096000671 -0.5095840096473694 0.9989035129547119
0.4475478529930115 0.6074609756469727 -0.749614953994751 0.9996930360794067
0.6750431060791016 0.6728195548057556 -0.4598068594932556 0.9990485310554504
0.45686647295951843 0.6125680208206177 -0.6950106024742126 0.9997041821479797
0.611892580986023 0.8488686084747314 0.006234080530703068 0.999797523021698
0.520208477973938 0.8609048128128052 -0.004976670723408461 0.9995908141136169
0.6196011900901794 1.095249056816101 -0.17436061799526215 0.49139800667762756
0.5186751484870911 1.111264944076538 0.058757804334163666 0.3682413101196289
0.6301090717315674 1.321708083152771 0.11677732318639755 0.00022035176516510546
0.505204975605011 1.3269660472869873 0.39657577872276306 0.00031354051316156983
0.6344562768936157 1.3654779195785522 0.13697001338005066 0.0007375216810032725
0.49841541051864624 1.3662461042404175 0.42257213592529297 0.000603885215241462
0.6199686527252197 1.3956071138381958 -0.035997405648231506 0.00010435264994157478
0.5235493779182434 1.3988873958587646 0.23783619701862335 0.0002500074333511293
