0.5613397359848022 0.38225486874580383 -0.3532470166683197 0.9999779462814331
0.5700739622116089 0.35909968614578247 -0.33046215772628784 0.9999642372131348
0.5745871663093567 0.35970890522003174 -0.3304634392261505 0.9999728202819824
0.5799621343612671 0.3606504797935486 -0.33042213320732117 0.9999517202377319
0.5523356199264526 0.3599829077720642 -0.3341987431049347 0.9999634027481079
0.5460218787193298 0.36079108715057373 -0.3342667818069458 0.999971866607666
0.5402946472167969 0.36197948455810547 -0.33436593413352966 0.9999576807022095
0.5886818766593933 0.3768864870071411 -0.18538691103458405 0.9999712705612183
0.5339342355728149 0.37757012248039246 -0.2015964239835739 0.9999784231185913
0.5714287161827087 0.40905752778053284 -0.2986290752887726 0.9999891519546509
0.549155592918396 0.41101014614105225 -0.3037000596523285 0.9999895095825195
0.6214097142219543 0.527974009513855 -0.08501147478818893 0.9999022483825684
0.4981161057949066 0.5317736864089966 -0.09730003774166107 0.9998278617858887
0.6554445028305054 0.7399581670761108 -0.16918128728866577 0.9991270899772644
0.48129427433013916 0.7759827971458435 -0.2094438374042511 0.9974225759506226
0.6027004718780518 0.6630138754844666 -0.4106335937976837 0.999016284942627
0.5223793983459473 0.6963161826133728 -0.5125434398651123 0.9985262155532837
0.5819053053855896 0.6504889726638794 -0.46099117398262024 0.9943040013313293
0.5342139005661011 0.6768186688423157 -0.5644463300704956 0.9936135411262512
0.5766100287437439 0.625417947769165 -0.43854907155036926 0.9938874840736389
0.5323625206947327 0.6505005359649658 -0.555972695350647 0.9937665462493896
0.5808214545249939 0.6280934810638428 -0.40403351187705994 0.9943976402282715
0.5314875245094299 0.6525300741195679 -0.5128188729286194 0.993778645992279
0.6120588183403015 0.8470466732978821 0.00958201289176941 0.9993231296539307
0.5191493034362793 0.8525422811508179 -0.008302537724375725 0.9990611672401428
0.6122568249702454 1.0980716943740845 -0.04266582056879997 0.2963101267814636
0.5133925080299377 1.100216269493103 0.04388240724802017 0.20770566165447235
0.6197232007980347 1.3062680959701538 0.24286846816539764 0.0002657861914485693
0.510466456413269 1.3165761232376099 0.33158132433891296 0.00048665489885024726
0.6237355470657349 1.347754955291748 0.26323699951171875 0.001309044542722404
0.5073307156562805 1.3611211776733398 0.3532395660877228 0.0008575047249905765
0.6094971895217896 1.3890538215637207 0.1014372929930687 0.00023021044034976512
0.5235044956207275 1.393343210220337 0.17419494688510895 0.0007051192224025726
