0.5659711956977844 0.3743349313735962 -0.25532710552215576 0.9999945163726807
0.5744622945785522 0.3560428023338318 -0.23001310229301453 0.9999915361404419
0.5793077349662781 0.35686880350112915 -0.2299806922674179 0.999993085861206
0.584425151348114 0.3579534888267517 -0.2298947423696518 0.9999901056289673
0.5565776228904724 0.3551177382469177 -0.23593707382678986 0.9999911785125732
0.5494164824485779 0.35606229305267334 -0.23598651587963104 0.9999924898147583
0.5435084104537964 0.3571043610572815 -0.23612050712108612 0.99998939037323
0.5922653675079346 0.3761817216873169 -0.09370561689138412 0.9999921321868896
0.5365360975265503 0.3754141926765442 -0.12255140393972397 0.9999970197677612
0.574999988079071 0.40497246384620667 -0.20624548196792603 0.9999972581863403
0.5525310635566711 0.40349680185317993 -0.2149561196565628 0.9999979734420776
0.6231430172920227 0.5341464877128601 -0.033866122364997864 0.9999792575836182
0.5003961324691772 0.5276522636413574 -0.05725051090121269 0.9999704360961914
0.6551655530929565 0.7391442060470581 -0.17897115647792816 0.9998444318771362
0.4768577218055725 0.7163486480712891 -0.1330578774213791 0.9982871413230896
0.6045908331871033 0.6181906461715698 -0.44059839844703674 0.9998862743377686
0.5049710869789124 0.7642532587051392 -0.3479686379432678 0.9977290034294128
0.5813009738922119 0.5908510088920593 -0.5019256472587585 0.9993715882301331
0.5050628185272217 0.8081608414649963 -0.389352411031723 0.992306649684906
0.5792458057403564 0.5658944845199585 -0.47517091035842896 0.9992902278900146
0.5188530683517456 0.7934754490852356 -0.3980015218257904 0.9928801655769348
0.5828937292098999 0.571334719657898 -0.4356444180011749 0.9994252920150757
0.5209357738494873 0.7781462669372559 -0.35453444719314575 0.9954395890235901
0.6179797649383545 0.852438747882843 0.01295262947678566 0.9999308586120605
0.5288410186767578 0.8604335784912109 -0.011562093161046505 0.9999207258224487
0.6246753334999084 1.110229730606079 0.05056826025247574 0.10381859540939331
0.5354551076889038 1.1172678470611572 0.01382895465940237 0.06555572152137756
0.6271404027938843 1.3290998935699463 0.33066970109939575 2.3191105356090702e-05
0.5354055166244507 1.3260904550552368 0.2802658677101135 4.359009471954778e-05
0.6319645047187805 1.3709156513214111 0.3519507050514221 0.00014754990115761757
0.5305783748626709 1.3688275814056396 0.3014782667160034 0.00012420225539244711
0.6134249567985535 1.4072520732879639 0.2125823050737381 2.370734182477463e-05
0.5509064197540283 1.394263744354248 0.14400620758533478 8.474822243442759e-05
