0.5676115155220032 0.37429624795913696 -0.26103475689888 0.9999599456787109
0.5765373706817627 0.3548375070095062 -0.23589281737804413 0.9998579025268555
0.5811185836791992 0.3554065525531769 -0.23588742315769196 0.9999116659164429
0.5860252380371094 0.3560618460178375 -0.2358507513999939 0.999795138835907
0.5578688979148865 0.35527709126472473 -0.2379717081785202 0.9998792409896851
0.5506991147994995 0.35597601532936096 -0.23812684416770935 0.999930739402771
0.5458477735519409 0.3568567633628845 -0.23832231760025024 0.999866247177124
0.5934091210365295 0.3739769458770752 -0.11054021865129471 0.9998874664306641
0.5362420678138733 0.3740089535713196 -0.11941270530223846 0.9999744892120361
0.5764744877815247 0.4086807370185852 -0.21572884917259216 0.9999679327011108
0.5542376637458801 0.4052084982395172 -0.21893464028835297 0.9999816417694092
0.6218019723892212 0.5360987186431885 -0.058118514716625214 0.9998501539230347
0.49994993209838867 0.5231373310089111 -0.061348047107458115 0.9998669624328613
0.6564081907272339 0.7400525212287903 -0.22108012437820435 0.9997290968894958
0.4712366461753845 0.6986744403839111 -0.11066912114620209 0.9972178936004639
0.6025470495223999 0.5804484486579895 -0.4658786356449127 0.9995068311691284
0.5030043125152588 0.8080353736877441 -0.2686437666416168 0.9950851798057556
0.5785276889801025 0.5282551050186157 -0.5211792588233948 0.9974358677864075
0.5046465992927551 0.8530710935592651 -0.30180951952934265 0.9825184345245361
0.5785507559776306 0.5039756298065186 -0.4839913547039032 0.9972518086433411
0.5242509841918945 0.8457626700401306 -0.30399033427238464 0.9847537279129028
0.5818571448326111 0.514121413230896 -0.45607975125312805 0.997612714767456
0.525170087814331 0.8285053372383118 -0.2709278166294098 0.989117443561554
0.6088043451309204 0.8311566710472107 0.002190809929743409 0.9998530149459839
0.521790087223053 0.8292140364646912 -0.0011532265925779939 0.9998574256896973
0.6138929724693298 1.0675417184829712 -0.034698400646448135 0.32240965962409973
0.5125975608825684 1.0533312559127808 -0.001986635848879814 0.23291507363319397
0.6120938658714294 1.2470628023147583 0.3410235345363617 9.37266813707538e-05
0.5130884647369385 1.2402445077896118 0.32447925209999084 0.00028242747066542506
0.6155720353126526 1.2816741466522217 0.3741743266582489 0.0005726300878450274
0.5104076862335205 1.2790210247039795 0.352152556180954 0.0006742525147274137
0.5964121222496033 1.328802466392517 0.2483222931623459 6.822076829848811e-05
0.5223767757415771 1.3129069805145264 0.20579420030117035 0.00029642193112522364
