0.5668579936027527 0.39110514521598816 -0.18353776633739471 0.9996881484985352
0.5774369835853577 0.3687782883644104 -0.1557607203722 0.9995285272598267
0.5825414061546326 0.36868810653686523 -0.15565305948257446 0.9995787739753723
0.5867644548416138 0.36946165561676025 -0.15557339787483215 0.9996041655540466
0.5598068237304688 0.36876147985458374 -0.16479776799678802 0.9994338154792786
0.5535702109336853 0.368587851524353 -0.16493062674999237 0.9995143413543701
0.5479349493980408 0.36865097284317017 -0.16501112282276154 0.9994913339614868
0.5934047698974609 0.3823879361152649 -0.017841510474681854 0.9996658563613892
0.540959894657135 0.38032466173171997 -0.05550184100866318 0.9996532201766968
0.5768722295761108 0.4198056161403656 -0.1334710270166397 0.9996194839477539
0.5557981729507446 0.41786473989486694 -0.14491766691207886 0.9994254112243652
0.6242937445640564 0.5321946144104004 0.02292824350297451 0.9995380640029907
0.5019224286079407 0.522382378578186 -0.059924039989709854 0.9993906021118164
0.6584510207176208 0.7034290432929993 -0.17808103561401367 0.9965413212776184
0.48998022079467773 0.6951433420181274 -0.2998009920120239 0.9978466033935547
0.6002997756004333 0.5423418283462524 -0.36778002977371216 0.9984461665153503
0.5543795824050903 0.5299578309059143 -0.4822928309440613 0.9996206760406494
0.5930483341217041 0.48879557847976685 -0.4104718267917633 0.9921984076499939
0.564300000667572 0.4815709888935089 -0.5293040871620178 0.9978771209716797
0.5919399857521057 0.4771782159805298 -0.3677057921886444 0.9902936220169067
0.5598499178886414 0.4699043929576874 -0.49216827750205994 0.997395396232605
0.5913141369819641 0.4981556534767151 -0.357612282037735 0.9937061667442322
0.5580419898033142 0.4866812229156494 -0.4742448031902313 0.9976950287818909
0.6179398894309998 0.8661919832229614 0.024805396795272827 0.9996734857559204
0.5199458003044128 0.8719565868377686 -0.02342251129448414 0.9994932413101196
0.6179518103599548 1.136744737625122 0.04365316405892372 0.20361363887786865
0.5213207006454468 1.1279897689819336 0.07541677355766296 0.19543039798736572
0.6164933443069458 1.362868070602417 0.36560267210006714 0.0001500531507190317
0.5198094844818115 1.3629579544067383 0.3376501798629761 0.00041546503780409694
0.6193962693214417 1.4070615768432617 0.3930506408214569 0.0008531415369361639
0.5158589482307434 1.405104398727417 0.35926273465156555 0.0005915078800171614
0.6041167974472046 1.4453965425491333 0.25308898091316223 0.00011762283247662708
0.5351030230522156 1.4517157077789307 0.1921433061361313 0.0003673579776659608
