0.5675532817840576 0.3932705521583557 -0.2318834513425827 0.9995542168617249
0.576751172542572 0.3719080090522766 -0.20409341156482697 0.9995126724243164
0.5816318988800049 0.37180185317993164 -0.20401985943317413 0.9994165897369385
0.5854390859603882 0.37184810638427734 -0.2039691060781479 0.9995617270469666
0.5595406293869019 0.3713737726211548 -0.21265403926372528 0.999398946762085
0.553753674030304 0.37102413177490234 -0.21273817121982574 0.9992827773094177
0.5481082797050476 0.37079405784606934 -0.21283960342407227 0.9994056224822998
0.5920876860618591 0.38215911388397217 -0.05735946074128151 0.9994290471076965
0.5410959124565125 0.3805500864982605 -0.09183357656002045 0.9994282126426697
0.5774738788604736 0.4188028573989868 -0.17796261608600616 0.9996607303619385
0.5561263561248779 0.4173215925693512 -0.18867427110671997 0.9994564652442932
0.6254839301109314 0.5324798822402954 -0.002263869857415557 0.9992408752441406
0.501800537109375 0.5220487117767334 -0.07934652268886566 0.9990277290344238
0.6584458947181702 0.710869550704956 -0.19417545199394226 0.9896712899208069
0.4899156391620636 0.700636625289917 -0.27841004729270935 0.9958347082138062
0.5991518497467041 0.5542380213737488 -0.3890593945980072 0.9953840374946594
0.5557006597518921 0.5415869951248169 -0.4187401235103607 0.998271107673645
0.5916873216629028 0.5014665722846985 -0.43236300349235535 0.9719365835189819
0.5671229958534241 0.49170729517936707 -0.4591193199157715 0.9889492988586426
0.5914599895477295 0.48629432916641235 -0.39145296812057495 0.9649794697761536
0.5627499222755432 0.4789767861366272 -0.4241146147251129 0.9865908622741699
0.5903198719024658 0.5054291486740112 -0.3793063461780548 0.9751359224319458
0.5612046122550964 0.4952651560306549 -0.4097818434238434 0.9874375462532043
0.6172990202903748 0.8680676817893982 0.020652586594223976 0.9992988109588623
0.5180963277816772 0.8746852278709412 -0.019269654527306557 0.9989626407623291
0.6144350171089172 1.1417262554168701 0.06832269579172134 0.09446242451667786
0.5172930359840393 1.1373426914215088 0.14421217143535614 0.08450046926736832
0.6122157573699951 1.3606491088867188 0.4147149920463562 0.00019441955373622477
0.5152286887168884 1.3675317764282227 0.453876793384552 0.0005744471563957632
0.6139495968818665 1.4053239822387695 0.44448038935661316 0.0009023241582326591
0.5121473670005798 1.4102177619934082 0.4801280200481415 0.0006423471495509148
0.6008436679840088 1.4449368715286255 0.2878009080886841 0.00030403127311728895
0.5296586155891418 1.4582626819610596 0.3035285770893097 0.0009946333011612296
