0.5684455037117004 0.3960631787776947 -0.22054032981395721 0.9993746876716614
0.5781158804893494 0.373868465423584 -0.1931210309267044 0.9994452595710754
0.5827245712280273 0.3738211393356323 -0.19305333495140076 0.9993688464164734
0.5880542993545532 0.37447071075439453 -0.19305868446826935 0.9994828701019287
0.559761643409729 0.37302178144454956 -0.2012852281332016 0.9993501305580139
0.5532816052436829 0.3727267384529114 -0.20134544372558594 0.9992994070053101
0.5471756458282471 0.37289947271347046 -0.20145969092845917 0.9994340538978577
0.5945485234260559 0.3857307434082031 -0.04857015609741211 0.9993962049484253
0.5388842225074768 0.38501083850860596 -0.08205225318670273 0.9995623230934143
0.5776737928390503 0.4275059700012207 -0.16720370948314667 0.9996488094329834
0.5564166903495789 0.4266694188117981 -0.17737190425395966 0.9995579123497009
0.6244502663612366 0.5309032201766968 0.012041418813169003 0.9993246793746948
0.5009259581565857 0.5279676914215088 -0.06681060791015625 0.9992590546607971
0.6665555238723755 0.7210032343864441 -0.17046846449375153 0.9905816316604614
0.4851270318031311 0.7139795422554016 -0.27618199586868286 0.9949017763137817
0.5954660177230835 0.5760796666145325 -0.37113699316978455 0.9916942715644836
0.5576106309890747 0.5583406686782837 -0.4421165883541107 0.9981120824813843
0.5899966955184937 0.5250791907310486 -0.4155799448490143 0.9523362517356873
0.5688062310218811 0.5074851512908936 -0.48439666628837585 0.9876548647880554
0.5885263681411743 0.5079361200332642 -0.3720912039279938 0.946214497089386
0.5632038116455078 0.4914194643497467 -0.44852399826049805 0.9856130480766296
0.5880168080329895 0.5296115875244141 -0.3599257171154022 0.9574396014213562
0.5610873103141785 0.5114444494247437 -0.43204280734062195 0.9856987595558167
0.6190801858901978 0.869186282157898 0.020656784996390343 0.9988002777099609
0.5195907354354858 0.8696430921554565 -0.019350217655301094 0.9982530474662781
0.6105583906173706 1.1297752857208252 0.052019115537405014 0.21114715933799744
0.510634183883667 1.120867133140564 0.08672229945659637 0.14641565084457397
0.6136348247528076 1.3536219596862793 0.34138038754463196 0.00041400501504540443
0.5068938136100769 1.3538312911987305 0.34058600664138794 0.000689395354129374
0.6163137555122375 1.3995938301086426 0.36501720547676086 0.0014240436721593142
0.5035736560821533 1.3986729383468628 0.36075064539909363 0.0005681457696482539
0.6028307676315308 1.4323620796203613 0.20874325931072235 0.0004461860517039895
0.5207374691963196 1.4354102611541748 0.1824086308479309 0.000819557171780616
