0.568385899066925 0.37697744369506836 -0.32611751556396484 0.9999980926513672
0.5784783959388733 0.35845261812210083 -0.3006460964679718 0.9999959468841553
0.583961546421051 0.35896432399749756 -0.3007235825061798 0.9999949932098389
0.5885865688323975 0.3597300946712494 -0.3008357286453247 0.9999946355819702
0.5595895648002625 0.36016058921813965 -0.29886898398399353 0.9999953508377075
0.5529059171676636 0.36162519454956055 -0.29892879724502563 0.9999948740005493
0.5479994416236877 0.36285367608070374 -0.2990254759788513 0.9999948740005493
0.5975814461708069 0.37529680132865906 -0.17248296737670898 0.9999966621398926
0.5401981472969055 0.3798467218875885 -0.1630970686674118 0.9999948740005493
0.5786113142967224 0.40843871235847473 -0.28033357858657837 0.9999995231628418
0.5563181042671204 0.4096916913986206 -0.27772057056427 0.9999996423721313
0.6278925538063049 0.5471690893173218 -0.11560885608196259 0.9999817609786987
0.5009324550628662 0.5330277681350708 -0.09506482630968094 0.9998539686203003
0.6664204001426697 0.7139076590538025 -0.14212577044963837 0.9983701109886169
0.46774768829345703 0.7073977589607239 -0.15439017117023468 0.9949663281440735
0.6479187607765198 0.7970603704452515 -0.3134068548679352 0.9946887493133545
0.5006958246231079 0.794889509677887 -0.35451629757881165 0.9881860017776489
0.6494171619415283 0.8437621593475342 -0.36627018451690674 0.9805595874786377
0.5034732818603516 0.8391245603561401 -0.40114471316337585 0.9716909527778625
0.6321420669555664 0.8296467661857605 -0.3778611123561859 0.9817203283309937
0.5215141177177429 0.8284298181533813 -0.4130857288837433 0.9732884764671326
0.627926766872406 0.8127559423446655 -0.3196856677532196 0.9809926152229309
0.5229822397232056 0.8141602873802185 -0.3615368902683258 0.9695107936859131
0.6048035025596619 0.8176835179328918 -0.0025629750452935696 0.9993126392364502
0.5216900706291199 0.8226057291030884 0.0029501020908355713 0.9989845156669617
0.6466817855834961 1.0089820623397827 -0.320422500371933 0.7244197130203247
0.5083220601081848 1.0065367221832275 -0.24877400696277618 0.7130922079086304
0.6220842599868774 1.1856619119644165 -0.014305073767900467 0.067376509308815
0.5235312581062317 1.182894229888916 0.012079323641955853 0.14170049130916595
0.6129257678985596 1.211626410484314 0.009720933623611927 0.16849246621131897
0.5268633961677551 1.2123873233795166 0.03325250744819641 0.11816209554672241
0.6255618929862976 1.2731868028640747 -0.12391861528158188 0.060597676783800125
0.5207019448280334 1.2555891275405884 -0.10192175209522247 0.10105805844068527
