0.5389391779899597 0.3681603670120239 -0.2638263404369354 0.9998767375946045
0.5460445880889893 0.34477126598358154 -0.22982162237167358 0.9999039173126221
0.5510256886482239 0.34547704458236694 -0.2299828678369522 0.9999144077301025
0.5545610189437866 0.34610921144485474 -0.23033899068832397 0.9999246597290039
0.528930127620697 0.34450793266296387 -0.23409850895404816 0.9998692274093628
0.5224213004112244 0.34535521268844604 -0.23405544459819794 0.9998409748077393
0.5160472393035889 0.3464559316635132 -0.2341422438621521 0.9998468160629272
0.560364305973053 0.3594265580177307 -0.05388190224766731 0.9999593496322632
0.5075482726097107 0.36193740367889404 -0.07248812168836594 0.9999464750289917
0.5489504337310791 0.3970267176628113 -0.19815696775913239 0.9999725818634033
0.5273507833480835 0.3981945514678955 -0.20388145744800568 0.9999709129333496
0.6094198226928711 0.5153481960296631 0.02592001110315323 0.9999473094940186
0.4599668085575104 0.5082690715789795 0.03354353457689285 0.9998503923416138
0.6443601846694946 0.6910874843597412 -0.13646450638771057 0.9680233597755432
0.42965927720069885 0.7013645172119141 0.06794757395982742 0.8453132510185242
0.6307361125946045 0.6075787544250488 -0.4589698016643524 0.8611640930175781
0.4244104325771332 0.8527511954307556 -0.021081894636154175 0.41667434573173523
0.6240605711936951 0.5826178789138794 -0.527396023273468 0.7422959208488464
0.41705062985420227 0.8983349800109863 -0.04322471469640732 0.3169308602809906
0.6208711266517639 0.5597381591796875 -0.5033642649650574 0.7388293743133545
0.42546728253364563 0.8996712565422058 -0.07591398060321808 0.32875609397888184
0.6185474395751953 0.5646333694458008 -0.4576725363731384 0.6608569622039795
0.4297094941139221 0.8825681209564209 -0.036011479794979095 0.3299098312854767
0.5903880596160889 0.8090565800666809 0.004972533788532019 0.9951750040054321
0.4892962872982025 0.8167080879211426 -0.00435948371887207 0.9930346012115479
0.6836318969726562 0.9682782292366028 -0.3601343035697937 0.8881356120109558
0.4252956509590149 0.9898454546928406 -0.3221006989479065 0.8472253084182739
0.6273295879364014 1.1486773490905762 0.06510733813047409 0.20930197834968567
0.48979857563972473 1.2034461498260498 0.04699845612049103 0.18535058200359344
0.6115720272064209 1.1644065380096436 0.10666240751743317 0.25707221031188965
0.5006062984466553 1.2251583337783813 0.08118443936109543 0.19904938340187073
0.6310037970542908 1.24506676197052 -0.019594209268689156 0.09807632863521576
0.4867340922355652 1.295008659362793 -0.0667644739151001 0.07058676332235336
