0.5481748580932617 0.3228892683982849 -0.19439730048179626 0.9999423027038574
0.5581790804862976 0.30587857961654663 -0.1585896760225296 0.9999574422836304
0.5636621117591858 0.30748504400253296 -0.15877996385097504 0.9999628067016602
0.5691810250282288 0.30914998054504395 -0.1590273678302765 0.9999635219573975
0.5403433442115784 0.3029453158378601 -0.16006654500961304 0.9999377727508545
0.5343374013900757 0.30314046144485474 -0.16005511581897736 0.9999383687973022
0.5293715596199036 0.3040844798088074 -0.1601528525352478 0.9999357461929321
0.5763644576072693 0.3230147361755371 0.006720422767102718 0.9999639987945557
0.522029459476471 0.3218536376953125 -0.0009719818481244147 0.999935507774353
0.5587211847305298 0.3575843870639801 -0.13546673953533173 0.9999842643737793
0.537222683429718 0.35258254408836365 -0.1378253996372223 0.9999805688858032
0.6112254858016968 0.4761682450771332 0.04821053519845009 0.9999034404754639
0.4804787337779999 0.47987958788871765 0.062403298914432526 0.9995113611221313
0.6366038918495178 0.6617760062217712 -0.08760196715593338 0.949765145778656
0.45599380135536194 0.6577348113059998 0.00974965188652277 0.814487099647522
0.6232091188430786 0.660890519618988 -0.414634644985199 0.9173805713653564
0.4479096829891205 0.7293717265129089 -0.22960545122623444 0.70683753490448
0.6160665154457092 0.6554332375526428 -0.48322200775146484 0.8937737345695496
0.4403877854347229 0.7546811103820801 -0.2793162763118744 0.695566713809967
0.6161142587661743 0.6353859901428223 -0.48816534876823425 0.9049770832061768
0.44347983598709106 0.7455058097839355 -0.30391445755958557 0.7163935899734497
0.6159452199935913 0.6366114020347595 -0.4236992597579956 0.8692335486412048
0.44904449582099915 0.7389122247695923 -0.24480301141738892 0.6895062327384949
0.594111979007721 0.7988553047180176 0.008765610866248608 0.9981982111930847
0.4992690682411194 0.8031638264656067 -0.008293172344565392 0.9964879751205444
0.6287181973457336 0.976923942565918 -0.40811479091644287 0.8388347029685974
0.4923626780509949 0.9494014978408813 -0.45839008688926697 0.7473774552345276
0.6143478155136108 1.0822144746780396 0.04237239807844162 0.09167373925447464
0.5010881423950195 1.0753474235534668 -0.03921574354171753 0.06244057044386864
0.6106666326522827 1.0827456712722778 0.08718652278184891 0.1305132359266281
0.5022596716880798 1.0872337818145752 0.003100172383710742 0.07609706372022629
0.6037914752960205 1.1531535387039185 -0.009065462276339531 0.05064234137535095
0.5118212699890137 1.1380306482315063 -0.12196347117424011 0.03557707369327545
