0.5541565418243408 0.32292819023132324 -0.3344370424747467 0.999426007270813
0.5623670220375061 0.30437612533569336 -0.30584269762039185 0.9995397329330444
0.5676254630088806 0.3055245280265808 -0.3059481382369995 0.9995672106742859
0.572482705116272 0.3071395754814148 -0.30616459250450134 0.9995113611221313
0.5451464056968689 0.3024870753288269 -0.31109029054641724 0.9994981288909912
0.5381606221199036 0.30263322591781616 -0.3110969364643097 0.9994776844978333
0.5324358940124512 0.3031576871871948 -0.3112331032752991 0.9994446635246277
0.5771934986114502 0.32186466455459595 -0.1515648514032364 0.999663233757019
0.5226632356643677 0.32136428356170654 -0.17613710463047028 0.999636173248291
0.5622749924659729 0.35468965768814087 -0.2759352922439575 0.9998689889907837
0.5421915054321289 0.35056212544441223 -0.2833194136619568 0.9998903274536133
0.6069604158401489 0.47300660610198975 -0.09387044608592987 0.999607503414154
0.4794439673423767 0.4686415493488312 -0.11792843788862228 0.9993392825126648
0.6400195360183716 0.6648268699645996 -0.27596673369407654 0.9875630140304565
0.45256680250167847 0.6620820760726929 -0.327579140663147 0.9773818254470825
0.5732888579368591 0.560361385345459 -0.5521818995475769 0.9863203167915344
0.5116608738899231 0.5674653053283691 -0.5973442196846008 0.9894184470176697
0.5545876026153564 0.5364554524421692 -0.6073524951934814 0.9668385982513428
0.5282929539680481 0.5471625328063965 -0.6513500213623047 0.9705615639686584
0.553709864616394 0.5076732635498047 -0.5740377306938171 0.9662554860115051
0.5272521376609802 0.51108717918396 -0.623731791973114 0.9666524529457092
0.558776319026947 0.5142414569854736 -0.5426980257034302 0.9531602263450623
0.525168776512146 0.5169520378112793 -0.5899985432624817 0.9535893201828003
0.5901307463645935 0.7884327173233032 0.015696942806243896 0.9916073083877563
0.4949941039085388 0.7826817631721497 -0.015316448174417019 0.9922736287117004
0.6324794888496399 0.9686448574066162 -0.3147014081478119 0.8569294810295105
0.48231199383735657 0.9872434139251709 -0.39314308762550354 0.8211226463317871
0.6106441020965576 1.1345007419586182 0.10641396045684814 0.043004948645830154
0.4920099079608917 1.1805554628372192 -0.02156451717019081 0.06594827771186829
0.6035817265510559 1.1430442333221436 0.14789849519729614 0.06503522396087646
0.49608489871025085 1.2024412155151367 0.015086909756064415 0.0478362999856472
0.606723427772522 1.224670171737671 0.06780494749546051 0.022479942068457603
0.49578362703323364 1.2682195901870728 -0.10202469676733017 0.028837984427809715
