0.5519422888755798 0.32344990968704224 -0.2438187301158905 0.998967170715332
0.5602553486824036 0.30420172214508057 -0.21606431901454926 0.9994475245475769
0.5645809173583984 0.3051965832710266 -0.21615757048130035 0.9994339346885681
0.5696799159049988 0.3066626191139221 -0.2163950502872467 0.9994741082191467
0.5426878333091736 0.3031817078590393 -0.21838626265525818 0.9992254972457886
0.5365070104598999 0.3037300109863281 -0.21837085485458374 0.9991036057472229
0.5313159227371216 0.30444425344467163 -0.21847295761108398 0.999207079410553
0.5760012865066528 0.32040756940841675 -0.06902430206537247 0.9995689988136292
0.5233977437019348 0.3216169476509094 -0.0800810307264328 0.999243974685669
0.5620695948600769 0.35420653223991394 -0.18806859850883484 0.999717652797699
0.540699303150177 0.35267123579978943 -0.19145998358726501 0.9996705055236816
0.6080767512321472 0.4719080924987793 -0.01523958146572113 0.9997144341468811
0.48131877183914185 0.4710112512111664 -0.025270303711295128 0.9990039467811584
0.6376526355743408 0.6677258610725403 -0.17291411757469177 0.9774084687232971
0.45129355788230896 0.658795952796936 -0.21566326916217804 0.9430365562438965
0.575469970703125 0.5759979486465454 -0.4343508183956146 0.9764407277107239
0.5062490105628967 0.5831024050712585 -0.4906136691570282 0.9719300866127014
0.5561853647232056 0.5592689514160156 -0.4919719696044922 0.9499215483665466
0.5256512761116028 0.5648914575576782 -0.5431583523750305 0.9377339482307434
0.5561586618423462 0.5284099578857422 -0.4628165364265442 0.9506279230117798
0.5261166095733643 0.52972811460495 -0.523769736289978 0.9315841794013977
0.5614293217658997 0.5323959589004517 -0.4268486201763153 0.9350446462631226
0.523165762424469 0.5325769186019897 -0.48707321286201477 0.915982186794281
0.590317964553833 0.7823924422264099 0.012130271643400192 0.9975010752677917
0.4964810311794281 0.778434693813324 -0.011698778718709946 0.9954593777656555
0.6320288777351379 0.9621230363845825 -0.23962284624576569 0.7095094323158264
0.5005293488502502 0.958554208278656 -0.22685506939888 0.552401602268219
0.6062560677528381 1.1335686445236206 0.1552480012178421 0.02107243426144123
0.4809828996658325 1.1443729400634766 0.17498785257339478 0.012315887026488781
0.5991464257240295 1.145577073097229 0.19456030428409576 0.036355309188365936
0.4815838634967804 1.164454460144043 0.2159584015607834 0.016274048015475273
0.6014873385429382 1.220801830291748 0.10719562321901321 0.010612627491354942
0.4835432171821594 1.2173395156860352 0.11856158822774887 0.0069531165063381195
