0.5523350834846497 0.3242992162704468 -0.1882246434688568 0.9990279674530029
0.5610074996948242 0.3068331480026245 -0.15854784846305847 0.9993076324462891
0.5659791231155396 0.30791783332824707 -0.15866415202617645 0.9992659687995911
0.5710250735282898 0.30911606550216675 -0.15888674557209015 0.9993560910224915
0.5424448251724243 0.30471503734588623 -0.16194559633731842 0.999225378036499
0.5361484885215759 0.30485081672668457 -0.16194882988929749 0.9991182684898376
0.5307141542434692 0.3055807948112488 -0.16209855675697327 0.9992895126342773
0.576677680015564 0.32117801904678345 -0.011153792962431908 0.9993537068367004
0.5229294896125793 0.3209018111228943 -0.026826996356248856 0.999367892742157
0.5620497465133667 0.3565578758716583 -0.13267871737480164 0.9996258020401001
0.5410548448562622 0.35467344522476196 -0.13757236301898956 0.9996936321258545
0.6069175601005554 0.4709097445011139 0.03743671998381615 0.9992617964744568
0.48156869411468506 0.4702187180519104 0.016127409413456917 0.9987483024597168
0.6388108730316162 0.6674841642379761 -0.1368255913257599 0.9742887020111084
0.45178255438804626 0.6567578315734863 -0.17586670815944672 0.9362474083900452
0.5763335824012756 0.5761152505874634 -0.40801379084587097 0.9715102314949036
0.5156588554382324 0.5788679122924805 -0.43626120686531067 0.9711787700653076
0.5558622479438782 0.5546004772186279 -0.4596620500087738 0.9361365437507629
0.5350171327590942 0.5550643801689148 -0.4830126166343689 0.9291182160377502
0.5562344193458557 0.5235923528671265 -0.42561307549476624 0.9344269633293152
0.5339757800102234 0.5194680690765381 -0.45953935384750366 0.9184507131576538
0.5610823035240173 0.5308771133422852 -0.398394376039505 0.9119478464126587
0.5304238796234131 0.5279903411865234 -0.4300149083137512 0.8957900404930115
0.5908052921295166 0.7859139442443848 0.01970837451517582 0.9943253397941589
0.4958993196487427 0.780963122844696 -0.01937774382531643 0.9943524599075317
0.6346181631088257 0.973746657371521 -0.2539786100387573 0.7569460868835449
0.4772898852825165 0.9768832921981812 -0.32792606949806213 0.6680916547775269
0.6030772924423218 1.1222440004348755 0.14139781892299652 0.018007740378379822
0.48444312810897827 1.1560195684432983 0.015030105598270893 0.02941388078033924
0.5945682525634766 1.1280089616775513 0.18038485944271088 0.034515656530857086
0.4861646294593811 1.1783781051635742 0.04923170432448387 0.02559061534702778
0.593972384929657 1.2092435359954834 0.10142210125923157 0.009941523894667625
0.4910191297531128 1.2371071577072144 -0.06775517016649246 0.017106326296925545
