0.5531355142593384 0.31991124153137207 -0.31696847081184387 0.9990102052688599
0.5617040991783142 0.30131644010543823 -0.28965359926223755 0.9995452761650085
0.5664893388748169 0.3023795485496521 -0.2897527515888214 0.9995139837265015
0.5718501806259155 0.30397045612335205 -0.2899395823478699 0.9995236396789551
0.5437673926353455 0.3001610040664673 -0.2931661903858185 0.9994198083877563
0.537285566329956 0.3007380962371826 -0.2931331694126129 0.9993264675140381
0.5318490266799927 0.3015873432159424 -0.29326769709587097 0.9993533492088318
0.5778205990791321 0.31861698627471924 -0.13978390395641327 0.9995514750480652
0.5231590270996094 0.3204506039619446 -0.1561030000448227 0.9993113279342651
0.5633431673049927 0.3498765230178833 -0.26060861349105835 0.9997759461402893
0.5413557887077332 0.34805184602737427 -0.26546433568000793 0.999752938747406
0.6098602414131165 0.47617363929748535 -0.08569756895303726 0.9996402263641357
0.4812626838684082 0.4711918234825134 -0.10533914715051651 0.9991195797920227
0.6385191082954407 0.6718549728393555 -0.24379990994930267 0.9708013534545898
0.453636109828949 0.6586342453956604 -0.29664185643196106 0.9207559823989868
0.5788732171058655 0.6040985584259033 -0.5291721820831299 0.9651704430580139
0.5154401659965515 0.6035608649253845 -0.5701174139976501 0.9364240169525146
0.5601523518562317 0.5884577035903931 -0.586837112903595 0.9370602965354919
0.5376731753349304 0.5926790237426758 -0.6237809658050537 0.8925437331199646
0.5596486330032349 0.5563211441040039 -0.5662896633148193 0.9382333159446716
0.5366251468658447 0.5534287095069885 -0.6063598990440369 0.8875436186790466
0.5650317072868347 0.5614898800849915 -0.5249594449996948 0.9180604219436646
0.5316981673240662 0.5572671294212341 -0.5669463276863098 0.8627747297286987
0.589938223361969 0.7825411558151245 0.01296777743846178 0.9970910549163818
0.49659866094589233 0.7775346636772156 -0.012798739597201347 0.9958612322807312
0.6324570178985596 0.9666209816932678 -0.19200676679611206 0.7487536072731018
0.4835335612297058 1.003334403038025 -0.20575042068958282 0.6399505138397217
0.6160482168197632 1.0574970245361328 0.27599647641181946 0.03128775954246521
0.48969313502311707 1.0881116390228271 0.22533631324768066 0.019030775874853134
0.6108797788619995 1.0527489185333252 0.32546356320381165 0.03664048761129379
0.4917517304420471 1.0936977863311768 0.2724301517009735 0.02201756276190281
0.6069690585136414 1.1359212398529053 0.28972071409225464 0.0181936826556921
0.4925718605518341 1.153747320175171 0.2235071063041687 0.012524480931460857
