0.5498769283294678 0.3234129548072815 -0.3864040970802307 0.9981683492660522
0.5598987936973572 0.3045445680618286 -0.35849466919898987 0.9984671473503113
0.5647494196891785 0.3057214617729187 -0.3585866093635559 0.9985169768333435
0.5703014135360718 0.307442843914032 -0.358770489692688 0.9981898665428162
0.5415765643119812 0.30345940589904785 -0.36128947138786316 0.9986271858215332
0.5356172323226929 0.3038746118545532 -0.3613080382347107 0.9986913800239563
0.5300766229629517 0.30489325523376465 -0.36145642399787903 0.9985674619674683
0.5777038931846619 0.3216701149940491 -0.20644135773181915 0.9983674883842468
0.5224195122718811 0.3228189945220947 -0.21977640688419342 0.9989053010940552
0.5607984066009521 0.35419049859046936 -0.3295598030090332 0.9996022582054138
0.5381041765213013 0.35026365518569946 -0.3335777223110199 0.9997346997261047
0.6110826730728149 0.47774744033813477 -0.1434146761894226 0.9989916682243347
0.48155397176742554 0.47323065996170044 -0.16002243757247925 0.9989297986030579
0.641025960445404 0.6718201637268066 -0.2947894036769867 0.9812487363815308
0.4523969888687134 0.6554598212242126 -0.3367551565170288 0.9659600853919983
0.5781443119049072 0.6280212998390198 -0.5741031169891357 0.9700784683227539
0.5157477855682373 0.6320028901100159 -0.6031471490859985 0.9582582712173462
0.559394896030426 0.6116403937339783 -0.6307397484779358 0.943703293800354
0.5316900014877319 0.6282761693000793 -0.6593145728111267 0.9257548451423645
0.5607416033744812 0.5828500986099243 -0.6130587458610535 0.9427369236946106
0.5342122912406921 0.5883148312568665 -0.6398410797119141 0.9195261597633362
0.5653796792030334 0.5853206515312195 -0.5703219175338745 0.9189587831497192
0.5305212736129761 0.5890495777130127 -0.5984718799591064 0.890251100063324
0.5912888646125793 0.7861630320549011 0.01544621866196394 0.9915184378623962
0.49435141682624817 0.7813485264778137 -0.01524887140840292 0.9931355714797974
0.6427107453346252 0.9947329759597778 -0.2531781494617462 0.7459975481033325
0.4755313992500305 0.9690284132957458 -0.32331210374832153 0.6900241374969482
0.6155937314033508 1.0462610721588135 0.21241047978401184 0.02495184727013111
0.49621284008026123 1.0892372131347656 0.09695427864789963 0.030053718015551567
0.6089853048324585 1.0391889810562134 0.26053667068481445 0.0368230827152729
0.5011224150657654 1.0976659059524536 0.140403613448143 0.030383586883544922
0.610011875629425 1.1219176054000854 0.21925777196884155 0.01427208911627531
0.5035732388496399 1.1653716564178467 0.06711133569478989 0.01635541021823883
