0.5518052577972412 0.3222973346710205 -0.3666689097881317 0.9999659061431885
0.5606676340103149 0.303128719329834 -0.33847588300704956 0.9999579191207886
0.5657742023468018 0.3039257526397705 -0.33855435252189636 0.9999666213989258
0.5709301829338074 0.30496519804000854 -0.3386964797973633 0.9999487400054932
0.5425233840942383 0.30192500352859497 -0.34178459644317627 0.9999500513076782
0.5356647968292236 0.30273258686065674 -0.3418678343296051 0.9999628067016602
0.5296597480773926 0.3038668632507324 -0.3420242965221405 0.9999537467956543
0.5779942274093628 0.3211687207221985 -0.18529142439365387 0.9999676942825317
0.5211964249610901 0.32438886165618896 -0.20029856264591217 0.9999806880950928
0.5617052316665649 0.3538680672645569 -0.3099132478237152 0.99998939037323
0.5391924381256104 0.3513631820678711 -0.31418779492378235 0.9999922513961792
0.610243558883667 0.4802735447883606 -0.10128343850374222 0.9998869895935059
0.47960197925567627 0.4735429584980011 -0.1360102742910385 0.9998145699501038
0.6335031390190125 0.6727067232131958 -0.2043919414281845 0.9942149519920349
0.4520697593688965 0.6532856225967407 -0.24239729344844818 0.9879760146141052
0.6080568432807922 0.6958422660827637 -0.4988231360912323 0.989036500453949
0.48662739992141724 0.7226607799530029 -0.4958849251270294 0.9875378608703613
0.5977336764335632 0.700014054775238 -0.566649854183197 0.978415846824646
0.5041086673736572 0.7368181943893433 -0.5550305247306824 0.9756470918655396
0.5974941253662109 0.6713714003562927 -0.566477358341217 0.9807313084602356
0.5052945613861084 0.7061325311660767 -0.5596501231193542 0.9777655005455017
0.59825599193573 0.6655399203300476 -0.5046517252922058 0.9781880378723145
0.501099705696106 0.6996961236000061 -0.5011162161827087 0.9747905731201172
0.5921720862388611 0.7789584398269653 0.01648314855992794 0.9986475110054016
0.4992257356643677 0.7868507504463196 -0.01597362570464611 0.9987565279006958
0.6124909520149231 1.0301141738891602 -0.21301494538784027 0.7400839924812317
0.4980393648147583 1.0312284231185913 -0.28425753116607666 0.7544191479682922
0.5925506353378296 1.192840814590454 0.21923445165157318 0.020859142765402794
0.5028048753738403 1.2148149013519287 0.09254708141088486 0.03733031451702118
0.5890653729438782 1.2117732763290405 0.25719091296195984 0.043794747442007065
0.5031761527061462 1.2432221174240112 0.12733766436576843 0.04217428341507912
0.5798747539520264 1.2918444871902466 0.1411927044391632 0.009957155212759972
0.5066136121749878 1.2960445880889893 -0.01097951177507639 0.021040096879005432
