0.5321062207221985 0.4139229357242584 -0.37997207045555115 0.9999599456787109
0.5401966571807861 0.3912462890148163 -0.3536883294582367 0.9998577833175659
0.5445884466171265 0.39254990220069885 -0.353738009929657 0.9999059438705444
0.5487264394760132 0.39430350065231323 -0.3539079427719116 0.9998311996459961
0.5239500999450684 0.3891894221305847 -0.3620379567146301 0.9997814297676086
0.5180478096008301 0.3890816867351532 -0.36210519075393677 0.9998235106468201
0.5125821232795715 0.3898996412754059 -0.3622336685657501 0.9996606111526489
0.5545551180839539 0.40710732340812683 -0.19584594666957855 0.9999032020568848
0.5040518045425415 0.4031218886375427 -0.23461337387561798 0.9999268054962158
0.5395765900611877 0.43955671787261963 -0.32006314396858215 0.9999918937683105
0.5188723206520081 0.43839454650878906 -0.3315121829509735 0.9999926090240479
0.5897232294082642 0.5516358017921448 -0.09927863627672195 0.9999897480010986
0.4554677903652191 0.5368609428405762 -0.12600469589233398 0.9998586177825928
0.6363518238067627 0.70850670337677 -0.2843323051929474 0.9979467988014221
0.4120248258113861 0.7304632067680359 -0.1334351897239685 0.9903726577758789
0.6462448239326477 0.6023892164230347 -0.6076873540878296 0.9967254400253296
0.3923961818218231 0.9106138944625854 -0.2432813048362732 0.962904691696167
0.6495911478996277 0.5690354108810425 -0.6696555614471436 0.9840138554573059
0.3768429160118103 0.9682677984237671 -0.2562960088253021 0.9075528383255005
0.6412469744682312 0.5428187251091003 -0.6434953212738037 0.9846357107162476
0.3942658305168152 0.9801860451698303 -0.2919471859931946 0.9211836457252502
0.6362916827201843 0.5524294376373291 -0.6038461327552795 0.9792030453681946
0.4005262553691864 0.9625980854034424 -0.2563559412956238 0.9194335341453552
0.5699466466903687 0.8378933668136597 0.0020234393887221813 0.997481644153595
0.4795946776866913 0.8511050343513489 -0.0013011996634304523 0.9930863380432129
0.588006854057312 1.0496556758880615 -0.4483645558357239 0.715495228767395
0.46842166781425476 1.014310598373413 -0.3169306814670563 0.6144770383834839
0.5747764110565186 1.2553529739379883 -0.1406608670949936 0.034255389124155045
0.46956682205200195 1.238349199295044 -0.03403856232762337 0.04924577474594116
0.569153368473053 1.2884596586227417 -0.11637614667415619 0.1329091340303421
0.47039029002189636 1.2796846628189087 -0.012981287203729153 0.07506940513849258
0.5741335153579712 1.346010684967041 -0.2800583839416504 0.030109969899058342
0.46548888087272644 1.3197270631790161 -0.1804097443819046 0.035795677453279495
