0.5346269011497498 0.4181857407093048 -0.45637091994285583 0.9999877214431763
0.5425464510917664 0.3957468867301941 -0.43169930577278137 0.9999361038208008
0.5461614727973938 0.3964177370071411 -0.43167778849601746 0.9999709129333496
0.5501320362091064 0.39766743779182434 -0.431753545999527 0.9999369382858276
0.5273971557617188 0.3941543698310852 -0.4373554289340973 0.9999233484268188
0.5216053128242493 0.39376574754714966 -0.43744099140167236 0.999951958656311
0.5160542130470276 0.3939974308013916 -0.43762826919555664 0.999886155128479
0.553973376750946 0.4092455208301544 -0.2659471929073334 0.9999678134918213
0.5059863924980164 0.4066498279571533 -0.29423633217811584 0.9999804496765137
0.5414326786994934 0.4464500844478607 -0.39215725660324097 0.99998939037323
0.5239678621292114 0.44480186700820923 -0.4010547995567322 0.9999916553497314
0.5894293189048767 0.5518884658813477 -0.16761930286884308 0.9999874830245972
0.4556097090244293 0.5399150848388672 -0.1374598890542984 0.999921441078186
0.6506786942481995 0.692926287651062 -0.34567204117774963 0.9996532201766968
0.41301101446151733 0.7384223937988281 -0.0634869709610939 0.9931812882423401
0.6233505010604858 0.5241955518722534 -0.6470572352409363 0.9986857771873474
0.3964690566062927 0.9224556088447571 -0.138560950756073 0.9674657583236694
0.6192399859428406 0.4747677147388458 -0.701903760433197 0.9913852214813232
0.3800322115421295 0.9723247289657593 -0.14448924362659454 0.8961281180381775
0.6137358546257019 0.4602319598197937 -0.6704663634300232 0.9911642074584961
0.39647072553634644 0.9875611662864685 -0.18026481568813324 0.9120954871177673
0.6118966341018677 0.47597989439964294 -0.6399272680282593 0.9892818927764893
0.40415507555007935 0.9689115285873413 -0.15147005021572113 0.9224845767021179
0.5767412185668945 0.8599300384521484 -0.009326576255261898 0.998195469379425
0.4853834807872772 0.8749329447746277 0.010190227068960667 0.9980903267860413
0.5870997309684753 1.1220731735229492 -0.2749582529067993 0.6341651082038879
0.47410228848457336 1.0963566303253174 -0.24584200978279114 0.6639023423194885
0.5816888213157654 1.330299973487854 0.062012188136577606 0.0033657022286206484
0.4808442294597626 1.3370394706726074 0.04819463938474655 0.015251700766384602
0.5823002457618713 1.3656575679779053 0.08981429040431976 0.01660160720348358
0.48035958409309387 1.3802181482315063 0.07067020982503891 0.03467709943652153
0.5675414800643921 1.4216082096099854 -0.07387319952249527 0.0023818439804017544
0.48554283380508423 1.4173699617385864 -0.10794209688901901 0.008242620155215263
