0.5311230421066284 0.4168127179145813 -0.5367723703384399 0.999995231628418
0.5394948720932007 0.39480382204055786 -0.5092337727546692 0.9999791383743286
0.5438781976699829 0.39581024646759033 -0.5092300176620483 0.9999878406524658
0.5485756993293762 0.39728808403015137 -0.5092916488647461 0.9999790191650391
0.5237540006637573 0.3923807740211487 -0.5150517821311951 0.9999728202819824
0.5178717374801636 0.3922302722930908 -0.5151299238204956 0.9999783039093018
0.5125561356544495 0.39295923709869385 -0.5152950882911682 0.9999573230743408
0.5522406697273254 0.40877723693847656 -0.32888588309288025 0.999988317489624
0.5026360154151917 0.40539276599884033 -0.3542798161506653 0.9999914169311523
0.5387102365493774 0.4454841911792755 -0.46785837411880493 0.9999979734420776
0.5193914771080017 0.4447551369667053 -0.47578689455986023 0.9999978542327881
0.5948709845542908 0.5467065572738647 -0.19665713608264923 0.9999943971633911
0.4539918899536133 0.546653151512146 -0.19864477217197418 0.9999521970748901
0.6563063263893127 0.6785547733306885 -0.3912099301815033 0.9996838569641113
0.41445958614349365 0.7393845915794373 -0.1596607267856598 0.9961626529693604
0.6445211172103882 0.5169147253036499 -0.7381323575973511 0.998640239238739
0.3957187533378601 0.921392560005188 -0.2754567861557007 0.9620123505592346
0.6380006074905396 0.4685079753398895 -0.8045108914375305 0.9888471364974976
0.38004884123802185 0.9797767996788025 -0.2892047166824341 0.8745816946029663
0.6328747272491455 0.45412784814834595 -0.7737862467765808 0.9884002208709717
0.39577677845954895 0.9852568507194519 -0.32935529947280884 0.8940542340278625
0.6315745115280151 0.4723408818244934 -0.7326325178146362 0.9851228594779968
0.40434396266937256 0.9675105214118958 -0.29064518213272095 0.900590717792511
0.576751172542572 0.8600450754165649 -0.00023781944764778018 0.9980033040046692
0.47992172837257385 0.8645777702331543 0.0013774036196991801 0.9964861869812012
0.5830487012863159 1.1051685810089111 -0.4323405623435974 0.7418702840805054
0.4740958511829376 1.0988603830337524 -0.2790655493736267 0.5856071710586548
0.5824761986732483 1.3345791101455688 -0.15561160445213318 0.014014494605362415
0.4696234166622162 1.3400932550430298 -0.03479757159948349 0.023088714107871056
0.5825945734977722 1.3759243488311768 -0.13763540983200073 0.04787735268473625
0.4678942561149597 1.384867548942566 -0.020864363759756088 0.035967495292425156
0.5698175430297852 1.4192216396331787 -0.3463430106639862 0.010647712275385857
0.4734141528606415 1.4197540283203125 -0.2330162674188614 0.015269909054040909
