0.5446730852127075 0.36405283212661743 -0.2993621230125427 0.9999397993087769
0.5544629693031311 0.34171462059020996 -0.2686508595943451 0.9999523162841797
0.5585507154464722 0.34279876947402954 -0.2688223719596863 0.9999619722366333
0.5635221600532532 0.3439953327178955 -0.26912012696266174 0.9999662637710571
0.535198986530304 0.33829134702682495 -0.27286845445632935 0.9999282360076904
0.5280870795249939 0.337544322013855 -0.27276742458343506 0.9999032020568848
0.5217116475105286 0.3376273512840271 -0.2728568911552429 0.9998787641525269
0.5692731738090515 0.35754507780075073 -0.10530150681734085 0.9999781847000122
0.5127628445625305 0.3542710542678833 -0.12387301027774811 0.9999446868896484
0.5526912808418274 0.39738839864730835 -0.23793639242649078 0.9999850988388062
0.5302886366844177 0.39529579877853394 -0.24353845417499542 0.9999805688858032
0.6014053821563721 0.4904469847679138 -0.044936347752809525 0.9999837875366211
0.465032696723938 0.499899297952652 -0.016972485929727554 0.9997251629829407
0.6401081681251526 0.6235253810882568 -0.2295226901769638 0.9965215921401978
0.4318351745605469 0.6939282417297363 0.013405132107436657 0.92770916223526
0.5930301547050476 0.5345730781555176 -0.566647469997406 0.9941752552986145
0.42490875720977783 0.8549638986587524 -0.09720421582460403 0.7062798738479614
0.5747231245040894 0.5102025866508484 -0.6410006284713745 0.9837937951087952
0.4189593195915222 0.9032163619995117 -0.12447914481163025 0.5927432179450989
0.572563886642456 0.49266335368156433 -0.6163858771324158 0.9832811951637268
0.42646685242652893 0.9003089070320129 -0.15690666437149048 0.6078304052352905
0.5755289793014526 0.5010651350021362 -0.5631422400474548 0.9711069464683533
0.4312201738357544 0.8876997232437134 -0.11154471337795258 0.5893222689628601
0.5871385335922241 0.7985726594924927 0.0063394117169082165 0.997123658657074
0.4854271709918976 0.8101122975349426 -0.005804429296404123 0.9908870458602905
0.6759592294692993 0.9536095261573792 -0.32594534754753113 0.9079588055610657
0.4329153597354889 0.9936093688011169 -0.21279802918434143 0.7883339524269104
0.6170712113380432 1.1309312582015991 0.022078895941376686 0.1847064346075058
0.4803667962551117 1.1755919456481934 0.13239575922489166 0.09058909118175507
0.6010957360267639 1.144758939743042 0.05668002367019653 0.2482484132051468
0.48871344327926636 1.1939873695373535 0.16497352719306946 0.1050143763422966
0.6173763275146484 1.2226934432983398 -0.059667035937309265 0.0996183305978775
0.4831145107746124 1.2568084001541138 0.043482400476932526 0.035830073058605194
