0.5392279028892517 0.35945865511894226 -0.5071038007736206 0.9999440908432007
0.5461312532424927 0.34011751413345337 -0.48084351420402527 0.9998598098754883
0.550096333026886 0.34103429317474365 -0.4809074401855469 0.999883770942688
0.5542833805084229 0.34229516983032227 -0.4810958206653595 0.9998167157173157
0.5304892063140869 0.3378322720527649 -0.48633238673210144 0.9998593330383301
0.5240125060081482 0.3373728394508362 -0.4863888919353485 0.9998670816421509
0.518476665019989 0.33773529529571533 -0.48652735352516174 0.9997802376747131
0.5601869225502014 0.3557203710079193 -0.3093406558036804 0.9998676776885986
0.5095015168190002 0.35242223739624023 -0.3372531831264496 0.9999403953552246
0.547577440738678 0.3850918412208557 -0.44091570377349854 0.9999805688858032
0.5270274877548218 0.38324400782585144 -0.4496355354785919 0.9999879598617554
0.5935322642326355 0.486235111951828 -0.2169256955385208 0.9999641180038452
0.4569193720817566 0.5052222013473511 -0.20712867379188538 0.9999114274978638
0.6374633312225342 0.6399630308151245 -0.4384485185146332 0.9979870319366455
0.42862167954444885 0.7075880765914917 -0.16739660501480103 0.982029139995575
0.5787114500999451 0.45465150475502014 -0.7953526377677917 0.9954537153244019
0.41009414196014404 0.8966991305351257 -0.27264222502708435 0.9440335035324097
0.5618067979812622 0.4093679189682007 -0.8681028485298157 0.9808324575424194
0.39715898036956787 0.9535328149795532 -0.29145219922065735 0.8788094520568848
0.5612261295318604 0.39793661236763 -0.8329633474349976 0.9787890911102295
0.409736692905426 0.9573988318443298 -0.3274439871311188 0.8896669149398804
0.5619809627532959 0.41250813007354736 -0.7881113290786743 0.9661055207252502
0.4172244966030121 0.9430265426635742 -0.28545406460762024 0.8701024651527405
0.5833032131195068 0.8080844879150391 0.008315320126712322 0.9997343420982361
0.4901214838027954 0.8202468752861023 -0.00822450127452612 0.9988700747489929
0.6304010152816772 1.0089280605316162 -0.35534098744392395 0.7976825833320618
0.4955267310142517 1.0566432476043701 -0.16733688116073608 0.5690486431121826
0.6009199619293213 1.1513046026229858 0.08778081834316254 0.05411412939429283
0.5023950338363647 1.1743816137313843 0.29160207509994507 0.029248077422380447
0.5934000611305237 1.1657912731170654 0.13114166259765625 0.13951793313026428
0.5045439600944519 1.1890482902526855 0.3342147767543793 0.042212989181280136
0.5975643396377563 1.2438520193099976 0.009330482222139835 0.06243258714675903
0.50723797082901 1.2550052404403687 0.21544337272644043 0.022331969812512398
