0.5550082921981812 0.3337957561016083 -0.16680210828781128 0.9967445135116577
0.5608455538749695 0.3157944679260254 -0.13842064142227173 0.9987611770629883
0.5654553771018982 0.3170570135116577 -0.13848163187503815 0.9980863332748413
0.5699198246002197 0.3185794949531555 -0.13872240483760834 0.9987603425979614
0.5452232360839844 0.3135698437690735 -0.14184997975826263 0.9983999133110046
0.5386103391647339 0.313717782497406 -0.14182983338832855 0.9972280859947205
0.5333177447319031 0.3144763708114624 -0.14189642667770386 0.9981378316879272
0.5741920471191406 0.3322483003139496 0.0010143429972231388 0.9986639022827148
0.5224806666374207 0.3311488628387451 -0.012805696576833725 0.9974203109741211
0.562050461769104 0.3611914813518524 -0.11450596898794174 0.9990463852882385
0.5436874628067017 0.3590337038040161 -0.11876080930233002 0.9989219903945923
0.6078327298164368 0.47320637106895447 0.03203319385647774 0.9995008707046509
0.48299896717071533 0.47579488158226013 0.008412856608629227 0.9973556995391846
0.6392600536346436 0.6613227725028992 -0.12861020863056183 0.9658764600753784
0.44874870777130127 0.6496230363845825 -0.2095503807067871 0.944407045841217
0.5624719262123108 0.5462049245834351 -0.342471182346344 0.9741945266723633
0.5235788822174072 0.5381163358688354 -0.42895641922950745 0.973755419254303
0.5548657178878784 0.49432170391082764 -0.3882281482219696 0.9283403754234314
0.5347535014152527 0.4841247498989105 -0.4710041880607605 0.913750410079956
0.5562930703163147 0.47701364755630493 -0.35204246640205383 0.9233772158622742
0.5336592793464661 0.4698862135410309 -0.4382532835006714 0.8976698517799377
0.5563388466835022 0.4925536513328552 -0.3314860165119171 0.9156026840209961
0.5314786434173584 0.49170345067977905 -0.41894441843032837 0.8839257955551147
0.5901594758033752 0.7801694869995117 0.0160681065171957 0.9995050430297852
0.4974064528942108 0.7796288132667542 -0.01580050028860569 0.998561441898346
0.6344501972198486 0.9783719778060913 -0.14704583585262299 0.7504519820213318
0.4846896827220917 1.01445472240448 -0.05204502120614052 0.5062313079833984
0.6044487357139587 1.0722085237503052 0.27795183658599854 0.006173153407871723
0.48644036054611206 1.1018964052200317 0.3339560329914093 0.003231168258935213
0.5956964492797852 1.0704926252365112 0.3263639807701111 0.015794476494193077
0.48756521940231323 1.1148862838745117 0.3778018057346344 0.0038501531817018986
0.5973082184791565 1.1516432762145996 0.2978183329105377 0.00552594056352973
0.4908798933029175 1.1715238094329834 0.33734264969825745 0.0031920582987368107
