0.554606556892395 0.336568146944046 -0.105021171271801 0.9994930028915405
0.5617672204971313 0.316692978143692 -0.07627373188734055 0.9996647834777832
0.5664446353912354 0.31729936599731445 -0.07634670287370682 0.9996623992919922
0.5711205005645752 0.3180369734764099 -0.0765591710805893 0.9996640682220459
0.545186460018158 0.3145946264266968 -0.07968883961439133 0.9995456337928772
0.5381797552108765 0.3145843744277954 -0.07974132150411606 0.9995336532592773
0.5324559807777405 0.3152374029159546 -0.07980576902627945 0.9995859265327454
0.5754374861717224 0.33020704984664917 0.06167517602443695 0.9997803568840027
0.5220893025398254 0.32969892024993896 0.04607853665947914 0.9996473789215088
0.5612574219703674 0.36339008808135986 -0.053132105618715286 0.9995436072349548
0.5428332686424255 0.35915061831474304 -0.05808829143643379 0.9994481205940247
0.6073319911956787 0.4713993966579437 0.08749004453420639 0.9995225667953491
0.4819942116737366 0.4745217263698578 0.0701126679778099 0.9985461235046387
0.6373926997184753 0.6576326489448547 -0.09209633618593216 0.981866717338562
0.45365092158317566 0.6509156227111816 -0.15178745985031128 0.9743590950965881
0.5622938871383667 0.5543500185012817 -0.3153644800186157 0.9819075465202332
0.5249765515327454 0.5507895946502686 -0.38725587725639343 0.9921002984046936
0.5515594482421875 0.49584531784057617 -0.36347058415412903 0.9541692137718201
0.533216655254364 0.4953465759754181 -0.432978093624115 0.9723853468894958
0.5528069138526917 0.477828711271286 -0.32364049553871155 0.9526928067207336
0.5313655734062195 0.4764053225517273 -0.39793717861175537 0.9681737422943115
0.5537139177322388 0.4924015700817108 -0.30393606424331665 0.9553625583648682
0.5312162637710571 0.4956543445587158 -0.3774578869342804 0.9670392274856567
0.5910850763320923 0.7787256240844727 0.009781613014638424 0.9997847676277161
0.498250275850296 0.773878276348114 -0.009145080111920834 0.9994710087776184
0.6297677755355835 0.9790843725204468 -0.14415521919727325 0.833590030670166
0.4949782192707062 1.0273783206939697 -0.03077140636742115 0.7101292610168457
0.5970330834388733 1.172929286956787 0.2377704679965973 0.0063929567113518715
0.4923340678215027 1.1906719207763672 0.32645708322525024 0.006597423925995827
0.5925178527832031 1.1921679973602295 0.27745336294174194 0.018433857709169388
0.4918968975543976 1.216738224029541 0.3628779351711273 0.006005297880619764
0.5882132053375244 1.264482021331787 0.1947101205587387 0.0041355290450155735
0.5010508298873901 1.2720531225204468 0.2644067108631134 0.0033721334766596556
