0.5529316663742065 0.3295326232910156 -0.3161502182483673 0.9995410442352295
0.5597902536392212 0.30894917249679565 -0.2887967824935913 0.9996298551559448
0.5643872022628784 0.30981582403182983 -0.2888855040073395 0.9996466636657715
0.5693683624267578 0.3109011650085449 -0.2890712320804596 0.9995716214179993
0.5430443286895752 0.3086237907409668 -0.29183006286621094 0.9996057152748108
0.5368106961250305 0.3092619776725769 -0.2918822467327118 0.9996143579483032
0.5312846302986145 0.3102229833602905 -0.29199713468551636 0.9996185302734375
0.5748714208602905 0.32693976163864136 -0.14045070111751556 0.9997192025184631
0.5208271741867065 0.3277580142021179 -0.15501537919044495 0.9997846484184265
0.5616435408592224 0.35653719305992126 -0.2598870098590851 0.9998400211334229
0.5413030385971069 0.356223464012146 -0.2643290162086487 0.9998770952224731
0.6091123223304749 0.46685564517974854 -0.08423494547605515 0.9996256828308105
0.48041918873786926 0.47487279772758484 -0.08665315806865692 0.9994231462478638
0.6402851343154907 0.664813756942749 -0.23741132020950317 0.9888796806335449
0.44483888149261475 0.65411376953125 -0.27647823095321655 0.9837368130683899
0.5648007988929749 0.591302752494812 -0.4961847960948944 0.9798721671104431
0.5197251439094543 0.5902957916259766 -0.5431061387062073 0.9826580882072449
0.550077497959137 0.559141993522644 -0.5504621267318726 0.9559732675552368
0.5355271100997925 0.5657262802124023 -0.595123827457428 0.9523217678070068
0.5497341156005859 0.5304336547851562 -0.519146740436554 0.9555231928825378
0.5343065857887268 0.5356440544128418 -0.5678679943084717 0.9472718834877014
0.5518931746482849 0.5369449853897095 -0.487592875957489 0.9466780424118042
0.5313591361045837 0.5391761064529419 -0.5358473658561707 0.939064085483551
0.5916435718536377 0.7773451805114746 0.004177768714725971 0.9969208240509033
0.49808311462402344 0.776911199092865 -0.0037464459892362356 0.9965278506278992
0.6257763504981995 1.0044018030166626 -0.22847262024879456 0.7751531600952148
0.4856601357460022 1.0080337524414062 -0.2541316747665405 0.7641533017158508
0.6125754117965698 1.1509037017822266 0.19242040812969208 0.015482917428016663
0.4954286217689514 1.1747995615005493 0.12239256501197815 0.018170328810811043
0.6085246801376343 1.166093111038208 0.23365627229213715 0.02682611346244812
0.49842002987861633 1.1960391998291016 0.1602606326341629 0.021053163334727287
0.6096590161323547 1.238952875137329 0.1502510905265808 0.006868866737931967
0.4985958933830261 1.2568652629852295 0.058698296546936035 0.008311143144965172
