0.5529544353485107 0.3298298716545105 -0.33637216687202454 0.9996318817138672
0.5597690343856812 0.309964120388031 -0.30969470739364624 0.9998204112052917
0.5641165971755981 0.3108586072921753 -0.30973732471466064 0.999762237071991
0.5689226984977722 0.31196534633636475 -0.3099091351032257 0.9997554421424866
0.5432892441749573 0.30873924493789673 -0.3134427070617676 0.9998445510864258
0.5372682213783264 0.30917173624038696 -0.31343701481819153 0.9997972846031189
0.5315881371498108 0.30965638160705566 -0.3135647177696228 0.9998132586479187
0.5743704438209534 0.32663244009017944 -0.16340984404087067 0.9997395873069763
0.5213583707809448 0.32572925090789795 -0.18076319992542267 0.999852180480957
0.5613621473312378 0.35669517517089844 -0.2808498442173004 0.9998769760131836
0.5415340662002563 0.35571932792663574 -0.28617429733276367 0.9999163150787354
0.6091867089271545 0.46753576397895813 -0.10470732301473618 0.9994745850563049
0.4800862669944763 0.4691222012042999 -0.13298694789409637 0.9995101690292358
0.6426838636398315 0.6646273732185364 -0.2708759307861328 0.9717838168144226
0.4383526146411896 0.6469943523406982 -0.32779058814048767 0.9723177552223206
0.5634936094284058 0.5868896245956421 -0.5496856570243835 0.968782901763916
0.519311249256134 0.5853135585784912 -0.5666598081588745 0.9622352123260498
0.5497390031814575 0.5500390529632568 -0.5992169976234436 0.9333602786064148
0.5344498157501221 0.5570786595344543 -0.6099984049797058 0.9036264419555664
0.5509380102157593 0.5210707187652588 -0.5702987313270569 0.9294612407684326
0.534824550151825 0.5295045375823975 -0.5811610817909241 0.893644392490387
0.5526551008224487 0.5294958353042603 -0.5418628454208374 0.9127625226974487
0.5322863459587097 0.5363435745239258 -0.5571680665016174 0.8800035119056702
0.5903570652008057 0.7778930068016052 0.011744560673832893 0.9980826377868652
0.4978310763835907 0.7744008302688599 -0.011708119884133339 0.9980642199516296
0.6317062973976135 1.0286210775375366 -0.10919994860887527 0.7814134955406189
0.490068644285202 1.015836238861084 -0.06987664103507996 0.6725523471832275
0.6064387559890747 1.0550835132598877 0.35913416743278503 0.008060931228101254
0.4941681921482086 1.1013357639312744 0.2966213524341583 0.01117806788533926
0.6007360219955444 1.0433480739593506 0.41042783856391907 0.01312420517206192
0.49625879526138306 1.1086349487304688 0.33825990557670593 0.012265173718333244
0.5958885550498962 1.1339634656906128 0.4058281481266022 0.005678196437656879
0.4952775835990906 1.1748238801956177 0.3091548979282379 0.00823951419442892
