0.5521045327186584 0.32167720794677734 -0.14688850939273834 0.998151957988739
0.5593230128288269 0.30293816328048706 -0.11610308289527893 0.9989314675331116
0.5634645819664001 0.30468982458114624 -0.11622517555952072 0.9987188577651978
0.5685750246047974 0.306740403175354 -0.11645267903804779 0.9989292025566101
0.542533278465271 0.30073386430740356 -0.12041626870632172 0.9989891648292542
0.5361967086791992 0.30101025104522705 -0.12039988487958908 0.9987851977348328
0.5306457281112671 0.3018287420272827 -0.12053966522216797 0.9991268515586853
0.5747753381729126 0.32297825813293457 0.021594755351543427 0.9988732933998108
0.5210680365562439 0.3204880952835083 0.0032570979092270136 0.9992187023162842
0.5605972409248352 0.3499414920806885 -0.09629248082637787 0.9991242289543152
0.5396161675453186 0.3479902744293213 -0.10186805576086044 0.9993822574615479
0.6096141934394836 0.4681931436061859 0.04764056205749512 0.9984425902366638
0.4805258512496948 0.4706832766532898 0.025475241243839264 0.9984329342842102
0.6399701833724976 0.6615740060806274 -0.12308471649885178 0.9388989806175232
0.44958239793777466 0.6499878764152527 -0.18459050357341766 0.9385200142860413
0.5657892823219299 0.5734135508537292 -0.34521862864494324 0.9259915947914124
0.521500825881958 0.5612115263938904 -0.4143291711807251 0.9625163078308105
0.5498816967010498 0.5239590406417847 -0.3879321813583374 0.8521320819854736
0.5359949469566345 0.5307438373565674 -0.45671895146369934 0.9000315070152283
0.5497835874557495 0.4959195852279663 -0.34991681575775146 0.8452984094619751
0.5344444513320923 0.5019477605819702 -0.42573198676109314 0.884299099445343
0.5518299341201782 0.5088142156600952 -0.3335506319999695 0.8170292973518372
0.5316311120986938 0.512170135974884 -0.40496304631233215 0.8615068197250366
0.5920930504798889 0.7770137190818787 0.013417999260127544 0.9935364127159119
0.49821168184280396 0.7708644270896912 -0.013105178251862526 0.9934593439102173
0.6321608424186707 0.9730857610702515 -0.23507864773273468 0.7263437509536743
0.4792576730251312 0.9748905897140503 -0.2650552988052368 0.6276885867118835
0.6128692626953125 1.1180245876312256 0.1302405297756195 0.01639750227332115
0.49120891094207764 1.148541808128357 0.04255428537726402 0.021229857578873634
0.6054190397262573 1.125823736190796 0.16780675947666168 0.028006935492157936
0.495042622089386 1.1716424226760864 0.07492478936910629 0.019451236352324486
0.6102442145347595 1.2029019594192505 0.10416439175605774 0.009497037157416344
0.4925098419189453 1.2295695543289185 -0.013954177498817444 0.012255634181201458
