0.5382823348045349 0.35839205980300903 -0.43526992201805115 0.9999878406524658
0.5478907823562622 0.3346813917160034 -0.40980955958366394 0.9999587535858154
0.5533485412597656 0.3348689079284668 -0.4098743498325348 0.9999803304672241
0.5568276643753052 0.33552998304367065 -0.4099688231945038 0.9999608993530273
0.530300498008728 0.3346101641654968 -0.41323983669281006 0.9999518394470215
0.5247014760971069 0.33476901054382324 -0.4133375883102417 0.9999721050262451
0.5185463428497314 0.3357132077217102 -0.41354116797447205 0.9999432563781738
0.5640766024589539 0.34738874435424805 -0.24221931397914886 0.999977707862854
0.5110381245613098 0.34967291355133057 -0.2580750286579132 0.9999866485595703
0.5486258268356323 0.3867916464805603 -0.3714691996574402 0.9999938011169434
0.5268434286117554 0.38757044076919556 -0.37686553597450256 0.9999946355819702
0.6091626286506653 0.5038645267486572 -0.12105289101600647 0.9999793767929077
0.4599624574184418 0.4995920956134796 -0.12617458403110504 0.9999778270721436
0.6343423128128052 0.7135747075080872 -0.295869916677475 0.9976271986961365
0.431704044342041 0.7064167261123657 -0.0795907974243164 0.9961088299751282
0.6289304494857788 0.5663270950317383 -0.6768580675125122 0.9888900518417358
0.41539764404296875 0.8878985047340393 -0.18532586097717285 0.9610455632209778
0.625788688659668 0.5394697189331055 -0.7465888261795044 0.9642301797866821
0.40204542875289917 0.9513051509857178 -0.20397821068763733 0.9003103971481323
0.6245141625404358 0.5208864212036133 -0.7275896668434143 0.9636010527610779
0.4098941683769226 0.9586005210876465 -0.2400689721107483 0.9105206727981567
0.6215091943740845 0.5294499397277832 -0.6775873303413391 0.9559964537620544
0.41739752888679504 0.9420691132545471 -0.19925042986869812 0.9137710928916931
0.5867701172828674 0.8317280411720276 0.008890820667147636 0.9988813996315002
0.4854702353477478 0.8371706008911133 -0.007827523164451122 0.9977161884307861
0.6294506788253784 1.0363447666168213 -0.41050928831100464 0.6774188876152039
0.4892370402812958 1.1081310510635376 -0.20084179937839508 0.5175807476043701
0.6155367493629456 1.3424742221832275 -0.11178874224424362 0.0068946219980716705
0.48484742641448975 1.354166030883789 0.04720485582947731 0.01237550564110279
0.6157360672950745 1.3829329013824463 -0.08964382112026215 0.020813608542084694
0.48103731870651245 1.3988507986068726 0.062196146696805954 0.017918502911925316
0.6050638556480408 1.4366220235824585 -0.2911415100097656 0.004138818010687828
0.4944526255130768 1.4366087913513184 -0.15381652116775513 0.0061880056746304035
