0.5389548540115356 0.35533809661865234 -0.5224574208259583 0.9999943971633911
0.5472748875617981 0.3332110047340393 -0.49820342659950256 0.9999771118164062
0.551557719707489 0.33384066820144653 -0.49826738238334656 0.9999922513961792
0.5561294555664062 0.33489400148391724 -0.498392790555954 0.9999802112579346
0.5316256880760193 0.3322983980178833 -0.5028627514839172 0.9999613761901855
0.5253103375434875 0.332142174243927 -0.5030002593994141 0.9999798536300659
0.5197739601135254 0.3323604464530945 -0.5031241774559021 0.9999343156814575
0.5607002973556519 0.3477863669395447 -0.3324762284755707 0.9999909400939941
0.508979082107544 0.34716522693634033 -0.3567465543746948 0.9999912977218628
0.5472535490989685 0.383941113948822 -0.4584917724132538 0.9999953508377075
0.5281109809875488 0.38175830245018005 -0.46619731187820435 0.9999949932098389
0.5971058011054993 0.4930334687232971 -0.2112804800271988 0.9999958276748657
0.45887625217437744 0.4969184696674347 -0.19291281700134277 0.9999555349349976
0.6338418126106262 0.6613227725028992 -0.36989840865135193 0.9997697472572327
0.43106573820114136 0.6998753547668457 -0.08411999046802521 0.9966610670089722
0.6200907230377197 0.49192747473716736 -0.6977745890617371 0.99974125623703
0.41377750039100647 0.8845309615135193 -0.12691371142864227 0.9908313155174255
0.6187077760696411 0.43621885776519775 -0.7616296410560608 0.9989084005355835
0.40187323093414307 0.9454905986785889 -0.13040412962436676 0.9726715087890625
0.617017388343811 0.42138516902923584 -0.7396289706230164 0.9988868832588196
0.41033801436424255 0.953629195690155 -0.16965818405151367 0.9762164950370789
0.6134637594223022 0.4408431649208069 -0.6944753527641296 0.998582124710083
0.41705322265625 0.9360405802726746 -0.13969877362251282 0.9798005223274231
0.5825796127319336 0.8022301197052002 0.00845141988247633 0.9997860789299011
0.4882909953594208 0.8181040287017822 -0.007603906560689211 0.9993023872375488
0.6334471106529236 1.0020301342010498 -0.21897682547569275 0.7406037449836731
0.49658748507499695 1.0810402631759644 -0.0927036851644516 0.6536304950714111
0.6158610582351685 1.2841618061065674 0.16530267894268036 0.003997175022959709
0.5042955279350281 1.3018701076507568 0.2385767549276352 0.006318246480077505
0.615874707698822 1.321425437927246 0.19869832694530487 0.01628405973315239
0.5015302300453186 1.342245101928711 0.2649863660335541 0.01679963804781437
0.6077309250831604 1.3804831504821777 0.04108191281557083 0.0015423079021275043
0.5216490030288696 1.384065866470337 0.08976025134325027 0.003291629021987319
