0.5394916534423828 0.3513337969779968 -0.5682953596115112 0.9999964237213135
0.5474247336387634 0.3304065465927124 -0.5422165989875793 0.9999860525131226
0.5520853400230408 0.33173513412475586 -0.5422849655151367 0.999995231628418
0.5565477013587952 0.33334702253341675 -0.5424200892448425 0.9999880790710449
0.5311864614486694 0.32822632789611816 -0.5459268689155579 0.9999738931655884
0.5250464677810669 0.3283626437187195 -0.5460624098777771 0.9999866485595703
0.5194481015205383 0.32930684089660645 -0.5461764931678772 0.9999563694000244
0.5616618990898132 0.3467920422554016 -0.365347683429718 0.9999948740005493
0.508273720741272 0.3442884087562561 -0.3862851560115814 0.9999936819076538
0.5485588908195496 0.37951821088790894 -0.5006321668624878 0.9999978542327881
0.527658998966217 0.37756699323654175 -0.5073408484458923 0.9999974966049194
0.6012887358665466 0.49217212200164795 -0.24422019720077515 0.9999978542327881
0.4574510157108307 0.49756255745887756 -0.20772205293178558 0.9999639987945557
0.6327412128448486 0.6872897744178772 -0.417019248008728 0.9998593330383301
0.43047159910202026 0.6970701813697815 -0.11101625114679337 0.9960179924964905
0.6232743859291077 0.5493075847625732 -0.7865625619888306 0.9998396635055542
0.41480153799057007 0.8786028027534485 -0.20416750013828278 0.9890382289886475
0.6186233758926392 0.5005319118499756 -0.8608991503715515 0.9993298053741455
0.40186354517936707 0.9425864219665527 -0.22052067518234253 0.9703590273857117
0.618330717086792 0.47735562920570374 -0.840208113193512 0.9993158578872681
0.4116595983505249 0.9489426016807556 -0.26024094223976135 0.9739575982093811
0.6152846813201904 0.4955019950866699 -0.7841005921363831 0.9990158081054688
0.41922256350517273 0.9318632483482361 -0.21833087503910065 0.976993978023529
0.5850871801376343 0.8079828023910522 0.003117502899840474 0.9997400641441345
0.4885547459125519 0.8224215507507324 -0.0022686468437314034 0.9993016719818115
0.6318178176879883 1.0083431005477905 -0.20861278474330902 0.7295393347740173
0.4927757680416107 1.0882436037063599 -0.15759174525737762 0.7287467122077942
0.606990396976471 1.2990813255310059 0.2266380339860916 0.004980289377272129
0.5022228956222534 1.3173902034759521 0.19254077970981598 0.013214648701250553
0.6059600114822388 1.3339834213256836 0.2635282278060913 0.016893288120627403
0.499875545501709 1.35791015625 0.21988357603549957 0.025876224040985107
0.5977703332901001 1.401106595993042 0.09833536297082901 0.0019984485115855932
0.5187380313873291 1.4044256210327148 0.03241456672549248 0.006469978950917721
