0.5634229183197021 0.3522008955478668 -0.5714551210403442 0.9999663829803467
0.5730924010276794 0.33295202255249023 -0.5459080934524536 0.9998537302017212
0.5783565640449524 0.3346942067146301 -0.5458707213401794 0.999889612197876
0.58282470703125 0.33689916133880615 -0.5460001230239868 0.9997013211250305
0.5544756054878235 0.32974597811698914 -0.5490643382072449 0.9998542070388794
0.5474979877471924 0.32959097623825073 -0.5492179989814758 0.9998983144760132
0.5417587757110596 0.32994261384010315 -0.5493581295013428 0.9997887015342712
0.5924421548843384 0.3537035286426544 -0.3772081136703491 0.9997690320014954
0.5336847901344299 0.3456902801990509 -0.3942427635192871 0.9999750852584839
0.5737854242324829 0.3836352527141571 -0.5063360333442688 0.9999792575836182
0.5510640740394592 0.379970520734787 -0.5118466019630432 0.999993085861206
0.6270990967750549 0.4921400249004364 -0.2405533492565155 0.9997637867927551
0.49003854393959045 0.4952371120452881 -0.2764359712600708 0.9998424053192139
0.6606544256210327 0.6833793520927429 -0.44330719113349915 0.9952301979064941
0.48311132192611694 0.7117465734481812 -0.32030433416366577 0.9853349924087524
0.6184922456741333 0.5077884793281555 -0.7575991153717041 0.9940687417984009
0.5467811226844788 0.8803682923316956 -0.4637898802757263 0.9728807806968689
0.6053742170333862 0.46345987915992737 -0.8224561810493469 0.9740023612976074
0.5510762929916382 0.9392095804214478 -0.489164263010025 0.9139951467514038
0.5981266498565674 0.42061740159988403 -0.7817017436027527 0.9737701416015625
0.5701653361320496 0.9281777143478394 -0.49635830521583557 0.9178924560546875
0.6008132696151733 0.438881516456604 -0.7462958097457886 0.9651026129722595
0.5715970396995544 0.9067007303237915 -0.46368953585624695 0.9081863760948181
0.6087660193443298 0.7739579677581787 0.009282784536480904 0.9995610117912292
0.521557629108429 0.7822002172470093 -0.008938148617744446 0.9991486072540283
0.6299772262573242 1.0286531448364258 -0.21202673017978668 0.31930243968963623
0.5029603838920593 1.012624979019165 -0.16943196952342987 0.385441392660141
0.6220552325248718 1.200390100479126 0.19555403292179108 0.002450711792334914
0.5132960081100464 1.1878396272659302 0.21663813292980194 0.006743820384144783
0.6175680160522461 1.229533314704895 0.23075374960899353 0.01638360321521759
0.5160080790519714 1.2221794128417969 0.24906402826309204 0.008901690132915974
0.6241430640220642 1.2941149473190308 0.08834502100944519 0.0037360021378844976
0.5173208713531494 1.2671246528625488 0.10012095421552658 0.009929216466844082
