0.5603083968162537 0.344914972782135 -0.33610841631889343 0.9999945163726807
0.5695217847824097 0.3276602625846863 -0.30653855204582214 0.9999821186065674
0.5748193264007568 0.3292332887649536 -0.30660948157310486 0.9999819993972778
0.5801246762275696 0.3310299515724182 -0.30674171447753906 0.9999749660491943
0.5508765578269958 0.3253903388977051 -0.3083520829677582 0.9999833106994629
0.5441436767578125 0.3259509801864624 -0.30841487646102905 0.9999856948852539
0.5383452773094177 0.32751399278640747 -0.30855101346969604 0.9999834299087524
0.5894232392311096 0.35029011964797974 -0.1570536494255066 0.9999786615371704
0.5299949049949646 0.34911197423934937 -0.16432446241378784 0.999993085861206
0.5718654990196228 0.37971529364585876 -0.28129398822784424 0.999998927116394
0.5471616983413696 0.3780876100063324 -0.2835920751094818 0.9999992847442627
0.6247847676277161 0.48749902844429016 -0.09448828548192978 0.9999791383743286
0.4876764714717865 0.5016140937805176 -0.11418886482715607 0.999901294708252
0.6690323948860168 0.6644768714904785 -0.20726312696933746 0.9978012442588806
0.48322343826293945 0.7160694003105164 -0.15421250462532043 0.9961327314376831
0.6236189603805542 0.6902584433555603 -0.4650326371192932 0.9954710006713867
0.5431843400001526 0.8818899393081665 -0.28152644634246826 0.9890556335449219
0.6165021061897278 0.7366430163383484 -0.5326038599014282 0.9857928156852722
0.5524256825447083 0.9403153657913208 -0.32976511120796204 0.9701317548751831
0.5992221832275391 0.719581127166748 -0.5242857336997986 0.9868380427360535
0.5682631134986877 0.9251754283905029 -0.3393765091896057 0.9723291397094727
0.5987918376922607 0.7078064680099487 -0.4656427800655365 0.9832861423492432
0.5680946707725525 0.9041241407394409 -0.28533539175987244 0.9674217700958252
0.6106948852539062 0.8098047971725464 -0.0026650966610759497 0.9988071918487549
0.5172458291053772 0.8243637681007385 0.003160727210342884 0.9983105659484863
0.6304236054420471 1.0215855836868286 -0.4035371243953705 0.8904830813407898
0.4989934265613556 1.007436752319336 -0.4495486319065094 0.9452430009841919
0.6339593529701233 1.2118971347808838 -0.01589874178171158 0.15241506695747375
0.5338031053543091 1.2184604406356812 -0.09581008553504944 0.31286707520484924
0.6315690279006958 1.2442277669906616 0.01700693555176258 0.25515586137771606
0.5421229004859924 1.2468088865280151 -0.06424883753061295 0.21748653054237366
0.6423565745353699 1.300529956817627 -0.12440425902605057 0.10860074311494827
0.5384271740913391 1.3160630464553833 -0.21671508252620697 0.17950285971164703
