0.5686661005020142 0.36652693152427673 -0.3265478312969208 0.9999946355819702
0.5791319012641907 0.35022395849227905 -0.2968006432056427 0.999990701675415
0.5840798616409302 0.3511313796043396 -0.29691019654273987 0.9999915361404419
0.5888126492500305 0.35243991017341614 -0.297037273645401 0.9999886751174927
0.5608927607536316 0.35095882415771484 -0.29655367136001587 0.9999880790710449
0.553682267665863 0.35240238904953003 -0.2966192960739136 0.9999886751174927
0.5483414530754089 0.3537176251411438 -0.29674509167671204 0.9999858140945435
0.5978666543960571 0.37260085344314575 -0.1499524563550949 0.9999945163726807
0.5414618849754333 0.3725968599319458 -0.1472191959619522 0.9999856948852539
0.5784350037574768 0.40022218227386475 -0.2740144431591034 0.9999983310699463
0.5548802614212036 0.3988185524940491 -0.27376097440719604 0.9999983310699463
0.6269428133964539 0.5421468019485474 -0.08706870675086975 0.999840497970581
0.5010475516319275 0.5334560871124268 -0.06909474730491638 0.9990082383155823
0.6586617231369019 0.7190911769866943 -0.1560927778482437 0.99167400598526
0.4692688584327698 0.7241739630699158 -0.18004146218299866 0.9824220538139343
0.6406592130661011 0.7627871036529541 -0.38030582666397095 0.9816329479217529
0.4977576434612274 0.7486118674278259 -0.4515496790409088 0.9762793183326721
0.6369025707244873 0.8119469285011292 -0.44374459981918335 0.9398747682571411
0.5097406506538391 0.7715592980384827 -0.5063802003860474 0.9498485326766968
0.6242539882659912 0.7950128316879272 -0.44860368967056274 0.944724440574646
0.5171517729759216 0.7451587915420532 -0.5137978196144104 0.9528228044509888
0.6229523420333862 0.7752336859703064 -0.38595134019851685 0.9484955072402954
0.5160350203514099 0.7341859936714172 -0.45850247144699097 0.9467073082923889
0.6045542359352112 0.8357866406440735 -0.0026970410253852606 0.9965012073516846
0.5222015976905823 0.8399190306663513 0.0035271651577204466 0.9929627776145935
0.6462075114250183 1.0016602277755737 -0.4117824137210846 0.7507191896438599
0.5041603446006775 1.011227011680603 -0.2206144630908966 0.6078659296035767
0.6288302540779114 1.201638102531433 -0.12667350471019745 0.033294402062892914
0.5018841028213501 1.226784348487854 0.03588329255580902 0.0855623185634613
0.6221449375152588 1.235711693763733 -0.10601677745580673 0.12989792227745056
0.5029966831207275 1.2679316997528076 0.05401526018977165 0.04979443922638893
0.6299789547920227 1.292559266090393 -0.2709383964538574 0.04281511902809143
0.49824628233909607 1.3021042346954346 -0.11790477484464645 0.062114816159009933
