0.5669240355491638 0.38769349455833435 -0.31260067224502563 0.9999982118606567
0.576502799987793 0.36528655886650085 -0.28779855370521545 0.9999958276748657
0.5811945199966431 0.3655443489551544 -0.28787654638290405 0.9999955892562866
0.5860247015953064 0.3662237524986267 -0.287980854511261 0.9999927282333374
0.5584867000579834 0.36582493782043457 -0.2869786322116852 0.9999940395355225
0.5521389842033386 0.36615151166915894 -0.28710442781448364 0.9999945163726807
0.5473889112472534 0.3666490912437439 -0.28719815611839294 0.9999921321868896
0.5946120619773865 0.3828181326389313 -0.1504288762807846 0.9999957084655762
0.5409076809883118 0.3801208734512329 -0.14727862179279327 0.9999945163726807
0.5741074085235596 0.4191042482852936 -0.2631259858608246 0.9999994039535522
0.5548112988471985 0.4158998429775238 -0.26241734623908997 0.9999994039535522
0.6251299977302551 0.5398796796798706 -0.07936955988407135 0.999944806098938
0.5000582933425903 0.5337750911712646 -0.06046314164996147 0.9998601675033569
0.6589563488960266 0.7145481109619141 -0.1648067831993103 0.9860216975212097
0.46855515241622925 0.7085003852844238 -0.15374502539634705 0.9880822896957397
0.684393584728241 0.7187352180480957 -0.45828694105148315 0.9890322089195251
0.4603709876537323 0.7234485745429993 -0.4582485556602478 0.992232084274292
0.6950250864028931 0.7333524227142334 -0.5175182223320007 0.976280152797699
0.4586905837059021 0.7361323833465576 -0.5069140791893005 0.9878637194633484
0.6967837810516357 0.7022054195404053 -0.5311018228530884 0.9781920313835144
0.4613218903541565 0.704308032989502 -0.5229769945144653 0.9893219470977783
0.691214382648468 0.6965799331665039 -0.46897536516189575 0.9770081043243408
0.46346384286880493 0.6996321082115173 -0.4694008231163025 0.9877146482467651
0.6076963543891907 0.8216243982315063 -0.0024920792784541845 0.9982268214225769
0.524933397769928 0.8293782472610474 0.0029493377078324556 0.9971355199813843
0.6364549398422241 1.0295003652572632 -0.33409976959228516 0.633276104927063
0.4989890456199646 1.0376005172729492 -0.19357295334339142 0.6157964468002319
0.615600049495697 1.196699619293213 0.03851022198796272 0.03185359761118889
0.5074635148048401 1.2085528373718262 0.12262508273124695 0.08664248138666153
0.6073476076126099 1.2229188680648804 0.06920039653778076 0.11020797491073608
0.5109207034111023 1.2376728057861328 0.14761893451213837 0.060596562922000885
0.6194872260093689 1.28961980342865 -0.06309079378843307 0.02925107069313526
0.506567120552063 1.290344476699829 0.0015104154590517282 0.05360225588083267
