0.5669007897377014 0.38283324241638184 -0.31690922379493713 0.9999953508377075
0.5772108435630798 0.3621428906917572 -0.29366233944892883 0.9999915361404419
0.58183753490448 0.36268946528434753 -0.293733686208725 0.9999924898147583
0.5867313742637634 0.3634313642978668 -0.2938246726989746 0.9999867677688599
0.5586597323417664 0.36254653334617615 -0.29154452681541443 0.9999872446060181
0.551959753036499 0.362484335899353 -0.2916710674762726 0.9999892711639404
0.5472536683082581 0.36254599690437317 -0.2917819917201996 0.9999836683273315
0.595630407333374 0.38035956025123596 -0.15762631595134735 0.9999926090240479
0.541456937789917 0.37610992789268494 -0.14991097152233124 0.9999936819076538
0.5753484964370728 0.4162890911102295 -0.2669968008995056 0.9999980926513672
0.5539025068283081 0.41311076283454895 -0.2649150490760803 0.9999983310699463
0.6272335052490234 0.5419455766677856 -0.08408913761377335 0.9999562501907349
0.5012363195419312 0.5288739204406738 -0.06312043964862823 0.9999090433120728
0.6589990854263306 0.7231865525245667 -0.1807812601327896 0.9952071309089661
0.4664694666862488 0.686211347579956 -0.16778159141540527 0.9926937818527222
0.676198422908783 0.7022380828857422 -0.4820154309272766 0.9979526996612549
0.46655285358428955 0.6915898323059082 -0.47897446155548096 0.9976143836975098
0.68497633934021 0.7171079516410828 -0.5442579984664917 0.9958861470222473
0.4646757245063782 0.7201948761940002 -0.5325924754142761 0.995078444480896
0.6838017702102661 0.6800624132156372 -0.5515821576118469 0.9963269829750061
0.4748035669326782 0.6944528818130493 -0.5423147082328796 0.9955924153327942
0.6786966323852539 0.676314115524292 -0.49032506346702576 0.9962180256843567
0.47668883204460144 0.6818984746932983 -0.48836633563041687 0.9958869814872742
0.6123876571655273 0.8346867561340332 -0.0023802248761057854 0.9994101524353027
0.5267640948295593 0.8384217619895935 0.0028706856537610292 0.999569833278656
0.6263116598129272 1.0636545419692993 -0.120566725730896 0.5584381818771362
0.5034780502319336 1.0568647384643555 -0.13706687092781067 0.7032482624053955
0.622839629650116 1.212144374847412 0.3087974786758423 0.0037734645884484053
0.5099489092826843 1.218618392944336 0.24513857066631317 0.012075649574398994
0.6209830045700073 1.2366600036621094 0.3467768728733063 0.013775416649878025
0.512141764163971 1.2461507320404053 0.27990543842315674 0.016451895236968994
0.6183248162269592 1.2967684268951416 0.2409992814064026 0.00218643038533628
0.5109041333198547 1.2947744131088257 0.15758541226387024 0.0076163471676409245
