0.5479046106338501 0.31454604864120483 -0.518441915512085 0.9998213648796082
0.5546972751617432 0.29275935888290405 -0.4888695180416107 0.9997120499610901
0.5594648718833923 0.29279303550720215 -0.48898130655288696 0.999751627445221
0.5643259882926941 0.29310858249664307 -0.4892001152038574 0.999626636505127
0.5378976464271545 0.29411637783050537 -0.49351242184638977 0.9997124075889587
0.5316912531852722 0.2954027056694031 -0.4935897886753082 0.9997420907020569
0.5259689688682556 0.29641056060791016 -0.4937346279621124 0.999645471572876
0.5707953572273254 0.3082466125488281 -0.30965784192085266 0.9996730089187622
0.5163090229034424 0.3141710162162781 -0.3321632146835327 0.9998886585235596
0.5576322674751282 0.34195640683174133 -0.45136234164237976 0.999976396560669
0.5360782146453857 0.34182530641555786 -0.4582989513874054 0.9999866485595703
0.6131493449211121 0.4746769666671753 -0.2021339237689972 0.9998890161514282
0.47647225856781006 0.4705422818660736 -0.22793608903884888 0.9999532699584961
0.6407883763313293 0.6822130680084229 -0.3951629400253296 0.9774057269096375
0.4496976137161255 0.6705010533332825 -0.2014147788286209 0.9562636017799377
0.626648485660553 0.5729588270187378 -0.7731722593307495 0.9318174123764038
0.43617263436317444 0.8473322987556458 -0.3281949758529663 0.7968649864196777
0.6229315996170044 0.5399670004844666 -0.8369817733764648 0.8787732720375061
0.42199569940567017 0.9052098393440247 -0.3550069034099579 0.7262752056121826
0.6239580512046814 0.5172939896583557 -0.8205419778823853 0.8697077035903931
0.4296181797981262 0.9072298407554626 -0.38553377985954285 0.7420568466186523
0.6212416291236877 0.5245085954666138 -0.7741986513137817 0.8152259588241577
0.43852874636650085 0.8882523775100708 -0.3405793309211731 0.7201824188232422
0.591005265712738 0.7838451266288757 0.02150939218699932 0.9986147880554199
0.4981291592121124 0.7846564054489136 -0.021356625482439995 0.9985992312431335
0.6321843266487122 0.9786896705627441 -0.39300045371055603 0.6983239650726318
0.49285441637039185 0.9607341885566711 -0.43815892934799194 0.655760645866394
0.6131662726402283 0.99064701795578 0.130855992436409 0.017018908634781837
0.5215253829956055 1.0311477184295654 0.023285312578082085 0.030079923570156097
0.6101454496383667 0.9742279052734375 0.1843392550945282 0.04116791859269142
0.5237022638320923 1.0348657369613647 0.06907038390636444 0.03757963702082634
0.5956741571426392 1.0474492311477661 0.1039181649684906 0.018118424341082573
0.5419809222221375 1.0922187566757202 -0.05660504102706909 0.03147568553686142
