0.5467168688774109 0.3412320017814636 -0.2879895567893982 0.9988623857498169
0.5553938746452332 0.31790807843208313 -0.264406681060791 0.9983617663383484
0.5603609085083008 0.31802868843078613 -0.26446813344955444 0.9988853335380554
0.5650071501731873 0.31804877519607544 -0.26456570625305176 0.9981929659843445
0.5377492904663086 0.3209514915943146 -0.2623043656349182 0.9975062012672424
0.5314079523086548 0.32248052954673767 -0.2625296115875244 0.9982120990753174
0.5263988375663757 0.324459969997406 -0.262637734413147 0.9971390962600708
0.5754222273826599 0.3355407416820526 -0.12929438054561615 0.9994186162948608
0.5178597569465637 0.3422234058380127 -0.11636272817850113 0.9987320303916931
0.5589280724525452 0.3677619695663452 -0.2366505116224289 0.9988466501235962
0.5361561179161072 0.3704814016819 -0.23336955904960632 0.997068464756012
0.6182581782341003 0.4786825180053711 -0.07810335606336594 0.9991908669471741
0.48480528593063354 0.4848145544528961 -0.06302018463611603 0.9976645708084106
0.6467567682266235 0.6731579303741455 -0.25794026255607605 0.999289870262146
0.47677284479141235 0.6808982491493225 -0.2622810900211334 0.9972846508026123
0.5841260552406311 0.5502806901931763 -0.476463258266449 0.9992363452911377
0.5375726819038391 0.554566502571106 -0.5133110284805298 0.9994592070579529
0.5733266472816467 0.5030701756477356 -0.5213555693626404 0.9975989460945129
0.5482997894287109 0.5015462636947632 -0.5572361350059509 0.9971796274185181
0.5709964036941528 0.47650769352912903 -0.4828009009361267 0.9974578022956848
0.5414422154426575 0.4774734079837799 -0.5261620879173279 0.9966931343078613
0.5728569030761719 0.49121522903442383 -0.4643811285495758 0.9982143640518188
0.5415478944778442 0.4968816637992859 -0.5056207180023193 0.9974270462989807
0.6056162118911743 0.8024278879165649 -0.0007701102294959128 0.9999527931213379
0.5113328099250793 0.7960939407348633 0.0015505743212997913 0.9999257326126099
0.6050347685813904 1.0536874532699585 0.0036365112755447626 0.6383703947067261
0.5058695077896118 1.0807524919509888 0.025570718571543694 0.7908140420913696
0.608237624168396 1.2313611507415771 0.4414120614528656 0.00014958329848013818
0.49212154746055603 1.2397346496582031 0.4347134232521057 0.0003307585429865867
0.6124834418296814 1.264160394668579 0.4846232235431671 0.0006904917536303401
0.489667147397995 1.273059606552124 0.4760673940181732 0.0006969336536712945
0.5998851656913757 1.316148281097412 0.40046918392181396 5.768013943452388e-05
0.4975428879261017 1.3141992092132568 0.38034385442733765 0.00019427927327342331
