0.5469117760658264 0.3616357147693634 -0.33419498801231384 0.9999808073043823
0.5560181736946106 0.33343374729156494 -0.31137752532958984 0.9999834299087524
0.5619061589241028 0.3331639766693115 -0.31150874495506287 0.9999840259552002
0.5673366785049438 0.33300232887268066 -0.31172671914100647 0.9999817609786987
0.5356602072715759 0.3315443992614746 -0.3162410855293274 0.9999760389328003
0.5269572138786316 0.33064496517181396 -0.31631049513816833 0.9999721050262451
0.519694447517395 0.33046722412109375 -0.316372275352478 0.9999644756317139
0.572834849357605 0.3433650732040405 -0.15337364375591278 0.9999920129776001
0.5097371339797974 0.3434915542602539 -0.1749059408903122 0.9999808073043823
0.5543296337127686 0.392585426568985 -0.272531121969223 0.9999954700469971
0.531692385673523 0.3925026059150696 -0.27898722887039185 0.9999926090240479
0.609548032283783 0.4884359836578369 -0.06397418677806854 0.9999676942825317
0.467397004365921 0.48120200634002686 -0.0816531851887703 0.9998539686203003
0.6418780088424683 0.6912090182304382 -0.23319731652736664 0.9899417757987976
0.45725229382514954 0.6937880516052246 -0.28275272250175476 0.9801185131072998
0.6322075724601746 0.589765727519989 -0.5785254240036011 0.9940008521080017
0.48598185181617737 0.5604956150054932 -0.6382574439048767 0.9966973066329956
0.6285171508789062 0.5740132927894592 -0.6409946084022522 0.9855704307556152
0.4833884537220001 0.5242937803268433 -0.6956902146339417 0.9915810227394104
0.6245937943458557 0.5463715195655823 -0.6220163702964783 0.985824465751648
0.4813683331012726 0.4992654323577881 -0.6856314539909363 0.9909716844558716
0.6216498017311096 0.549213171005249 -0.5767320394515991 0.9790038466453552
0.48567670583724976 0.5081323981285095 -0.6406691670417786 0.9873155355453491
0.5926141738891602 0.8274484276771545 0.006252480670809746 0.9903979301452637
0.49143868684768677 0.832460880279541 -0.005841763224452734 0.9868335127830505
0.6619949340820312 0.9927354454994202 -0.35495197772979736 0.9707130193710327
0.4550078511238098 1.0833754539489746 -0.2797152101993561 0.9705854654312134
0.6107229590415955 1.2749227285385132 -0.07385199517011642 0.36987194418907166
0.4755302667617798 1.2944104671478271 -0.017169320955872536 0.30980363488197327
0.5955997109413147 1.3083083629608154 -0.0520668551325798 0.32928135991096497
0.4838119447231293 1.3252522945404053 0.003270526649430394 0.162936270236969
0.6245858073234558 1.3737549781799316 -0.18844233453273773 0.170106902718544
0.4689701497554779 1.3885915279388428 -0.13330630958080292 0.11473318934440613
