0.5469844937324524 0.3619046211242676 -0.32607799768447876 0.9999890327453613
0.5558305382728577 0.33323991298675537 -0.30493009090423584 0.9999886751174927
0.5609609484672546 0.3329441547393799 -0.3050060272216797 0.9999908208847046
0.5663400292396545 0.33266884088516235 -0.30516618490219116 0.99998939037323
0.5363443493843079 0.333138108253479 -0.30992332100868225 0.9999845027923584
0.5276442170143127 0.3330032229423523 -0.30995410680770874 0.9999837875366211
0.5205240845680237 0.3332771062850952 -0.31008145213127136 0.999977707862854
0.571902334690094 0.3414180874824524 -0.15187354385852814 0.9999959468841553
0.5092877745628357 0.3431990146636963 -0.17131276428699493 0.9999908208847046
0.5555850863456726 0.3919500410556793 -0.265278160572052 0.9999973773956299
0.5323323011398315 0.39064401388168335 -0.2711968719959259 0.9999957084655762
0.6085483431816101 0.48453283309936523 -0.06626991182565689 0.9999774694442749
0.46494171023368835 0.4847588539123535 -0.09324533492326736 0.9999294281005859
0.63811856508255 0.677846372127533 -0.25192397832870483 0.994691789150238
0.4670492708683014 0.6889362335205078 -0.312763512134552 0.9915013313293457
0.5922550559043884 0.5507547855377197 -0.5726551413536072 0.9953585267066956
0.5139660835266113 0.5386878252029419 -0.6176227331161499 0.9972244501113892
0.5827330350875854 0.5299936532974243 -0.6314367651939392 0.9840763211250305
0.5180816650390625 0.5016549825668335 -0.6687676906585693 0.9893772602081299
0.578424334526062 0.5081818103790283 -0.5997617840766907 0.9836983680725098
0.5142320990562439 0.4801260530948639 -0.64995276927948 0.9884373545646667
0.5769558548927307 0.514069676399231 -0.5653930306434631 0.9793941378593445
0.5163841247558594 0.49064168334007263 -0.6152828931808472 0.9859117865562439
0.5911476612091064 0.830338716506958 0.008252641186118126 0.9908944368362427
0.4870738089084625 0.8294099569320679 -0.007452025543898344 0.9891805052757263
0.6608457565307617 0.9985732436180115 -0.29142922163009644 0.9568296670913696
0.45996522903442383 1.1079353094100952 -0.20402702689170837 0.9382317662239075
0.6016014814376831 1.3069398403167725 -0.06458137929439545 0.1835893988609314
0.46389681100845337 1.3413219451904297 -0.0004914565361104906 0.16150793433189392
0.5904504656791687 1.349377155303955 -0.04959229379892349 0.14651735126972198
0.4688163697719574 1.380394697189331 0.012759723700582981 0.06204434484243393
0.606943666934967 1.3990137577056885 -0.2064022719860077 0.06493581831455231
0.45708543062210083 1.4306315183639526 -0.1462191939353943 0.058702223002910614
