0.5431960225105286 0.32805079221725464 -0.28067418932914734 0.9999114274978638
0.5485178828239441 0.3097740411758423 -0.25372767448425293 0.9998425245285034
0.5523070693016052 0.30989378690719604 -0.25377392768859863 0.999879002571106
0.5561127066612244 0.31014329195022583 -0.2538071572780609 0.9998518228530884
0.5324870347976685 0.3092116117477417 -0.2559909522533417 0.9998544454574585
0.5256202816963196 0.3094508647918701 -0.25607338547706604 0.9998860359191895
0.5198318362236023 0.3104221820831299 -0.25627341866493225 0.9998778104782104
0.562332272529602 0.32298797369003296 -0.10856302827596664 0.9998641014099121
0.5098140835762024 0.3246114253997803 -0.11877328902482986 0.9999569654464722
0.5528122782707214 0.356370210647583 -0.22594858705997467 0.9999145269393921
0.5308451652526855 0.35484451055526733 -0.22970014810562134 0.9999542236328125
0.597417950630188 0.4758448302745819 -0.04779399186372757 0.9998518228530884
0.4603753089904785 0.479513555765152 -0.04582497105002403 0.9997506737709045
0.6441301703453064 0.612946629524231 -0.24837589263916016 0.9992832541465759
0.42459967732429504 0.6722878217697144 -0.14986515045166016 0.9976310729980469
0.5921604633331299 0.43786054849624634 -0.5090603232383728 0.9993047714233398
0.48654529452323914 0.6971228718757629 -0.3373989462852478 0.9959484934806824
0.5845082402229309 0.37839263677597046 -0.5659899115562439 0.9968903660774231
0.5107924342155457 0.7235408425331116 -0.374824196100235 0.9835790991783142
0.5826977491378784 0.36560577154159546 -0.5213689208030701 0.9964890480041504
0.5227983593940735 0.7046470642089844 -0.3601545989513397 0.9834966659545898
0.5802003145217896 0.388200581073761 -0.49640947580337524 0.9963415265083313
0.515208899974823 0.6918179988861084 -0.33336034417152405 0.9845523834228516
0.5891181230545044 0.8140548467636108 0.00587675254791975 0.9993271827697754
0.4883095622062683 0.8297929763793945 -0.00488998182117939 0.999215841293335
0.6345075964927673 1.0142490863800049 -0.10344496369361877 0.24979586899280548
0.4870561957359314 1.0086066722869873 -0.17314928770065308 0.2246081382036209
0.6129688620567322 1.3250411748886108 0.21422059834003448 0.00031118522747419775
0.4975493550300598 1.3246170282363892 0.06995034217834473 0.0015412670327350497
0.6161401867866516 1.3624316453933716 0.24052776396274567 0.0009694946347735822
0.492422878742218 1.369119644165039 0.09131377190351486 0.002368505811318755
0.5967317223548889 1.4225516319274902 0.10191666334867477 0.0001959467335836962
0.5135689973831177 1.4017678499221802 -0.07400070130825043 0.0012972787953913212
