0.5411603450775146 0.3295656442642212 -0.23451410233974457 0.9999878406524658
0.5466795563697815 0.3104541301727295 -0.20781752467155457 0.9999731779098511
0.550225019454956 0.31083422899246216 -0.20782114565372467 0.9999810457229614
0.5544725060462952 0.3117719888687134 -0.20783619582653046 0.9999724626541138
0.5316975712776184 0.30933231115341187 -0.21048885583877563 0.9999747276306152
0.5248458385467529 0.30936551094055176 -0.21056166291236877 0.9999812841415405
0.5191510915756226 0.30995064973831177 -0.21069563925266266 0.9999759197235107
0.5590534210205078 0.32276201248168945 -0.061545975506305695 0.9999830722808838
0.5087667107582092 0.3246762752532959 -0.074907585978508 0.9999929666519165
0.5484704375267029 0.3573376536369324 -0.1787867546081543 0.9999845027923584
0.5302928686141968 0.35615280270576477 -0.18347540497779846 0.9999912977218628
0.5949557423591614 0.4724264144897461 0.009519891813397408 0.9999585151672363
0.4605608582496643 0.4783444404602051 -0.003684684867039323 0.9999097585678101
0.6478546857833862 0.6038196682929993 -0.16848577558994293 0.9995174407958984
0.4224177598953247 0.6706932187080383 -0.11375541985034943 0.9989221096038818
0.6048304438591003 0.39715296030044556 -0.41821882128715515 0.9996548891067505
0.4910288155078888 0.7017005085945129 -0.30426397919654846 0.9984654188156128
0.6025024056434631 0.3306574821472168 -0.4746238887310028 0.9983267188072205
0.5161994695663452 0.731370210647583 -0.3399107754230499 0.9937971830368042
0.6007886528968811 0.32362550497055054 -0.4336460530757904 0.9980369210243225
0.525108814239502 0.7076940536499023 -0.32536056637763977 0.9935925602912903
0.5958925485610962 0.345689594745636 -0.4075371026992798 0.9981608986854553
0.5177869200706482 0.6970139741897583 -0.2999478280544281 0.9938787817955017
0.5880968570709229 0.7996069192886353 0.007319898344576359 0.9998735189437866
0.48960399627685547 0.8102458119392395 -0.006129957269877195 0.9997144341468811
0.6062544584274292 1.0533651113510132 -0.23088139295578003 0.5502548813819885
0.49474233388900757 1.0695322751998901 -0.07834884524345398 0.39312851428985596
0.6112188696861267 1.2928134202957153 0.045163996517658234 0.0007651548366993666
0.49408283829689026 1.30716872215271 0.15816250443458557 0.002263699658215046
0.6139397025108337 1.331747055053711 0.0682823583483696 0.0030536302365362644
0.48942527174949646 1.3489762544631958 0.17711979150772095 0.0032944963313639164
0.5976392030715942 1.384079098701477 -0.08560735732316971 0.00054104661103338
0.509857177734375 1.3839218616485596 0.009774597361683846 0.0014963732101023197
