0.5399131774902344 0.33104199171066284 -0.14368395507335663 0.9999980926513672
0.5463182926177979 0.3106686472892761 -0.11725983768701553 0.9999854564666748
0.5501991510391235 0.311942458152771 -0.11711034178733826 0.9999954700469971
0.5537756681442261 0.3128560781478882 -0.11683756858110428 0.9999872446060181
0.5314436554908752 0.30840611457824707 -0.130700021982193 0.9999898672103882
0.5258721709251404 0.30835241079330444 -0.13099181652069092 0.9999970197677612
0.5205718278884888 0.30863767862319946 -0.1311352550983429 0.9999921321868896
0.5577100515365601 0.32695144414901733 0.01135573722422123 0.9999942779541016
0.5087799429893494 0.32578569650650024 -0.05355061590671539 0.999998927116394
0.5476390719413757 0.36169877648353577 -0.09541913121938705 0.9999829530715942
0.5284674167633057 0.35666728019714355 -0.11453788727521896 0.9999922513961792
0.5976943373680115 0.48275983333587646 0.07793504744768143 0.9999889135360718
0.45612674951553345 0.48090407252311707 -0.04881560429930687 0.9999879598617554
0.649877667427063 0.5833804607391357 -0.06368289142847061 0.9997830986976624
0.4219982922077179 0.688900351524353 -0.19347606599330902 0.9997177720069885
0.6399269700050354 0.3815184533596039 -0.2972700893878937 0.9999861717224121
0.48811158537864685 0.7068054676055908 -0.3538734018802643 0.999958872795105
0.6431339979171753 0.3205680847167969 -0.3439474105834961 0.9999438524246216
0.5151808857917786 0.7330294847488403 -0.38607504963874817 0.9998611211776733
0.6387196183204651 0.3118460178375244 -0.3150171935558319 0.999925971031189
0.5233972072601318 0.7062761783599854 -0.37417110800743103 0.9998347759246826
0.6329552531242371 0.3349687457084656 -0.29274654388427734 0.9999392032623291
0.5158679485321045 0.6966383457183838 -0.3499126136302948 0.9998321533203125
0.586254358291626 0.8211676478385925 0.03719852492213249 0.9998007416725159
0.48566514253616333 0.8365115523338318 -0.03594955429434776 0.9997466206550598
0.6058568358421326 1.119449257850647 -0.009163341484963894 0.2796798050403595
0.49144700169563293 1.1225807666778564 0.015275126323103905 0.24265716969966888
0.601459264755249 1.3822531700134277 0.2243892103433609 0.0002879083913285285
0.48005497455596924 1.3794047832489014 0.22073207795619965 0.0007434991421177983
0.6045779585838318 1.4227020740509033 0.24254749715328217 0.00220787082798779
0.4721992313861847 1.420987606048584 0.2368514984846115 0.0022421979811042547
0.5845695734024048 1.4759833812713623 0.11215987056493759 0.00020516314543783665
0.49824535846710205 1.4647252559661865 0.08187181502580643 0.0003830624045804143
