0.5656235218048096 0.3700594902038574 -0.2832086682319641 0.9999837875366211
0.5762841701507568 0.35103583335876465 -0.25671881437301636 0.9999672174453735
0.5823160409927368 0.3527277708053589 -0.2567001283168793 0.9999765157699585
0.5871627926826477 0.3544797897338867 -0.25669974088668823 0.9999620914459229
0.5581601858139038 0.34740185737609863 -0.2657906711101532 0.9999655485153198
0.5512269735336304 0.34726619720458984 -0.2657718360424042 0.9999743700027466
0.545414924621582 0.34781962633132935 -0.26592469215393066 0.9999587535858154
0.5958539247512817 0.37182360887527466 -0.11577887833118439 0.9999618530273438
0.5378191471099854 0.3640258312225342 -0.15966564416885376 0.9999864101409912
0.5743111968040466 0.4020967185497284 -0.23153115808963776 0.9999921321868896
0.5512242913246155 0.4005829095840454 -0.24443450570106506 0.9999947547912598
0.6214399933815002 0.5270608067512512 -0.03870232030749321 0.9999827146530151
0.5000115036964417 0.5140289068222046 -0.10128986835479736 0.9999669790267944
0.6545436978340149 0.7288877964019775 -0.1574178785085678 0.9996322393417358
0.48178642988204956 0.7114356756210327 -0.13223588466644287 0.9964166879653931
0.6152821779251099 0.636646568775177 -0.4212741553783417 0.9995575547218323
0.5156216025352478 0.849385678768158 -0.2841200530529022 0.9936497807502747
0.5971948504447937 0.6161084771156311 -0.4787363111972809 0.9978440999984741
0.5189841389656067 0.9072101712226868 -0.3211461305618286 0.9803361296653748
0.5952386856079102 0.5843442678451538 -0.4566343426704407 0.9977559447288513
0.5376142859458923 0.8972727656364441 -0.33561277389526367 0.9824410080909729
0.6000625491142273 0.5892361998558044 -0.4180823266506195 0.9977321624755859
0.5372884273529053 0.8769762516021729 -0.2907712161540985 0.9854984283447266
0.6118437051773071 0.8370474576950073 0.021729726344347 0.999652624130249
0.5215185880661011 0.8460006713867188 -0.020569022744894028 0.9994908571243286
0.6130788922309875 1.10202956199646 0.05236528813838959 0.12269221246242523
0.5296430587768555 1.0932707786560059 -0.017522385343909264 0.06367316097021103
0.6168341040611267 1.3105064630508423 0.37097978591918945 0.00014508009189739823
0.5350456237792969 1.3086745738983154 0.2303575575351715 0.0002379579091211781
0.6202196478843689 1.3486827611923218 0.3967757523059845 0.0007110484293662012
0.5310613512992859 1.3510472774505615 0.24875617027282715 0.0004658562829717994
0.6065537929534912 1.3937937021255493 0.2616647481918335 0.00014100027328822762
0.5527288913726807 1.380961298942566 0.07807690650224686 0.00032777234446257353
