0.5703064203262329 0.36982250213623047 -0.22212901711463928 0.9999951124191284
0.5816794037818909 0.350023090839386 -0.19968128204345703 0.9999747276306152
0.5871167778968811 0.35142064094543457 -0.1996595710515976 0.9999867677688599
0.5920394659042358 0.3532472252845764 -0.199602872133255 0.9999667406082153
0.5626035928726196 0.34720343351364136 -0.20548026263713837 0.999980092048645
0.5559408664703369 0.34673839807510376 -0.20563045144081116 0.99998939037323
0.550582766532898 0.3468918204307556 -0.20578081905841827 0.9999781847000122
0.5997264385223389 0.3703557252883911 -0.08376011252403259 0.999977707862854
0.5432064533233643 0.36244210600852966 -0.11182168871164322 0.9999970197677612
0.5793351531028748 0.4011090099811554 -0.1791301667690277 0.9999921321868896
0.5561994314193726 0.397732675075531 -0.18807397782802582 0.9999966621398926
0.6202585697174072 0.5192849636077881 -0.028539638966321945 0.9999758005142212
0.5009764432907104 0.5103956460952759 -0.04953005537390709 0.9999761581420898
0.6555108428001404 0.7001039981842041 -0.19819261133670807 0.9999237060546875
0.4765397608280182 0.7022004127502441 -0.04744255170226097 0.9989224672317505
0.6097241640090942 0.5183196663856506 -0.4289723038673401 0.9999434947967529
0.5158770084381104 0.8541069030761719 -0.11373504996299744 0.9987310767173767
0.5896786451339722 0.46112996339797974 -0.47691935300827026 0.9996466636657715
0.5191735029220581 0.912714958190918 -0.12888184189796448 0.9948737025260925
0.5925548076629639 0.4458557367324829 -0.4331078827381134 0.9995749592781067
0.5383126735687256 0.9094694256782532 -0.1328607052564621 0.9952204823493958
0.593234658241272 0.46033674478530884 -0.4161888360977173 0.9996806383132935
0.5410318970680237 0.8896138072013855 -0.11335461586713791 0.9968727231025696
0.6088531613349915 0.8245277404785156 0.007945585995912552 0.9999821186065674
0.5227982997894287 0.8282958269119263 -0.00680295517668128 0.9999727010726929
0.6156348586082458 1.0654351711273193 -0.01800607517361641 0.19385364651679993
0.5270794630050659 1.0660966634750366 -0.008464327082037926 0.1888851821422577
0.6149706244468689 1.2710354328155518 0.30924972891807556 1.6577807400608435e-05
0.5329238772392273 1.2670994997024536 0.3140994608402252 8.275473373942077e-05
0.6194944977760315 1.310483455657959 0.3387564420700073 0.00011058332893298939
0.5287724137306213 1.3078871965408325 0.342373788356781 0.00026549899484962225
0.5984022617340088 1.3557645082473755 0.2259036898612976 1.5892348528723232e-05
0.5503875613212585 1.3405473232269287 0.20808526873588562 9.596871677786112e-05
