0.5566640496253967 0.3709300458431244 -0.3728507161140442 0.9999986886978149
0.5688279867172241 0.35019999742507935 -0.3468568027019501 0.9999891519546509
0.5746917128562927 0.35157066583633423 -0.34675416350364685 0.999995231628418
0.5798922181129456 0.3536592721939087 -0.3466792404651642 0.9999815225601196
0.5494199395179749 0.3473659157752991 -0.35653507709503174 0.9999909400939941
0.5433706641197205 0.34692782163619995 -0.35661303997039795 0.9999961853027344
0.5384725332260132 0.34678173065185547 -0.3567713797092438 0.999988317489624
0.5906458497047424 0.372697114944458 -0.2028578370809555 0.9999896287918091
0.5345672369003296 0.3620260953903198 -0.24791353940963745 0.9999988079071045
0.566178023815155 0.4044650197029114 -0.32009437680244446 0.9999977350234985
0.5436277389526367 0.4018402695655823 -0.33348971605300903 0.9999990463256836
0.6177243590354919 0.5262246131896973 -0.08370654284954071 0.999990701675415
0.49554795026779175 0.5170127153396606 -0.17777766287326813 0.9999880790710449
0.6842932105064392 0.6913607716560364 -0.17942829430103302 0.9999276399612427
0.47542673349380493 0.711245059967041 -0.22876828908920288 0.9995915293693542
0.6888049244880676 0.5672415494918823 -0.42560139298439026 0.9999332427978516
0.5162089467048645 0.8569029569625854 -0.40073588490486145 0.9996517896652222
0.6952943801879883 0.5158734321594238 -0.4725850820541382 0.9995113611221313
0.5195088982582092 0.9112613797187805 -0.42787185311317444 0.9982957243919373
0.6822629570960999 0.4996854364871979 -0.4470069110393524 0.9994899034500122
0.5403973460197449 0.9035135507583618 -0.43917492032051086 0.9984824061393738
0.6739949584007263 0.5177708864212036 -0.4198693037033081 0.9995554089546204
0.5409367680549622 0.8842757344245911 -0.4033828675746918 0.998761773109436
0.6076615452766418 0.8252195715904236 0.018471088260412216 0.999847412109375
0.52447509765625 0.8343065977096558 -0.017282875254750252 0.9998302459716797
0.6187519431114197 1.0669505596160889 -0.021330157294869423 0.05986524745821953
0.5289632678031921 1.0564513206481934 -0.08355080336332321 0.04606238752603531
0.6198132038116455 1.2670868635177612 0.29939115047454834 7.416660082526505e-06
0.5359042286872864 1.261481761932373 0.21975979208946228 2.336937905056402e-05
0.6249369978904724 1.305787205696106 0.32357215881347656 7.264663145178929e-05
0.5320155024528503 1.3070064783096313 0.2433316558599472 8.681126200826839e-05
0.60274338722229 1.3535264730453491 0.18781451880931854 7.023670150374528e-06
0.5534874796867371 1.3309450149536133 0.08483787626028061 4.676381649915129e-05
