0.5620653629302979 0.3770376741886139 -0.2905222773551941 0.9999825954437256
0.5738928318023682 0.3578997850418091 -0.26433125138282776 0.999893307685852
0.578455924987793 0.3594111204147339 -0.26425284147262573 0.9999368190765381
0.5830787420272827 0.36081063747406006 -0.2641994059085846 0.9998276233673096
0.5568773150444031 0.3555524945259094 -0.26972049474716187 0.999937891960144
0.5508706569671631 0.3552618622779846 -0.26975810527801514 0.9999685287475586
0.546203076839447 0.3549222946166992 -0.26994869112968445 0.9999402761459351
0.5908594131469727 0.37608855962753296 -0.12554410099983215 0.9998766183853149
0.5410678386688232 0.3673982620239258 -0.14989642798900604 0.9999904632568359
0.5702767968177795 0.4074038863182068 -0.2392466813325882 0.9999614953994751
0.5493990778923035 0.405152291059494 -0.24690444767475128 0.9999860525131226
0.6191017627716064 0.5135104656219482 -0.04676941782236099 0.9998549222946167
0.4980669617652893 0.5145435333251953 -0.0891987606883049 0.9999241828918457
0.6905550360679626 0.6286375522613525 -0.20241355895996094 0.9998432397842407
0.47720760107040405 0.7082531452178955 -0.12800194323062897 0.9981831908226013
0.6300657391548157 0.42226946353912354 -0.4131257236003876 0.9994841814041138
0.5162284970283508 0.8525161147117615 -0.25229141116142273 0.9975703358650208
0.6145190000534058 0.37017524242401123 -0.45729801058769226 0.9964694976806641
0.5195128321647644 0.9080578088760376 -0.27462199330329895 0.9898281097412109
0.6104214191436768 0.37086302042007446 -0.412638396024704 0.9960363507270813
0.5385298132896423 0.898938775062561 -0.28257447481155396 0.9908977150917053
0.61160808801651 0.3930012583732605 -0.39991188049316406 0.9967902302742004
0.5387153625488281 0.8789211511611938 -0.2541806697845459 0.9926702976226807
0.6115113496780396 0.8289907574653625 0.008769765496253967 0.9998512268066406
0.525363564491272 0.8390259742736816 -0.0077308001928031445 0.999833345413208
0.6224495768547058 1.0802772045135498 -0.05485912039875984 0.22377359867095947
0.5275241136550903 1.0754482746124268 -0.06580387055873871 0.2070232331752777
0.6211569905281067 1.2759499549865723 0.2989320158958435 5.199860970606096e-05
0.5351167917251587 1.2739955186843872 0.26020464301109314 0.00017729453975334764
0.6248384118080139 1.3118408918380737 0.32900169491767883 0.0002748592523857951
0.5324756503105164 1.3153914213180542 0.28829336166381836 0.0005729377153329551
0.6061379909515381 1.3665742874145508 0.20126256346702576 3.922282121493481e-05
0.5482250452041626 1.3494738340377808 0.1432383507490158 0.00018539660959504545
