0.5599998235702515 0.3791094720363617 -0.2815695106983185 0.999991774559021
0.5726513266563416 0.3594735860824585 -0.2552952468395233 0.9999465942382812
0.5773515105247498 0.3607754111289978 -0.25521978735923767 0.999961256980896
0.581990122795105 0.3618702292442322 -0.2551732659339905 0.9999052286148071
0.5537554621696472 0.35772383213043213 -0.26158905029296875 0.9999731779098511
0.5482887625694275 0.3577271103858948 -0.261647492647171 0.9999853372573853
0.5441632866859436 0.35715800523757935 -0.2618333697319031 0.999975323677063
0.5898555517196655 0.37645965814590454 -0.11693041771650314 0.9999275207519531
0.5397430658340454 0.36821845173835754 -0.14466145634651184 0.9999955892562866
0.5695626139640808 0.40732669830322266 -0.23059000074863434 0.9999865293502808
0.5477007627487183 0.40506434440612793 -0.23935285210609436 0.999995231628418
0.6171476244926453 0.5108392834663391 -0.03522622957825661 0.9998462200164795
0.49757903814315796 0.5152181386947632 -0.09021671116352081 0.999941349029541
0.685623288154602 0.6252055168151855 -0.18147410452365875 0.9995570778846741
0.4765353500843048 0.7056788206100464 -0.134318545460701 0.9980493783950806
0.6244956851005554 0.4299106299877167 -0.389504075050354 0.9985024929046631
0.5183641910552979 0.855759859085083 -0.2571398615837097 0.9960604310035706
0.61070317029953 0.38073357939720154 -0.43340736627578735 0.9898287653923035
0.5232545733451843 0.909468412399292 -0.2803798317909241 0.9837205410003662
0.6064048409461975 0.38163670897483826 -0.38812845945358276 0.9882649183273315
0.5417090058326721 0.9034876823425293 -0.2875509262084961 0.9851195216178894
0.6065881848335266 0.40226486325263977 -0.37606361508369446 0.9906800389289856
0.5424967408180237 0.8839095234870911 -0.25860360264778137 0.98745197057724
0.6097169518470764 0.8248926401138306 0.008020629175007343 0.9998065829277039
0.5254788398742676 0.8352164030075073 -0.0069907051511108875 0.9997547268867493
0.6196926236152649 1.0696183443069458 -0.10137312114238739 0.3356326222419739
0.5276637673377991 1.066269874572754 -0.008426039479672909 0.2508730888366699
0.6208410859107971 1.260042667388916 0.22952230274677277 0.00016153085744008422
0.5402773022651672 1.2601460218429565 0.3156734108924866 0.0004996060160920024
0.6233088970184326 1.2966814041137695 0.2571530342102051 0.0006104011554270983
0.5382698178291321 1.3004331588745117 0.34371480345726013 0.0012594974832609296
0.607237696647644 1.3489412069320679 0.12351656705141068 9.344056888949126e-05
0.554381251335144 1.3380918502807617 0.20071716606616974 0.0004498607886489481
