0.5596351623535156 0.3778100311756134 -0.2686891257762909 0.999992847442627
0.5712470412254333 0.35732078552246094 -0.24116407334804535 0.9999668598175049
0.5764510631561279 0.3578968048095703 -0.2411072850227356 0.9999754428863525
0.5803722143173218 0.35879749059677124 -0.24104087054729462 0.9999483823776245
0.5533599853515625 0.3572477698326111 -0.2478540986776352 0.999980092048645
0.5478374361991882 0.35769790410995483 -0.24792064726352692 0.999988317489624
0.5438871383666992 0.3577972650527954 -0.24809280037879944 0.9999822378158569
0.5874265432357788 0.3729073405265808 -0.09947693347930908 0.9999579191207886
0.5384833812713623 0.37005823850631714 -0.12898530066013336 0.9999960660934448
0.5698148012161255 0.4051551818847656 -0.21679304540157318 0.9999889135360718
0.5478213429450989 0.40285393595695496 -0.22614899277687073 0.9999955892562866
0.6175654530525208 0.5105674266815186 -0.025052834302186966 0.9999301433563232
0.49715593457221985 0.5153198838233948 -0.06925329566001892 0.9999462366104126
0.6856041550636292 0.624828577041626 -0.1794479638338089 0.9997894167900085
0.47578269243240356 0.7089636325836182 -0.09572771191596985 0.9983332753181458
0.6264349222183228 0.43324780464172363 -0.3931824862957001 0.9992824196815491
0.5177169442176819 0.855391800403595 -0.20754022896289825 0.9959445595741272
0.6145810484886169 0.3872561454772949 -0.43899059295654297 0.9944836497306824
0.5226262211799622 0.9091536998748779 -0.22952499985694885 0.9844187498092651
0.6090973615646362 0.38497394323349 -0.3937824070453644 0.993429958820343
0.5407336354255676 0.9012101292610168 -0.23793098330497742 0.9856854677200317
0.6088855266571045 0.4037712812423706 -0.38008108735084534 0.9947838187217712
0.5413302183151245 0.8805954456329346 -0.20930542051792145 0.9883688688278198
0.6101370453834534 0.8283085227012634 0.004759162664413452 0.9998249411582947
0.5252609252929688 0.8407732844352722 -0.003668441204354167 0.9997404217720032
0.6222026348114014 1.0781270265579224 -0.07862073928117752 0.24004943668842316
0.533152163028717 1.0767498016357422 -0.018083149567246437 0.17548683285713196
0.6265876293182373 1.2764325141906738 0.24174253642559052 0.00012113588309148327
0.5453810095787048 1.2750829458236694 0.2766062915325165 0.0003454573161434382
0.6301409602165222 1.3125262260437012 0.2685435116291046 0.000459138274891302
0.5420984029769897 1.3130180835723877 0.3020224869251251 0.0008938313694670796
0.6132696270942688 1.3642597198486328 0.13487711548805237 8.766059909248725e-05
0.5655947327613831 1.3535181283950806 0.15564018487930298 0.00037572215660475194
