0.5581557154655457 0.37816736102104187 -0.30239543318748474 0.9999974966049194
0.5698248147964478 0.3583890497684479 -0.27568212151527405 0.9999798536300659
0.5750966668128967 0.359317809343338 -0.2756408154964447 0.9999903440475464
0.5798434615135193 0.3603872060775757 -0.27559664845466614 0.9999655485153198
0.5515740513801575 0.35582852363586426 -0.283793568611145 0.9999855756759644
0.5455447435379028 0.3554549813270569 -0.2839146554470062 0.9999939203262329
0.5401483774185181 0.3554062843322754 -0.28408002853393555 0.999983549118042
0.5872587561607361 0.3729618489742279 -0.12865765392780304 0.9999818801879883
0.5351873636245728 0.3692948520183563 -0.16669264435768127 0.9999980926513672
0.5671298503875732 0.40770310163497925 -0.2471742182970047 0.9999915361404419
0.5457649827003479 0.40506288409233093 -0.2587822675704956 0.999996542930603
0.614429771900177 0.5164665579795837 -0.03171957656741142 0.9999656677246094
0.4950210452079773 0.5161581039428711 -0.09960891306400299 0.9999537467956543
0.6839575171470642 0.6394137144088745 -0.16682523488998413 0.9998971223831177
0.4762697219848633 0.7089293003082275 -0.15655334293842316 0.998885452747345
0.6472967267036438 0.45084869861602783 -0.39266014099121094 0.9998635053634644
0.5171140432357788 0.8520228862762451 -0.31011390686035156 0.9986322522163391
0.644906222820282 0.4011577367782593 -0.44088584184646606 0.999188244342804
0.5211997628211975 0.9070058465003967 -0.3368348777294159 0.9951069355010986
0.6376088857650757 0.3911655843257904 -0.40432479977607727 0.9991289973258972
0.5405121445655823 0.9026460647583008 -0.34630340337753296 0.9955269694328308
0.6349648833274841 0.40967440605163574 -0.3829062283039093 0.9992164373397827
0.5420146584510803 0.882138729095459 -0.3124701678752899 0.9962605834007263
0.6067834496498108 0.8220484256744385 0.006890368182212114 0.9998979568481445
0.5234315991401672 0.8313210606575012 -0.005943875294178724 0.9998817443847656
0.6239248514175415 1.0612350702285767 -0.10536006093025208 0.3347565233707428
0.522960901260376 1.055834174156189 -0.10478415340185165 0.377908319234848
0.6200723052024841 1.2529752254486084 0.23305223882198334 0.00013724308519158512
0.5429546236991882 1.2463548183441162 0.23158478736877441 0.0004082711529918015
0.6225342154502869 1.2870627641677856 0.2619006633758545 0.000916149583645165
0.5427649617195129 1.2833597660064697 0.2612227201461792 0.0019288355251774192
0.6069940328598022 1.3425838947296143 0.14020420610904694 7.983782415976748e-05
0.5546149611473083 1.3224693536758423 0.13255150616168976 0.00035502732498571277
