0.5360350012779236 0.41145867109298706 -0.5064539313316345 0.9999902248382568
0.5408228635787964 0.3908265233039856 -0.48014184832572937 0.9999572038650513
0.5442675948143005 0.39201390743255615 -0.4801517724990845 0.999977707862854
0.5480228662490845 0.3934980034828186 -0.48026391863822937 0.9999570846557617
0.5277461409568787 0.38815248012542725 -0.48709574341773987 0.9999517202377319
0.5215640664100647 0.3875740170478821 -0.48715969920158386 0.9999649524688721
0.5158064365386963 0.38779133558273315 -0.48731184005737305 0.9999226331710815
0.5510177612304688 0.4060044288635254 -0.3065243065357208 0.9999737739562988
0.5032665729522705 0.4015706777572632 -0.3410773277282715 0.9999847412109375
0.5412164926528931 0.43908339738845825 -0.4395809769630432 0.9999927282333374
0.5230349898338318 0.43740788102149963 -0.4502932131290436 0.9999942779541016
0.5889596343040466 0.5461502075195312 -0.20507940649986267 0.9999805688858032
0.4509933888912201 0.550385057926178 -0.17322303354740143 0.9998835325241089
0.6501978039741516 0.661309540271759 -0.3917202055454254 0.9993619322776794
0.4123377203941345 0.7432587742805481 -0.08494745939970016 0.9919945001602173
0.6014488339424133 0.4906691312789917 -0.7164390683174133 0.9978994131088257
0.3976956009864807 0.9180519580841064 -0.15071406960487366 0.9624704718589783
0.5948697328567505 0.44564762711524963 -0.7795432806015015 0.9885197281837463
0.3810630440711975 0.9782605171203613 -0.15860314667224884 0.8814277648925781
0.5883613228797913 0.4370884597301483 -0.7485927939414978 0.9881934523582458
0.39451688528060913 0.9846814274787903 -0.19672425091266632 0.8981247544288635
0.5852370858192444 0.45005685091018677 -0.7101784944534302 0.9843662977218628
0.4017734229564667 0.9676384925842285 -0.16424259543418884 0.9028822183609009
0.5773282647132874 0.8633401393890381 -0.005297715310007334 0.9979909658432007
0.4860258102416992 0.8822226524353027 0.005895236972719431 0.9967053532600403
0.5977542400360107 1.1114592552185059 -0.2607978582382202 0.8896711468696594
0.4696454405784607 1.12581467628479 -0.1656145453453064 0.8719016909599304
0.5975874662399292 1.3244271278381348 0.10893971472978592 0.04506922885775566
0.4782300889492035 1.3509283065795898 0.17066042125225067 0.09832020848989487
0.5966162085533142 1.360094666481018 0.13950327038764954 0.09206049889326096
0.4796749949455261 1.3893334865570068 0.1966470181941986 0.1372905820608139
0.5913087129592896 1.4163453578948975 -0.031588226556777954 0.019750284031033516
0.48379382491111755 1.433042049407959 0.015323726460337639 0.03781038150191307
