0.5429764986038208 0.3770696520805359 -0.6229239702224731 0.9999306201934814
0.5516002774238586 0.3476111888885498 -0.6009318828582764 0.9999293088912964
0.5556490421295166 0.34702134132385254 -0.6009666919708252 0.9999465942382812
0.5606986880302429 0.3467121124267578 -0.6013050675392151 0.9999363422393799
0.533101499080658 0.3474113941192627 -0.6050901412963867 0.9999194145202637
0.525260865688324 0.3471835255622864 -0.6051862239837646 0.999925971031189
0.5183265805244446 0.3476639986038208 -0.6052607297897339 0.9999018907546997
0.5658921003341675 0.3565911650657654 -0.4280174970626831 0.9999580383300781
0.5081918835639954 0.3594404458999634 -0.4462986886501312 0.9999494552612305
0.5515303015708923 0.40852025151252747 -0.5541340708732605 0.9999749660491943
0.5307281613349915 0.40887582302093506 -0.559583306312561 0.9999768733978271
0.6032753586769104 0.48590087890625 -0.3193844258785248 0.9999465942382812
0.4612492620944977 0.49168989062309265 -0.3287104666233063 0.9998295307159424
0.6370816826820374 0.6995953917503357 -0.549683153629303 0.9972963929176331
0.4344443678855896 0.6879705190658569 -0.6022522449493408 0.9933979511260986
0.5865595936775208 0.5718110799789429 -0.8867443203926086 0.997098445892334
0.5056230425834656 0.5613356828689575 -0.9437824487686157 0.996832549571991
0.5774350762367249 0.5306172370910645 -0.9601814150810242 0.990275502204895
0.5197892189025879 0.5224673748016357 -1.0079450607299805 0.9871988892555237
0.5775232315063477 0.5049766302108765 -0.9201573729515076 0.9899402260780334
0.5185767412185669 0.4951401948928833 -0.973209798336029 0.9844787120819092
0.5768039226531982 0.5160040855407715 -0.8769269585609436 0.9816530346870422
0.5167085528373718 0.5076557397842407 -0.9348899722099304 0.9754133224487305
0.5903096795082092 0.8046651482582092 0.0028185418341308832 0.9808799624443054
0.4874575734138489 0.81988525390625 -0.002357835415750742 0.9840099215507507
0.687714695930481 0.9799376130104065 -0.33948394656181335 0.947018027305603
0.4312036633491516 1.0268373489379883 -0.3192872703075409 0.9174323678016663
0.6133571267127991 1.240208387374878 -0.014051707461476326 0.14680038392543793
0.47683313488960266 1.2770917415618896 0.0013737871777266264 0.10002259910106659
0.5989099144935608 1.261500358581543 0.013362562283873558 0.13080647587776184
0.4833499491214752 1.3081047534942627 0.028655510395765305 0.06327256560325623
0.6067929863929749 1.346289873123169 -0.11906756460666656 0.05011606216430664
0.48082321882247925 1.3638094663619995 -0.10743167996406555 0.03576168045401573
