0.5354627966880798 0.34346187114715576 -0.2139335423707962 0.9997465014457703
0.5439748167991638 0.32069867849349976 -0.18780669569969177 0.9997321963310242
0.5483651757240295 0.32121074199676514 -0.1877397894859314 0.9997066855430603
0.5521880388259888 0.32171058654785156 -0.18777070939540863 0.9997660517692566
0.5262341499328613 0.31993818283081055 -0.19028568267822266 0.9996967315673828
0.5199049711227417 0.3199089765548706 -0.19034403562545776 0.9996465444564819
0.5145352482795715 0.3199293613433838 -0.19046904146671295 0.999729573726654
0.5592564344406128 0.33632028102874756 -0.04902586713433266 0.9997430443763733
0.5065232515335083 0.3354235291481018 -0.058203693479299545 0.9997313618659973
0.5455493927001953 0.3745856285095215 -0.1631608009338379 0.999800980091095
0.5241089463233948 0.3749985992908478 -0.16635583341121674 0.9997748732566833
0.6016613841056824 0.4906744062900543 -0.01061492320150137 0.9997060894966125
0.4626305401325226 0.4885014295578003 -0.027880948036909103 0.9994981288909912
0.6284489035606384 0.6859696507453918 -0.19705869257450104 0.9965378046035767
0.43241655826568604 0.6689695119857788 -0.2451627552509308 0.9984361529350281
0.5643645524978638 0.5212020874023438 -0.4028831124305725 0.9966064691543579
0.5144842863082886 0.5458265542984009 -0.4313455820083618 0.998661994934082
0.5556243062019348 0.44962844252586365 -0.4490548074245453 0.9830256104469299
0.5303456783294678 0.4998648166656494 -0.47712263464927673 0.9908894896507263
0.555737316608429 0.4413585662841797 -0.4094432294368744 0.9796262383460999
0.5269544124603271 0.48501303791999817 -0.42955198884010315 0.9886975288391113
0.5555607080459595 0.46537312865257263 -0.391791969537735 0.9827306866645813
0.5264498591423035 0.5009168386459351 -0.41725102066993713 0.9890129566192627
0.5898614525794983 0.8265377879142761 0.007195750251412392 0.9995899796485901
0.4836686849594116 0.8382278680801392 -0.005977272056043148 0.9994383454322815
0.5924895405769348 1.1178748607635498 0.0008728484390303493 0.20749680697917938
0.4800955057144165 1.1219335794448853 0.09593863785266876 0.2076459527015686
0.5933271646499634 1.3559216260910034 0.3604441285133362 0.00043641551746986806
0.4823278784751892 1.3664796352386475 0.38079148530960083 0.0014079991960898042
0.5952115654945374 1.397904872894287 0.39299285411834717 0.0015375284710898995
0.4801770746707916 1.409318447113037 0.40552952885627747 0.0010116309858858585
0.5833488702774048 1.4492321014404297 0.247646763920784 0.0004493486776482314
0.4944327473640442 1.4573948383331299 0.23915715515613556 0.0011590442154556513
