0.5390615463256836 0.34221571683883667 -0.16463777422904968 0.9994118213653564
0.5468530654907227 0.31872838735580444 -0.13935314118862152 0.9992621541023254
0.5504912734031677 0.31921571493148804 -0.13941502571105957 0.9994199275970459
0.5547024607658386 0.31976819038391113 -0.1394968330860138 0.9994431138038635
0.5301299691200256 0.31810349225997925 -0.1428617686033249 0.9990423321723938
0.5229069590568542 0.31807661056518555 -0.1430211216211319 0.9991745352745056
0.517065167427063 0.3183634877204895 -0.14320507645606995 0.9991576671600342
0.5601720213890076 0.3345494270324707 -0.003547027939930558 0.9994640946388245
0.5062339901924133 0.3322848081588745 -0.01945977471768856 0.9992347955703735
0.5475522875785828 0.3740154504776001 -0.11337528377771378 0.9992340803146362
0.5262365341186523 0.37416934967041016 -0.1186780259013176 0.9987505674362183
0.6022756099700928 0.4878212809562683 0.02102877013385296 0.9995808005332947
0.45914486050605774 0.48516833782196045 0.009646410122513771 0.9991791844367981
0.623643696308136 0.6817540526390076 -0.19089026749134064 0.9966589212417603
0.4487810730934143 0.6725543737411499 -0.2177794873714447 0.9960334897041321
0.5652931332588196 0.5330266952514648 -0.45557987689971924 0.9972972273826599
0.5282887816429138 0.5376613140106201 -0.4377919137477875 0.9992527365684509
0.5561524629592896 0.48334774374961853 -0.5043963193893433 0.9909666776657104
0.539935827255249 0.4954128563404083 -0.4826200604438782 0.9962659478187561
0.556291401386261 0.4664190411567688 -0.4658683240413666 0.9901873469352722
0.5348840355873108 0.475334495306015 -0.4396345913410187 0.9956434965133667
0.5559249520301819 0.4864618480205536 -0.44495898485183716 0.9915930032730103
0.5335245728492737 0.4976147711277008 -0.4249713122844696 0.9956532716751099
0.5915178656578064 0.8308196067810059 0.005313660483807325 0.9997143149375916
0.48376065492630005 0.842627763748169 -0.004386330954730511 0.9995651841163635
0.5955097675323486 1.1296160221099854 -0.0318446159362793 0.2691735029220581
0.47155776619911194 1.124168038368225 0.05529661849141121 0.30244898796081543
0.598056972026825 1.3804954290390015 0.32819831371307373 0.00029803317738696933
0.4715704619884491 1.3816722631454468 0.33658742904663086 0.0011940781259909272
0.6005022525787354 1.4233486652374268 0.3627721071243286 0.0011108646867796779
0.46840041875839233 1.4259817600250244 0.3616591989994049 0.0008622318273410201
0.5887934565544128 1.4737181663513184 0.2308725267648697 0.00024154486891347915
0.4878785014152527 1.4714288711547852 0.20050416886806488 0.0006952509866096079
