0.538814127445221 0.34283584356307983 -0.23498398065567017 0.9993652701377869
0.5466797351837158 0.32196468114852905 -0.2122313231229782 0.9991862177848816
0.5501287579536438 0.3223339319229126 -0.21233771741390228 0.999536395072937
0.5540595650672913 0.3233482241630554 -0.21240855753421783 0.9992244243621826
0.5302415490150452 0.32041454315185547 -0.21523766219615936 0.9988911747932434
0.5227718353271484 0.3202253580093384 -0.21547573804855347 0.9993517994880676
0.5175371766090393 0.3209487199783325 -0.21560432016849518 0.9989351630210876
0.5593076348304749 0.3350745439529419 -0.0781070664525032 0.9996662139892578
0.5074155330657959 0.3327888250350952 -0.0920589342713356 0.9995357990264893
0.5467979907989502 0.3741087317466736 -0.18330787122249603 0.9992584586143494
0.5266996026039124 0.3729938268661499 -0.18775321543216705 0.9989162683486938
0.6028808951377869 0.49220579862594604 -0.026996634900569916 0.9997146725654602
0.46160203218460083 0.4877695143222809 -0.04155544191598892 0.9992222785949707
0.6219505667686462 0.6890209913253784 -0.18291746079921722 0.9992930889129639
0.4491150975227356 0.6788749694824219 -0.2431386560201645 0.9987269043922424
0.5679279565811157 0.5322035551071167 -0.4105927050113678 0.9992755055427551
0.517879843711853 0.5695611238479614 -0.48332053422927856 0.9997005462646484
0.5609075427055359 0.47648048400878906 -0.4581201672554016 0.9982762336730957
0.53350830078125 0.5289760828018188 -0.5301163196563721 0.9986384510993958
0.5606969594955444 0.46046900749206543 -0.42310747504234314 0.9981847405433655
0.5289601683616638 0.5061353445053101 -0.4956161081790924 0.9984493255615234
0.5599843263626099 0.4785960912704468 -0.40015771985054016 0.9984801411628723
0.5272467732429504 0.5207910537719727 -0.4737025499343872 0.9985669255256653
0.5895702242851257 0.8269227147102356 0.006419867277145386 0.9999563694000244
0.4844595193862915 0.8360518217086792 -0.00580653827637434 0.999901533126831
0.6114450097084045 1.1023566722869873 -0.05381779745221138 0.7434278726577759
0.4842418134212494 1.1246895790100098 0.011762802489101887 0.7403416037559509
0.6118448376655579 1.3371660709381104 0.4006592929363251 0.0005713546415790915
0.4758167862892151 1.3318039178848267 0.4004018008708954 0.0014355513267219067
0.613901674747467 1.3727012872695923 0.44634494185447693 0.00197792099788785
0.4711754620075226 1.3689870834350586 0.44022613763809204 0.0028920576442033052
0.6038291454315186 1.431176781654358 0.35586482286453247 0.00018785079009830952
0.4863366186618805 1.4071279764175415 0.33077290654182434 0.0005329554551281035
