0.545148491859436 0.3715651035308838 -0.3637646436691284 0.9994099140167236
0.550899088382721 0.3503963351249695 -0.33829477429389954 0.9995984435081482
0.5545473098754883 0.3515598177909851 -0.33839651942253113 0.9995180368423462
0.5590677261352539 0.3527625799179077 -0.338582843542099 0.9995625615119934
0.5350838303565979 0.3469669818878174 -0.34302079677581787 0.9996803998947144
0.5282209515571594 0.3465181589126587 -0.3430236876010895 0.999613344669342
0.5214574337005615 0.3467174172401428 -0.3431100845336914 0.999664306640625
0.5628911852836609 0.36461141705513 -0.18710722029209137 0.9995923638343811
0.5090530514717102 0.3591266870498657 -0.2072887271642685 0.999678373336792
0.5506393909454346 0.4025154113769531 -0.30575031042099 0.9998465776443481
0.530819296836853 0.40094316005706787 -0.3117981255054474 0.9998795986175537
0.6036773920059204 0.4998197853565216 -0.11452095955610275 0.9996287822723389
0.46159255504608154 0.4998895823955536 -0.1455240547657013 0.999536395072937
0.641534149646759 0.6878983974456787 -0.23427070677280426 0.9918879866600037
0.43633678555488586 0.6810441017150879 -0.3022923469543457 0.9875437021255493
0.5586803555488586 0.6283066272735596 -0.5013237595558167 0.9746579527854919
0.5339025855064392 0.6302261352539062 -0.5272170305252075 0.9824864864349365
0.5436905026435852 0.5927958488464355 -0.5502973198890686 0.938347578048706
0.5506884455680847 0.5946743488311768 -0.5716809034347534 0.9509953260421753
0.5441958904266357 0.5681111812591553 -0.5262653827667236 0.9323758482933044
0.5462568998336792 0.5740721225738525 -0.546654999256134 0.9419770240783691
0.5468415021896362 0.5760526657104492 -0.49341878294944763 0.9006743431091309
0.5419868230819702 0.5829464793205261 -0.5176510810852051 0.9213916063308716
0.5886335372924805 0.8085110187530518 0.013059132732450962 0.9909453392028809
0.48988351225852966 0.81791752576828 -0.013011292554438114 0.9895583391189575
0.6839531064033508 0.9777024984359741 -0.1788061261177063 0.9603865742683411
0.4326910972595215 1.0131993293762207 -0.18539701402187347 0.9329018592834473
0.5983293056488037 0.9684674143791199 0.2162189781665802 0.09277414530515671
0.48585325479507446 0.9842767715454102 0.15777923166751862 0.06399023532867432
0.5821973085403442 0.9404053092002869 0.2617364823818207 0.08000240474939346
0.4946519136428833 0.9714699983596802 0.19828581809997559 0.06187527999281883
0.5741841197013855 1.0207427740097046 0.25405576825141907 0.05306350439786911
0.49538373947143555 1.0020047426223755 0.17522819340229034 0.032024137675762177
