0.5468129515647888 0.363436758518219 -0.2259439080953598 0.9942421317100525
0.5523317456245422 0.34154266119003296 -0.19446077942848206 0.9968665242195129
0.5555562973022461 0.3428853750228882 -0.19464926421642303 0.996683657169342
0.5596944093704224 0.34431105852127075 -0.19490236043930054 0.9972695708274841
0.5375841856002808 0.3391381502151489 -0.19856080412864685 0.9967466592788696
0.5302666425704956 0.33925575017929077 -0.19849492609500885 0.9958908557891846
0.5229945778846741 0.33991867303848267 -0.1986050009727478 0.9962263107299805
0.5632266998291016 0.3607092499732971 -0.043163545429706573 0.9965342283248901
0.5105510950088501 0.35650718212127686 -0.059966184198856354 0.9948073029518127
0.5527336597442627 0.39590805768966675 -0.17022046446800232 0.997666597366333
0.5320594310760498 0.3950986862182617 -0.17546483874320984 0.9973005652427673
0.6030304431915283 0.5012562274932861 -0.008789684623479843 0.9981446266174316
0.46615302562713623 0.4956835210323334 -0.04075746238231659 0.9961186647415161
0.6340678334236145 0.6794229745864868 -0.16475437581539154 0.972087562084198
0.44856420159339905 0.6572466492652893 -0.2367665022611618 0.951472282409668
0.558555543422699 0.5631106495857239 -0.4027903974056244 0.9610839486122131
0.541188657283783 0.5531759262084961 -0.4513329267501831 0.9626646637916565
0.5466307401657104 0.5172890424728394 -0.4520062804222107 0.9224258661270142
0.5545424222946167 0.5119447708129883 -0.49991264939308167 0.9074639081954956
0.5487216114997864 0.500565767288208 -0.425187885761261 0.9164032936096191
0.5505341291427612 0.49650371074676514 -0.47064340114593506 0.8917655944824219
0.5503341555595398 0.5136831402778625 -0.39506420493125916 0.8835296034812927
0.5469717383384705 0.5111199021339417 -0.4423675835132599 0.8669296503067017
0.5905279517173767 0.8143118619918823 0.014955291524529457 0.9935047626495361
0.4890356659889221 0.8262102007865906 -0.01487309392541647 0.9874107241630554
0.6858239769935608 0.9713939428329468 -0.14025340974330902 0.962641716003418
0.4190217852592468 1.0202726125717163 -0.14420922100543976 0.9095445275306702
0.6294727325439453 0.9944175481796265 0.28206124901771545 0.10389301925897598
0.47239577770233154 0.9926664233207703 0.2500457167625427 0.0356975756585598
0.6146891117095947 0.9736957550048828 0.3310302495956421 0.06927425414323807
0.48181936144828796 0.9822171926498413 0.2972503900527954 0.03334760293364525
0.6169911623001099 1.0540566444396973 0.33206644654273987 0.04806634783744812
0.47421759366989136 1.009949803352356 0.2916059195995331 0.017288919538259506
