0.5429467558860779 0.36631667613983154 -0.26749542355537415 0.9978166818618774
0.5506673455238342 0.3436795473098755 -0.24178041517734528 0.9986361861228943
0.5541493892669678 0.34503453969955444 -0.24190010130405426 0.9983797073364258
0.5581177473068237 0.34640002250671387 -0.24210314452648163 0.998760461807251
0.5342851281166077 0.34163904190063477 -0.24476076662540436 0.9988372921943665
0.5269071459770203 0.34164243936538696 -0.2447144240140915 0.9984416365623474
0.5203858017921448 0.3421952724456787 -0.24484695494174957 0.998729407787323
0.5639733076095581 0.35912907123565674 -0.10465804487466812 0.9978910088539124
0.5097023248672485 0.3565371036529541 -0.11612217128276825 0.9979280233383179
0.5503572821617126 0.39474108815193176 -0.21549756824970245 0.9988245368003845
0.5295253396034241 0.39436280727386475 -0.21919922530651093 0.9988659620285034
0.6066427826881409 0.4964464604854584 -0.069508858025074 0.9990622401237488
0.46629762649536133 0.4899304509162903 -0.09451284259557724 0.9990054965019226
0.634787917137146 0.6840465068817139 -0.20313800871372223 0.9746158123016357
0.450290709733963 0.6623029708862305 -0.2616788148880005 0.9639660716056824
0.5583718419075012 0.5924632549285889 -0.4231516718864441 0.9640531539916992
0.5387333035469055 0.5844200253486633 -0.4433247447013855 0.9684935808181763
0.5422884225845337 0.5560224652290344 -0.4659418761730194 0.9295299649238586
0.5518787503242493 0.5546050071716309 -0.48380857706069946 0.9210586547851562
0.5436736345291138 0.5329004526138306 -0.4446953237056732 0.9246771335601807
0.5474427342414856 0.5345159769058228 -0.4589768052101135 0.9093846678733826
0.547046422958374 0.5426169633865356 -0.4163956642150879 0.8960707783699036
0.5440581440925598 0.5433046817779541 -0.4344775974750519 0.890713632106781
0.5922667980194092 0.8093509674072266 0.010635771788656712 0.9954207539558411
0.49009212851524353 0.8133316040039062 -0.010696807876229286 0.9947983026504517
0.6856775879859924 0.9716196656227112 -0.10353410243988037 0.9435064196586609
0.4225463569164276 1.0067933797836304 -0.1196136549115181 0.8857650756835938
0.6128706336021423 0.9307769536972046 0.31154510378837585 0.04198513180017471
0.47550028562545776 0.9591715335845947 0.2644670903682709 0.023284005001187325
0.5974177718162537 0.8981329798698425 0.3614658713340759 0.03219446539878845
0.4828914403915405 0.9423906803131104 0.31244122982025146 0.023067757487297058
0.5954970121383667 0.9769414663314819 0.3945391774177551 0.024481793865561485
0.48061710596084595 0.9732683897018433 0.33374151587486267 0.014472010545432568
