0.5452789068222046 0.3642829954624176 -0.2617688775062561 0.9999264478683472
0.550728440284729 0.3426303267478943 -0.23135726153850555 0.9999542236328125
0.5559305548667908 0.34428101778030396 -0.23146529495716095 0.9999508857727051
0.5601248145103455 0.3462147116661072 -0.231685608625412 0.9999529123306274
0.5354213118553162 0.3401985764503479 -0.2366887629032135 0.9999532699584961
0.528619647026062 0.34088224172592163 -0.23666954040527344 0.9999470710754395
0.521731972694397 0.3422071933746338 -0.23676170408725739 0.9999510049819946
0.5638771653175354 0.3613217771053314 -0.06761589646339417 0.9999756813049316
0.5088590979576111 0.36014524102211 -0.09133653342723846 0.9999788999557495
0.5519648194313049 0.39583826065063477 -0.20039400458335876 0.9999814033508301
0.5331538915634155 0.3945115804672241 -0.20729802548885345 0.9999867677688599
0.6041417717933655 0.5070792436599731 0.003092273836955428 0.9999076128005981
0.4647962749004364 0.5000050067901611 -0.03733621910214424 0.9998353719711304
0.634694516658783 0.6899605989456177 -0.12854060530662537 0.9754355549812317
0.4400830566883087 0.6730836629867554 -0.21262672543525696 0.988899827003479
0.5708601474761963 0.68895423412323 -0.4111315608024597 0.9139745235443115
0.5206503868103027 0.7002415060997009 -0.44753298163414 0.9469419121742249
0.552454948425293 0.6921816468238831 -0.4809539020061493 0.8375031352043152
0.5440698266029358 0.6954807043075562 -0.5027308464050293 0.8775779604911804
0.5484932065010071 0.6696181297302246 -0.4640057682991028 0.8414776921272278
0.5449436902999878 0.6743590831756592 -0.49207863211631775 0.8724912405014038
0.5536534786224365 0.6626673936843872 -0.4099665582180023 0.7908217906951904
0.5393593907356262 0.6735862493515015 -0.44564300775527954 0.8406794667243958
0.5919639468193054 0.8149067163467407 0.01189371757209301 0.9962728023529053
0.490133672952652 0.8227301239967346 -0.011438130401074886 0.9934572577476501
0.684082567691803 0.965316653251648 -0.34784629940986633 0.9634745717048645
0.4421425461769104 1.0198966264724731 -0.18712331354618073 0.9264165163040161
0.6345779299736023 1.2498000860214233 -0.10965418815612793 0.6558234691619873
0.4907665550708771 1.2779301404953003 0.04412076994776726 0.4221329092979431
0.61786288022995 1.281247854232788 -0.09068790823221207 0.5679535269737244
0.5005762577056885 1.3067538738250732 0.06183680519461632 0.24726815521717072
0.6536641716957092 1.3430118560791016 -0.24370631575584412 0.3756393492221832
0.484771728515625 1.3627238273620605 -0.08057286590337753 0.14393837749958038
