0.5439835786819458 0.37542101740837097 -0.4160766899585724 0.999996542930603
0.5504122376441956 0.35339367389678955 -0.3894345462322235 0.9999972581863403
0.5552886128425598 0.3544042706489563 -0.3895183205604553 0.9999973773956299
0.5596116185188293 0.35557234287261963 -0.3897639811038971 0.9999969005584717
0.5340095162391663 0.3503730297088623 -0.39475706219673157 0.9999973773956299
0.5268846154212952 0.35029137134552 -0.3947787284851074 0.9999972581863403
0.5202596783638 0.35092002153396606 -0.39484745264053345 0.9999969005584717
0.5630545020103455 0.36561307311058044 -0.22642292082309723 0.9999979734420776
0.5092546939849854 0.36449119448661804 -0.25359010696411133 0.9999990463256836
0.5504159927368164 0.4071655571460724 -0.3543553650379181 0.9999992847442627
0.5315238237380981 0.40667709708213806 -0.3623131811618805 0.9999995231628418
0.601746141910553 0.5062139630317688 -0.11961358040571213 0.9999700784683228
0.46281734108924866 0.5050464868545532 -0.16026416420936584 0.9999626874923706
0.6404615044593811 0.6857643723487854 -0.22128838300704956 0.990717351436615
0.43046849966049194 0.6811342835426331 -0.276532381772995 0.9939239621162415
0.6213976740837097 0.7002707719802856 -0.5400800108909607 0.9833759665489197
0.45679599046707153 0.7216078042984009 -0.5580794811248779 0.9880276918411255
0.6101362109184265 0.7113206386566162 -0.6079224944114685 0.9695290923118591
0.47151052951812744 0.7344441413879395 -0.6148698329925537 0.9763279557228088
0.6024195551872253 0.6772259473800659 -0.6101890206336975 0.9706187844276428
0.47746485471725464 0.7022730112075806 -0.6209098696708679 0.975468635559082
0.6036636233329773 0.6691574454307556 -0.5460824370384216 0.9522521495819092
0.47419479489326477 0.6926290392875671 -0.5636301636695862 0.9636081457138062
0.5900107026100159 0.7976940870285034 0.014746245928108692 0.9961058497428894
0.48931005597114563 0.811633288860321 -0.014464231207966805 0.9956859350204468
0.6764794588088989 0.958432137966156 -0.38322708010673523 0.977706253528595
0.42816585302352905 1.0030401945114136 -0.31807199120521545 0.967481791973114
0.6053289771080017 1.2012025117874146 -0.19927459955215454 0.7050670981407166
0.49898675084114075 1.1806707382202148 -0.07448923587799072 0.3932081460952759
0.5851738452911377 1.2300348281860352 -0.18566244840621948 0.7200557589530945
0.5123467445373535 1.2000958919525146 -0.05470491945743561 0.2977182865142822
0.6223844885826111 1.292901635169983 -0.3196808993816376 0.4765154719352722
0.4973796010017395 1.259738564491272 -0.17381933331489563 0.14667221903800964
