0.5396565198898315 0.3296164870262146 -0.3593589663505554 0.9999991655349731
0.5469557642936707 0.30803894996643066 -0.3302903473377228 0.9999983310699463
0.5506129860877991 0.3083733320236206 -0.33030033111572266 0.9999988079071045
0.5541409850120544 0.30893731117248535 -0.3302741050720215 0.9999980926513672
0.5302653908729553 0.31041771173477173 -0.3357866704463959 0.9999984502792358
0.524040162563324 0.31207942962646484 -0.3357996642589569 0.999998927116394
0.5183424353599548 0.3138768672943115 -0.33593180775642395 0.9999984502792358
0.5592271685600281 0.3257293105125427 -0.16214299201965332 0.9999986886978149
0.5089240670204163 0.3299594521522522 -0.18594805896282196 0.9999994039535522
0.5493684411048889 0.3571869730949402 -0.29765579104423523 0.9999994039535522
0.5286345481872559 0.35833442211151123 -0.3051508367061615 0.9999994039535522
0.6050759553909302 0.49471744894981384 -0.035848140716552734 0.9999948740005493
0.46092352271080017 0.4893419146537781 -0.09217047691345215 0.9999934434890747
0.6560842394828796 0.6884263753890991 -0.08265405148267746 0.998920202255249
0.40879788994789124 0.6775265336036682 -0.178080216050148 0.9996868371963501
0.664336621761322 0.6773017048835754 -0.4045621156692505 0.9985529780387878
0.45044395327568054 0.7250311970710754 -0.46742889285087585 0.9991037249565125
0.6665120720863342 0.6782557964324951 -0.46768587827682495 0.9933263063430786
0.4697020351886749 0.7555930614471436 -0.5209074020385742 0.9959287047386169
0.6622732281684875 0.6548064947128296 -0.4748140871524811 0.9938737154006958
0.4753151834011078 0.7276788949966431 -0.5274345874786377 0.9962260723114014
0.6591008901596069 0.6548081636428833 -0.4146157205104828 0.9950697422027588
0.4702788293361664 0.7168130874633789 -0.47307929396629333 0.9964847564697266
0.5911702513694763 0.8214596509933472 0.014997879043221474 0.9996554851531982
0.4912775456905365 0.8355798721313477 -0.013284285552799702 0.9994364380836487
0.6063528656959534 1.0852570533752441 -0.21644380688667297 0.06768082082271576
0.4981144964694977 1.1003495454788208 -0.008364261128008366 0.04017534852027893
0.6092803478240967 1.3247369527816772 0.045876435935497284 4.0190123399952427e-05
0.48566198348999023 1.3316991329193115 0.2518795430660248 8.680380415171385e-05
0.612254798412323 1.3670583963394165 0.06414206326007843 0.00021219628979451954
0.47819700837135315 1.3759496212005615 0.27066513895988464 0.00015667999105062336
0.5946221947669983 1.4115957021713257 -0.12013790011405945 4.908395203528926e-05
0.5019715428352356 1.4072662591934204 0.08099721372127533 0.00013856581063009799
