0.5388671159744263 0.32711267471313477 -0.3138788640499115 0.9999955892562866
0.5471214652061462 0.30616211891174316 -0.2858707010746002 0.9999934434890747
0.5519187450408936 0.3066585063934326 -0.28584808111190796 0.9999951124191284
0.5551767945289612 0.3074284791946411 -0.28587472438812256 0.9999933242797852
0.5292201042175293 0.30822324752807617 -0.29448211193084717 0.9999936819076538
0.5235346555709839 0.3099045753479004 -0.2944982647895813 0.9999955892562866
0.5174022912979126 0.3115110397338867 -0.2946624159812927 0.9999945163726807
0.5607673525810242 0.3244602680206299 -0.1257929801940918 0.9999949932098389
0.5098279714584351 0.32645082473754883 -0.1625252217054367 0.9999974966049194
0.5498328804969788 0.3546024560928345 -0.253898024559021 0.9999977350234985
0.5271927118301392 0.35513997077941895 -0.26496174931526184 0.9999982118606567
0.6049086451530457 0.48565176129341125 -0.0027403184212744236 0.9999912977218628
0.46211546659469604 0.4851052761077881 -0.09447933733463287 0.9999864101409912
0.655631959438324 0.6753131747245789 -0.07681161910295486 0.997931957244873
0.4101289212703705 0.6699147820472717 -0.21962954103946686 0.9992856383323669
0.6560503244400024 0.6580437421798706 -0.3920736610889435 0.9965904951095581
0.45532771944999695 0.688052773475647 -0.5204342007637024 0.9988282322883606
0.6490573883056641 0.6591041088104248 -0.45385733246803284 0.9850524067878723
0.4784561097621918 0.7035008668899536 -0.5811875462532043 0.9944261312484741
0.6460765600204468 0.631618320941925 -0.45115575194358826 0.9860849380493164
0.4833812415599823 0.6767935752868652 -0.580504834651947 0.9949814677238464
0.6457653045654297 0.6300424337387085 -0.39829280972480774 0.987305760383606
0.4774099290370941 0.6668413281440735 -0.5243213772773743 0.9950088262557983
0.5903715491294861 0.8199126720428467 0.025583961978554726 0.9993565678596497
0.48661094903945923 0.8264414072036743 -0.024083154276013374 0.9992621541023254
0.6013002395629883 1.0905829668045044 -0.05843006446957588 0.17790696024894714
0.4930536150932312 1.0900455713272095 -0.028384314849972725 0.08050130307674408
0.6066204905509949 1.324480652809143 0.2470306009054184 0.00024096912238746881
0.48510849475860596 1.3317939043045044 0.2041773498058319 0.00044630724005401134
0.6097046136856079 1.3669015169143677 0.2700269818305969 0.0009309983579441905
0.4789651036262512 1.3772517442703247 0.2202722430229187 0.0004905376699753106
0.5926099419593811 1.4104547500610352 0.09890104085206985 0.00023858924396336079
0.502354621887207 1.4118149280548096 0.024338070303201675 0.0005163945606909692
