0.5421980023384094 0.3271556496620178 -0.38243892788887024 0.9999016523361206
0.5488901138305664 0.3055163621902466 -0.3542698919773102 0.9998254179954529
0.5533355474472046 0.30547237396240234 -0.3542911112308502 0.9998879432678223
0.5569127202033997 0.3056911826133728 -0.3543841242790222 0.9997954964637756
0.5317830443382263 0.307722270488739 -0.3566023111343384 0.9997929930686951
0.5260448455810547 0.30914509296417236 -0.3568255603313446 0.9998751878738403
0.5204041004180908 0.3105708360671997 -0.3569427728652954 0.9998072981834412
0.5619217753410339 0.3213161826133728 -0.19397306442260742 0.999921441078186
0.5121301412582397 0.32870519161224365 -0.20516830682754517 0.9999290704727173
0.5525044202804565 0.35577791929244995 -0.3219130337238312 0.9999688863754272
0.5315908789634705 0.35709160566329956 -0.32600516080856323 0.9999701976776123
0.6084698438644409 0.47872406244277954 -0.0993725061416626 0.9999401569366455
0.4651283323764801 0.4741026759147644 -0.11114513128995895 0.9997108578681946
0.6691368222236633 0.6702690124511719 -0.2905638813972473 0.999574601650238
0.39583873748779297 0.6555057764053345 -0.3013668358325958 0.9989570379257202
0.6347877979278564 0.5713835954666138 -0.6191167831420898 0.9993929862976074
0.474979966878891 0.5918599963188171 -0.6173796057701111 0.999518632888794
0.6096919775009155 0.5627768039703369 -0.6838446259498596 0.9963891506195068
0.5038408637046814 0.5886104106903076 -0.6764211654663086 0.9969860911369324
0.6025845408439636 0.5314904451370239 -0.6440284848213196 0.9960875511169434
0.5103112459182739 0.5670197010040283 -0.6407544612884521 0.9966803789138794
0.6053357720375061 0.5333977937698364 -0.6078839898109436 0.9959403276443481
0.5034813284873962 0.5636410713195801 -0.6072854399681091 0.9963175058364868
0.589093804359436 0.8079646229743958 0.00720399571582675 0.9996554851531982
0.4889891445636749 0.8087686896324158 -0.006235199049115181 0.9993966817855835
0.6063030958175659 1.057479739189148 -0.19004128873348236 0.5804688334465027
0.4927346408367157 1.0564486980438232 -0.09691128879785538 0.4310416579246521
0.5983988642692566 1.2694791555404663 0.2610228359699249 0.0003952269034925848
0.4841865599155426 1.274578332901001 0.26295945048332214 0.0027577837463468313
0.5972801446914673 1.3062243461608887 0.30052119493484497 0.001706957002170384
0.4791931211948395 1.3178961277008057 0.2924254238605499 0.0018940827576443553
0.5886440277099609 1.3681243658065796 0.14872156083583832 0.00028966995887458324
0.49854132533073425 1.3569308519363403 0.10715855658054352 0.0018168039387091994
