0.5422675013542175 0.3312782049179077 -0.3231101334095001 0.9997513890266418
0.548909604549408 0.3096790313720703 -0.29544010758399963 0.9997863173484802
0.5533078908920288 0.30998581647872925 -0.2954864501953125 0.9997896552085876
0.5565268397331238 0.3104516267776489 -0.29564744234085083 0.9997339844703674
0.5318878889083862 0.31126129627227783 -0.2976427674293518 0.9997226595878601
0.5258802771568298 0.31275779008865356 -0.29785478115081787 0.9997385144233704
0.5201380848884583 0.31402742862701416 -0.29797253012657166 0.9996968507766724
0.5608908534049988 0.32378190755844116 -0.14208196103572845 0.9998538494110107
0.511671245098114 0.3301522135734558 -0.15296363830566406 0.9998308420181274
0.5515550971031189 0.35950642824172974 -0.26523691415786743 0.9999406337738037
0.5307431817054749 0.36020776629447937 -0.26875734329223633 0.9999330043792725
0.6067755818367004 0.47846052050590515 -0.05348016694188118 0.9999301433563232
0.4645572304725647 0.4749239981174469 -0.08153992146253586 0.9995766282081604
0.6684883236885071 0.6685178875923157 -0.22572225332260132 0.9985793828964233
0.39568960666656494 0.6533564329147339 -0.2692619860172272 0.9977174997329712
0.63916015625 0.5671560168266296 -0.5492254495620728 0.998199462890625
0.47518834471702576 0.5774229764938354 -0.5545200705528259 0.9987878203392029
0.6160248517990112 0.5450447797775269 -0.6107261776924133 0.9933121800422668
0.5009682774543762 0.5699586272239685 -0.6051825881004333 0.9937794804573059
0.610474169254303 0.5183919668197632 -0.5770325064659119 0.993009090423584
0.5065731406211853 0.5470881462097168 -0.5741453766822815 0.9932244420051575
0.6108413934707642 0.525047779083252 -0.5401531457901001 0.9923397302627563
0.5013313889503479 0.5478121042251587 -0.5451095700263977 0.9924968481063843
0.5880013704299927 0.8072673082351685 0.009817630052566528 0.9998117089271545
0.4870308041572571 0.8082666993141174 -0.009303168393671513 0.999500036239624
0.6119019985198975 1.0331666469573975 -0.1738770306110382 0.7469158172607422
0.4983333349227905 1.0714138746261597 -0.023499101400375366 0.5338269472122192
0.5937834978103638 1.211201548576355 0.2903989851474762 0.003100746078416705
0.49307698011398315 1.223177194595337 0.41180598735809326 0.002873119432479143
0.5893669724464417 1.2375792264938354 0.33603334426879883 0.011459323577582836
0.490522176027298 1.250579595565796 0.4542897939682007 0.003909091465175152
0.5889461040496826 1.306714415550232 0.2301563322544098 0.002397380769252777
0.5023414492607117 1.3032310009002686 0.34207212924957275 0.0021664886735379696
