0.540644645690918 0.33330869674682617 -0.30531540513038635 0.9999887943267822
0.5476571917533875 0.31180059909820557 -0.2770410478115082 0.9999779462814331
0.5522345900535583 0.3119407892227173 -0.2770460844039917 0.9999867677688599
0.5556819438934326 0.31234174966812134 -0.27710196375846863 0.9999762773513794
0.530785083770752 0.31362825632095337 -0.2798956334590912 0.9999674558639526
0.5251322984695435 0.3149909973144531 -0.2801477611064911 0.99997878074646
0.5196206569671631 0.31622880697250366 -0.28019028902053833 0.9999605417251587
0.56090247631073 0.32630860805511475 -0.11994478851556778 0.9999936819076538
0.511918306350708 0.33296579122543335 -0.1337980479001999 0.9999866485595703
0.5507696866989136 0.3615927994251251 -0.24615825712680817 0.9999940395355225
0.5309785008430481 0.36178985238075256 -0.2509373724460602 0.9999905824661255
0.6016719341278076 0.4746592342853546 -0.04510243982076645 0.999992847442627
0.4648081660270691 0.47757688164711 -0.056869376450777054 0.9999138116836548
0.6702000498771667 0.6631284356117249 -0.2285618633031845 0.9998109936714172
0.3979034423828125 0.6450547575950623 -0.27680763602256775 0.9995635151863098
0.6362102031707764 0.541846752166748 -0.5350090265274048 0.9999208450317383
0.47446975111961365 0.5428227186203003 -0.5963655114173889 0.9999431371688843
0.6130282282829285 0.5184042453765869 -0.5971950888633728 0.9995740056037903
0.5053545832633972 0.519437849521637 -0.6536726355552673 0.9995526671409607
0.6093123555183411 0.49459409713745117 -0.5611838102340698 0.9995346069335938
0.5100417733192444 0.495669960975647 -0.6161571741104126 0.9994722008705139
0.611127495765686 0.5040776133537292 -0.5253698825836182 0.9995872378349304
0.5043826699256897 0.5033938884735107 -0.586486279964447 0.9994964599609375
0.5870317220687866 0.8028589487075806 0.00813304167240858 0.999956488609314
0.4871111810207367 0.8077103495597839 -0.007053938694298267 0.9998841285705566
0.6054472327232361 1.047385573387146 -0.1334531605243683 0.6857057809829712
0.49834510684013367 1.0679603815078735 0.036130957305431366 0.5673249363899231
0.5942033529281616 1.2575502395629883 0.31082794070243835 0.00024059056886471808
0.49417316913604736 1.2643816471099854 0.451464980840683 0.0007091670413501561
0.5932685136795044 1.2951256036758423 0.35249143838882446 0.0014234436675906181
0.4896853566169739 1.3040050268173218 0.48957136273384094 0.0010940690990537405
0.5852657556533813 1.3518644571304321 0.2202479988336563 0.00011655567504931241
0.5063979625701904 1.345544695854187 0.3395485579967499 0.00040753622306510806
