0.5397661328315735 0.3309328556060791 -0.5021539926528931 0.9999853372573853
0.5484085083007812 0.3137515187263489 -0.4736713469028473 0.9999234676361084
0.5530411005020142 0.3145482540130615 -0.47361019253730774 0.9999635219573975
0.5575355291366577 0.3159608244895935 -0.4736389219760895 0.9999129772186279
0.5301992893218994 0.31447476148605347 -0.47490638494491577 0.9998937845230103
0.5232141613960266 0.3157176375389099 -0.4753042459487915 0.999954104423523
0.5170247554779053 0.31730008125305176 -0.47534099221229553 0.9998749494552612
0.5627046227455139 0.33112800121307373 -0.3065386712551117 0.9999754428863525
0.5084142684936523 0.33136945962905884 -0.31716591119766235 0.999954342842102
0.5487383604049683 0.3595704436302185 -0.4397786855697632 0.9999758005142212
0.5269225239753723 0.3598645329475403 -0.44417503476142883 0.9999475479125977
0.6004263162612915 0.4890592098236084 -0.20364531874656677 0.9999436140060425
0.4627111852169037 0.48034414649009705 -0.21826931834220886 0.9998087286949158
0.6589826941490173 0.6524590849876404 -0.40180981159210205 0.9994484782218933
0.4191744029521942 0.6632710695266724 -0.4420328140258789 0.9991616010665894
0.6627193093299866 0.4534700810909271 -0.6678361892700195 0.9999585151672363
0.4187597632408142 0.47014760971069336 -0.7705217599868774 0.9999924898147583
0.6684820652008057 0.3956553339958191 -0.7131716012954712 0.999731719493866
0.4118868112564087 0.40123412013053894 -0.8265962600708008 0.9999587535858154
0.6633467078208923 0.38055214285850525 -0.6772730946540833 0.999657392501831
0.4163570702075958 0.38494277000427246 -0.79034024477005 0.9999499320983887
0.6593737006187439 0.40160006284713745 -0.6583117842674255 0.9996603727340698
0.42058053612709045 0.4070139527320862 -0.7641269564628601 0.9999344348907471
0.5872686505317688 0.8117088079452515 0.006744956132024527 0.9997877478599548
0.48439115285873413 0.8175580501556396 -0.005810083355754614 0.9996592998504639
0.6028734445571899 1.0534049272537231 -0.2223052978515625 0.6865087151527405
0.49354618787765503 1.078822374343872 0.03127628192305565 0.583365261554718
0.6029545664787292 1.2716338634490967 0.22281737625598907 0.0004595040809363127
0.48597511649131775 1.2958757877349854 0.45050328969955444 0.0029354779981076717
0.602961540222168 1.3114272356033325 0.2632737159729004 0.0037558202166110277
0.48361796140670776 1.3373916149139404 0.48619145154953003 0.003461210522800684
0.595322847366333 1.3687165975570679 0.09507954865694046 0.00039044246659614146
0.4985138773918152 1.3818871974945068 0.29196056723594666 0.0016512107104063034
