0.5378292202949524 0.32874929904937744 -0.1353599727153778 0.9999983310699463
0.5462281703948975 0.3082987070083618 -0.10983355343341827 0.9999946355819702
0.5509471893310547 0.3090726137161255 -0.1097787469625473 0.9999979734420776
0.5550182461738586 0.31015270948410034 -0.10970569401979446 0.9999959468841553
0.5288141369819641 0.308627188205719 -0.11493302136659622 0.9999933242797852
0.5228448510169983 0.3093792796134949 -0.1151389330625534 0.9999972581863403
0.517466127872467 0.3105817437171936 -0.11523563414812088 0.9999938011169434
0.5618676543235779 0.32742512226104736 0.01923627406358719 0.9999982118606567
0.5082136392593384 0.3289778232574463 -0.00820995680987835 0.9999985694885254
0.5489240884780884 0.3606058955192566 -0.08691815286874771 0.999993085861206
0.527694046497345 0.35924792289733887 -0.09526143223047256 0.9999927282333374
0.6006158590316772 0.48764535784721375 0.07117853313684464 0.999992847442627
0.4628930985927582 0.4804953634738922 0.027116592973470688 0.9999736547470093
0.6415060758590698 0.6654137372970581 -0.11404399573802948 0.9998084902763367
0.42125430703163147 0.6796025633811951 -0.16068212687969208 0.9992615580558777
0.6393243074417114 0.4602206349372864 -0.39876359701156616 0.9999827146530151
0.45351922512054443 0.5898628234863281 -0.40982773900032043 0.999967098236084
0.6409134268760681 0.4003829061985016 -0.4505440294742584 0.9999366998672485
0.4652119576931 0.5690291523933411 -0.45192673802375793 0.999868631362915
0.6392207741737366 0.38605308532714844 -0.42375829815864563 0.9999256134033203
0.46936941146850586 0.5482445359230042 -0.42863962054252625 0.9998438358306885
0.6359474658966064 0.40762653946876526 -0.3948863446712494 0.9999405145645142
0.4695623815059662 0.5514911413192749 -0.40554332733154297 0.9998666048049927
0.5887472033500671 0.8170343041419983 0.024003084748983383 0.9999542236328125
0.48484933376312256 0.8251221776008606 -0.022737545892596245 0.9999234676361084
0.6079071760177612 1.1034355163574219 0.00748983072116971 0.3299935460090637
0.4878513216972351 1.1034696102142334 0.05147790536284447 0.2985776364803314
0.6091626286506653 1.354760766029358 0.31440404057502747 7.471330172847956e-05
0.48647335171699524 1.3576023578643799 0.31801193952560425 0.00027406742447055876
0.6137994527816772 1.3956894874572754 0.34181880950927734 0.0005694705178029835
0.4802478551864624 1.4013705253601074 0.34144312143325806 0.0006884601316414773
0.592299222946167 1.4476648569107056 0.21842370927333832 2.915739423769992e-05
0.5042129158973694 1.4407455921173096 0.18919649720191956 0.0001178797465399839
