0.5397219061851501 0.3290114402770996 -0.08623315393924713 0.9999966621398926
0.5465704798698425 0.3122202754020691 -0.057805050164461136 0.9999916553497314
0.5503808856010437 0.31280094385147095 -0.05776729807257652 0.999995231628418
0.5552915334701538 0.31408441066741943 -0.0577651672065258 0.9999934434890747
0.5304818749427795 0.3105422258377075 -0.06635666638612747 0.9999904632568359
0.5236502885818481 0.3108658790588379 -0.06650782376527786 0.999994158744812
0.5184066295623779 0.312145471572876 -0.0666181892156601 0.9999918937683105
0.5610717535018921 0.32729482650756836 0.06898157298564911 0.9999959468841553
0.5087155699729919 0.32914525270462036 0.02618786133825779 0.9999977350234985
0.5483392477035522 0.3619982600212097 -0.03881031647324562 0.9999932050704956
0.5296763777732849 0.36187073588371277 -0.05201495438814163 0.9999946355819702
0.5991857051849365 0.4882666766643524 0.11566504836082458 0.9999827146530151
0.4609191119670868 0.48254626989364624 0.05048983916640282 0.9999549388885498
0.6373554468154907 0.6502581834793091 -0.07437337189912796 0.9972373247146606
0.4271875321865082 0.6745627522468567 -0.09928353130817413 0.99730384349823
0.623627245426178 0.4398092031478882 -0.32498079538345337 0.9997568726539612
0.4737284481525421 0.6558622717857361 -0.26725804805755615 0.9994391798973083
0.6244451403617859 0.38195398449897766 -0.37070903182029724 0.9990173578262329
0.48783981800079346 0.672707200050354 -0.2964552044868469 0.9980961680412292
0.6227458119392395 0.3692874610424042 -0.33299413323402405 0.9987882971763611
0.49422386288642883 0.6498253345489502 -0.2738508880138397 0.9978524446487427
0.6188844442367554 0.38908326625823975 -0.31626394391059875 0.9988094568252563
0.49097031354904175 0.640644371509552 -0.2605721950531006 0.9976451992988586
0.5887208580970764 0.8121152520179749 0.022214902564883232 0.9997217059135437
0.48745492100715637 0.8208178281784058 -0.021069111302495003 0.9995279312133789
0.6066420078277588 1.0729193687438965 -0.1663874238729477 0.5406087636947632
0.4892863631248474 1.0849943161010742 -0.11533908545970917 0.5018766522407532
0.6151504516601562 1.3201879262924194 0.04267491400241852 0.001717077218927443
0.48632878065109253 1.336642861366272 0.05497210472822189 0.004708819091320038
0.6182194352149963 1.3637174367904663 0.05884848162531853 0.006249972153455019
0.4826182723045349 1.3786240816116333 0.06774286925792694 0.005300373770296574
0.6003158092498779 1.406536340713501 -0.09084627777338028 0.0010142370592802763
0.5024422407150269 1.4194562435150146 -0.10452746599912643 0.002616883022710681
