0.5422913432121277 0.3294217586517334 -0.24824558198451996 0.9999604225158691
0.5456091165542603 0.3090541362762451 -0.22068868577480316 0.999925971031189
0.5492632985115051 0.30996406078338623 -0.22069135308265686 0.9999459981918335
0.5529882907867432 0.31085699796676636 -0.22067207098007202 0.9999237060546875
0.5314149856567383 0.30858391523361206 -0.23160547018051147 0.999937891960144
0.5250475406646729 0.3090795874595642 -0.23166781663894653 0.9999520778656006
0.5194283723831177 0.30998504161834717 -0.23185995221138 0.9999372959136963
0.5566423535346985 0.3278137445449829 -0.06841423362493515 0.9999392032623291
0.5083962678909302 0.32955312728881836 -0.1185242310166359 0.9999822378158569
0.5502410531044006 0.3571028709411621 -0.19040723145008087 0.9999376535415649
0.530663013458252 0.35595428943634033 -0.20552417635917664 0.9999692440032959
0.5914905667304993 0.479280024766922 0.008738026954233646 0.9999157190322876
0.4602718949317932 0.48089146614074707 -0.050168637186288834 0.9998694658279419
0.6341370344161987 0.6110535860061646 -0.1449425369501114 0.999688982963562
0.4310525357723236 0.6723965406417847 -0.0824570506811142 0.9987970590591431
0.5886422991752625 0.4236118495464325 -0.39044103026390076 0.9996678829193115
0.4850042164325714 0.763226330280304 -0.16912871599197388 0.9973209500312805
0.5849902629852295 0.3632007837295532 -0.44677403569221497 0.9984858632087708
0.5084664225578308 0.8021175861358643 -0.19326813519001007 0.9903574585914612
0.5819446444511414 0.35697561502456665 -0.4089781641960144 0.9982099533081055
0.5184170007705688 0.7800321578979492 -0.19427376985549927 0.9905885457992554
0.5789533853530884 0.37785130739212036 -0.38198092579841614 0.9985822439193726
0.512871503829956 0.7667771577835083 -0.1680586338043213 0.9927594661712646
0.5867841243743896 0.8094965219497681 0.017541049048304558 0.9998884201049805
0.4944850206375122 0.828014075756073 -0.01635613851249218 0.9998084902763367
0.6094299554824829 1.074013352394104 -0.037542615085840225 0.23938091099262238
0.5086237788200378 1.0902494192123413 0.04376997798681259 0.16420288383960724
0.6062835454940796 1.3026970624923706 0.3059944212436676 0.00012694034376181662
0.508755087852478 1.311671257019043 0.34812861680984497 0.00042065922752954066
0.6084255576133728 1.337044596672058 0.3371373116970062 0.0005964151932857931
0.5030642747879028 1.3526318073272705 0.37483081221580505 0.001303640310652554
0.594326913356781 1.3954027891159058 0.20565147697925568 0.00012609598343260586
0.5242824554443359 1.3828868865966797 0.228451207280159 0.0003983277711085975
