0.5445236563682556 0.32789790630340576 -0.261925607919693 0.9999963045120239
0.5509697198867798 0.3075934052467346 -0.23618854582309723 0.999990701675415
0.5555333495140076 0.3083648085594177 -0.23618532717227936 0.9999946355819702
0.5598263144493103 0.3093112111091614 -0.2360917031764984 0.9999891519546509
0.5344536304473877 0.3075856566429138 -0.25229236483573914 0.999992847442627
0.5276426672935486 0.3087756037712097 -0.2524207532405853 0.9999954700469971
0.5218328237533569 0.3105332851409912 -0.2526811957359314 0.9999918937683105
0.5632279515266418 0.32361066341400146 -0.08358380943536758 0.999991774559021
0.5103641748428345 0.3278447389602661 -0.15699583292007446 0.9999986886978149
0.5525900721549988 0.3568996787071228 -0.20351633429527283 0.9999909400939941
0.5335209369659424 0.35732775926589966 -0.22525052726268768 0.9999951124191284
0.6011770963668823 0.4833309054374695 0.03881652280688286 0.9999626874923706
0.4626976251602173 0.47743162512779236 -0.09926290810108185 0.9999616146087646
0.6460778117179871 0.6431386470794678 -0.05940091609954834 0.9997456669807434
0.4308573007583618 0.6762974262237549 -0.1411028802394867 0.9996638298034668
0.6541925072669983 0.46618250012397766 -0.3257754445075989 0.999941349029541
0.4702010154724121 0.7759881615638733 -0.2539879381656647 0.9995813965797424
0.660683810710907 0.4003324806690216 -0.37412673234939575 0.9997362494468689
0.49271202087402344 0.8130751848220825 -0.2727753818035126 0.9983782768249512
0.6568704843521118 0.38538315892219543 -0.352377325296402 0.9996863603591919
0.49958571791648865 0.7877886891365051 -0.2762552499771118 0.9983876943588257
0.6515637636184692 0.40465593338012695 -0.3240872621536255 0.9997432827949524
0.4958176910877228 0.7751435041427612 -0.2528418302536011 0.9987142086029053
0.5897603631019592 0.8335480690002441 0.02972843497991562 0.9998892545700073
0.4912741780281067 0.848929762840271 -0.028443317860364914 0.9998714923858643
0.6036149263381958 1.1122297048568726 -0.0005615595146082342 0.1660788506269455
0.4983920753002167 1.1343008279800415 0.07232504338026047 0.10547030717134476
0.6045553684234619 1.3624329566955566 0.27590322494506836 7.138905493775383e-05
0.4920401871204376 1.3635890483856201 0.40878358483314514 0.0001410776167176664
0.6103069186210632 1.4031966924667358 0.2985709011554718 0.0002995195391122252
0.48506247997283936 1.4050825834274292 0.4384142756462097 0.0005673562409356236
0.5881748795509338 1.4467542171478271 0.15964120626449585 8.084535511443391e-05
0.5120061635971069 1.4381837844848633 0.2868998646736145 0.00018971723329741508
