0.5697265863418579 0.370172381401062 -0.25513026118278503 0.9999957084655762
0.5782701373100281 0.3506140410900116 -0.22461359202861786 0.9999810457229614
0.5834213495254517 0.3515358567237854 -0.22453385591506958 0.9999895095825195
0.5882218480110168 0.35258570313453674 -0.22447864711284637 0.9999710321426392
0.561787486076355 0.3501927852630615 -0.24294355511665344 0.9999862909317017
0.5541417598724365 0.35045742988586426 -0.24303463101387024 0.9999933242797852
0.5473317503929138 0.350869357585907 -0.243210569024086 0.9999855756759644
0.5913983583450317 0.36833837628364563 -0.07678306102752686 0.9999785423278809
0.5361371636390686 0.36433178186416626 -0.16146725416183472 0.9999984502792358
0.5758796334266663 0.3982996642589569 -0.2009073942899704 0.9999895095825195
0.555135190486908 0.39572155475616455 -0.22590121626853943 0.999996542930603
0.6126158833503723 0.5125852227210999 0.024795861914753914 0.9999836683273315
0.49372398853302 0.5210602283477783 -0.11710938811302185 0.9999680519104004
0.6908968687057495 0.6217728853225708 -0.07773879915475845 0.9999403953552246
0.47563639283180237 0.7159119844436646 -0.1636185348033905 0.9993245601654053
0.6749868392944336 0.42914265394210815 -0.2727486193180084 0.9999583959579468
0.5166707634925842 0.8538486361503601 -0.279482901096344 0.9992026686668396
0.6716823577880859 0.36718621850013733 -0.314324289560318 0.9995998740196228
0.5188737511634827 0.9116135239601135 -0.2998822033405304 0.9966101050376892
0.6638330817222595 0.3568694293498993 -0.2771044075489044 0.9995197057723999
0.5394474864006042 0.9058412313461304 -0.3133544623851776 0.996880292892456
0.6615573167800903 0.3813977539539337 -0.2633773982524872 0.999629020690918
0.5406261682510376 0.8852413892745972 -0.2822323441505432 0.9975501894950867
0.60808265209198 0.8282270431518555 0.030218541622161865 0.9998900890350342
0.5259769558906555 0.8386698961257935 -0.02907678298652172 0.9998469352722168
0.6248568296432495 1.0728892087936401 0.03189249709248543 0.0599193274974823
0.5294855833053589 1.0680439472198486 -0.05131242424249649 0.040056388825178146
0.6271365880966187 1.2735700607299805 0.34177982807159424 1.5105000784387812e-05
0.5349522233009338 1.2697651386260986 0.23293952643871307 4.0600345528218895e-05
0.6319547295570374 1.309753179550171 0.36683547496795654 0.00010807377839228138
0.5309388637542725 1.3110886812210083 0.2557779848575592 0.00016536176553927362
0.613716721534729 1.354625940322876 0.24472899734973907 2.4248709451057948e-05
0.5522276163101196 1.3374483585357666 0.10841887444257736 7.414889114443213e-05
