0.570392370223999 0.3840619921684265 -0.29020002484321594 0.9999837875366211
0.5765149593353271 0.36448901891708374 -0.2621549069881439 0.9999140501022339
0.5806973576545715 0.3652985692024231 -0.2620933949947357 0.9999431371688843
0.584365725517273 0.3661191463470459 -0.26204222440719604 0.9998544454574585
0.5627663731575012 0.3619620203971863 -0.27763083577156067 0.9999535083770752
0.5559882521629333 0.3608572483062744 -0.2776990532875061 0.999976634979248
0.5500630140304565 0.35982203483581543 -0.2778921127319336 0.9999589920043945
0.5877793431282043 0.3778391480445862 -0.11341263353824615 0.9998980760574341
0.5400093197822571 0.36902904510498047 -0.18364715576171875 0.9999936819076538
0.5755825638771057 0.41162705421447754 -0.2343517690896988 0.9999662637710571
0.5575171113014221 0.4094849228858948 -0.25526392459869385 0.9999886751174927
0.6135263442993164 0.5115746259689331 -0.02122027426958084 0.9999279975891113
0.4949212968349457 0.5161914825439453 -0.12473361939191818 0.9999226331710815
0.6939700841903687 0.6096048951148987 -0.1389516294002533 0.9998952150344849
0.4750833213329315 0.7123003602027893 -0.14170235395431519 0.998817503452301
0.6316298842430115 0.42180946469306946 -0.33214491605758667 0.999610960483551
0.5164346098899841 0.8561245203018188 -0.22596992552280426 0.9980442523956299
0.6157702803611755 0.374886691570282 -0.3741047978401184 0.9968986511230469
0.5204452276229858 0.9094951748847961 -0.24634934961795807 0.9911999106407166
0.6087698340415955 0.37788304686546326 -0.32938721776008606 0.9962936043739319
0.5397874116897583 0.9012570977210999 -0.26045745611190796 0.9922653436660767
0.6093672513961792 0.39733269810676575 -0.31912046670913696 0.9969858527183533
0.5399704575538635 0.8805429935455322 -0.22889788448810577 0.9936449527740479
0.6098038554191589 0.8253191709518433 0.017723092809319496 0.9997676014900208
0.5256399512290955 0.8383747339248657 -0.016828643158078194 0.9997197985649109
0.6237961053848267 1.0720351934432983 0.008320550434291363 0.2774791717529297
0.5344230532646179 1.0688263177871704 -0.048992935568094254 0.19702249765396118
0.6242595314979553 1.2654153108596802 0.360556423664093 0.00012192472058814019
0.5446935892105103 1.2662317752838135 0.25508320331573486 0.0004021438944619149
0.6278027892112732 1.2999837398529053 0.39066582918167114 0.0005822778330184519
0.5424343943595886 1.306225061416626 0.28088468313217163 0.00149105628952384
0.6132928133010864 1.3495457172393799 0.2691483199596405 0.00012115217396058142
0.5587813854217529 1.3391226530075073 0.13599102199077606 0.0004450090054888278
