0.5630472302436829 0.3779171407222748 -0.2666371166706085 0.999997615814209
0.5729728937149048 0.3579244315624237 -0.23619434237480164 0.9999874830245972
0.5771615505218506 0.35914209485054016 -0.23613925278186798 0.9999926090240479
0.5816684365272522 0.36040934920310974 -0.23609589040279388 0.9999786615371704
0.5564971566200256 0.3570443093776703 -0.24979546666145325 0.9999922513961792
0.5501803159713745 0.35690492391586304 -0.24990971386432648 0.999996542930603
0.5443890690803528 0.35663077235221863 -0.2500675618648529 0.999993085861206
0.5870012640953064 0.3725481927394867 -0.08107362687587738 0.9999847412109375
0.5376914739608765 0.3680495023727417 -0.14429743587970734 0.9999991655349731
0.5705793499946594 0.405545175075531 -0.2090100646018982 0.999992847442627
0.5500770807266235 0.4023563861846924 -0.22796255350112915 0.9999977350234985
0.6137617826461792 0.5159966945648193 0.015180429443717003 0.9999711513519287
0.49616575241088867 0.5156305432319641 -0.08062989264726639 0.9999703168869019
0.6907534003257751 0.6249105334281921 -0.11330068856477737 0.999920129776001
0.4769804775714874 0.7060631513595581 -0.10220978409051895 0.9987190961837769
0.6473216414451599 0.43800047039985657 -0.33062314987182617 0.9998005032539368
0.5159918665885925 0.8532825708389282 -0.21064962446689606 0.9977453351020813
0.6395083665847778 0.3986608386039734 -0.37760746479034424 0.998454213142395
0.5187196731567383 0.9061228036880493 -0.2331012338399887 0.9911519885063171
0.6302343010902405 0.3961913287639618 -0.3361472189426422 0.9982421398162842
0.538420557975769 0.9003657102584839 -0.24504436552524567 0.9919871091842651
0.6289397478103638 0.409775048494339 -0.31993022561073303 0.998539924621582
0.538878858089447 0.8814927339553833 -0.21286721527576447 0.9936983585357666
0.6099700927734375 0.8291743397712708 0.013799772597849369 0.9998979568481445
0.5257111191749573 0.837787926197052 -0.012786727398633957 0.9998998641967773
0.6253201961517334 1.0706815719604492 -0.01758684776723385 0.20698601007461548
0.5277384519577026 1.0601158142089844 -0.08148025721311569 0.1667042374610901
0.6245054006576538 1.2617491483688354 0.3217863142490387 5.7328681577928364e-05
0.5385546088218689 1.2581377029418945 0.24542927742004395 0.00018010989879257977
0.6285041570663452 1.2951468229293823 0.35097795724868774 0.00037390965735539794
0.5361239314079285 1.2973079681396484 0.27388516068458557 0.0008343771332874894
0.6089504957199097 1.3476479053497314 0.2285146266222 4.50354054919444e-05
0.552242636680603 1.3299082517623901 0.13209469616413116 0.00021022636792622507
