0.5621325373649597 0.38100481033325195 -0.3191007673740387 0.9999970197677612
0.5719062089920044 0.3611290454864502 -0.29226186871528625 0.99997878074646
0.577065110206604 0.36245810985565186 -0.29227128624916077 0.9999902248382568
0.5816417932510376 0.3642662763595581 -0.29224446415901184 0.999962568283081
0.5558933019638062 0.35949838161468506 -0.30434274673461914 0.9999849796295166
0.5493831634521484 0.3593904972076416 -0.30448639392852783 0.9999945163726807
0.5439528822898865 0.35942208766937256 -0.30464866757392883 0.9999849796295166
0.5889225006103516 0.37881553173065186 -0.14420677721500397 0.9999755620956421
0.5363702774047852 0.3710778057575226 -0.20009446144104004 0.9999985694885254
0.5692588090896606 0.4105006158351898 -0.2636040449142456 0.9999901056289673
0.5492004752159119 0.4064052999019623 -0.2801811099052429 0.9999969005584717
0.6126760840415955 0.5151337385177612 -0.02535119093954563 0.9999672174453735
0.4940919876098633 0.5192844867706299 -0.13323377072811127 0.9999686479568481
0.6916676163673401 0.6289767026901245 -0.12906841933727264 0.999742329120636
0.47675296664237976 0.7107572555541992 -0.17123666405677795 0.9990857839584351
0.6752628684043884 0.495095819234848 -0.3562915027141571 0.9994810223579407
0.5178180932998657 0.8519704937934875 -0.31280872225761414 0.9986521601676941
0.6773898601531982 0.46401187777519226 -0.40153568983078003 0.9974536299705505
0.5210886597633362 0.9082187414169312 -0.33837220072746277 0.9949541687965393
0.6665298342704773 0.4507344961166382 -0.37358009815216064 0.9974115490913391
0.5399028062820435 0.9041103720664978 -0.35249966382980347 0.9955641031265259
0.6625233888626099 0.46384140849113464 -0.35036757588386536 0.9977976083755493
0.5418516993522644 0.8844883441925049 -0.3159535229206085 0.9962984919548035
0.6072856783866882 0.819732666015625 0.01755720004439354 0.999845027923584
0.5258517265319824 0.8314617872238159 -0.016717378050088882 0.9998316764831543
0.625708818435669 1.0521299839019775 -0.006954760756343603 0.3718634247779846
0.5280934572219849 1.04960298538208 -0.05992782115936279 0.33810439705848694
0.6248378157615662 1.2407561540603638 0.31986120343208313 0.00024475008831359446
0.5338223576545715 1.2375205755233765 0.25430920720100403 0.000673645525239408
0.627278745174408 1.2744128704071045 0.3473881483078003 0.0013888003304600716
0.5314031839370728 1.2765446901321411 0.28156933188438416 0.003043837146833539
0.6128184795379639 1.3251495361328125 0.23905663192272186 0.00011648090003291145
0.5445663928985596 1.305328130722046 0.15719087421894073 0.0005726279341615736
