0.5329411625862122 0.4120984971523285 -0.4940333366394043 0.9999877214431763
0.5395396947860718 0.3917521834373474 -0.467323899269104 0.9999560117721558
0.5434842705726624 0.39256876707077026 -0.46745145320892334 0.9999785423278809
0.5480960011482239 0.39365673065185547 -0.46760955452919006 0.9999587535858154
0.5237921476364136 0.38926559686660767 -0.47259458899497986 0.999916672706604
0.5171439051628113 0.3890201449394226 -0.47271937131881714 0.9999363422393799
0.5116819739341736 0.38978511095046997 -0.4728944003582001 0.9998447895050049
0.5510224103927612 0.4038984477519989 -0.2887604534626007 0.9999747276306152
0.5009958148002625 0.40206897258758545 -0.31594640016555786 0.9999518394470215
0.5391655564308167 0.4395623505115509 -0.42535126209259033 0.9999948740005493
0.5202925801277161 0.44116485118865967 -0.4336651563644409 0.9999934434890747
0.5898147821426392 0.5437370538711548 -0.15489093959331512 0.9999938011169434
0.4525788128376007 0.5443165302276611 -0.1686778962612152 0.9999043941497803
0.6180872321128845 0.7486674785614014 -0.2775057256221771 0.9983246922492981
0.4189133644104004 0.7373003959655762 -0.13121752440929413 0.9951058626174927
0.652722954750061 0.6508035659790039 -0.6286352872848511 0.9988094568252563
0.41016119718551636 0.9052776098251343 -0.25487020611763 0.9790765047073364
0.6636419892311096 0.6302347779273987 -0.697778046131134 0.9959062337875366
0.39314374327659607 0.9654549956321716 -0.2750699818134308 0.9464634656906128
0.6589864492416382 0.6024787425994873 -0.6992250084877014 0.9963611960411072
0.4016556441783905 0.9739276766777039 -0.31733494997024536 0.9547224044799805
0.6531301736831665 0.6069823503494263 -0.6357021331787109 0.9941798448562622
0.410751074552536 0.9557031989097595 -0.27105528116226196 0.9498305320739746
0.5757893323898315 0.8611710071563721 0.006177972536534071 0.9983118772506714
0.4826642572879791 0.8744478821754456 -0.005419052205979824 0.9933149218559265
0.602860689163208 1.074197769165039 -0.4899149239063263 0.9489452838897705
0.4811181128025055 1.116111397743225 -0.2114829123020172 0.860048770904541
0.5984625220298767 1.2937352657318115 -0.17369765043258667 0.22749532759189606
0.4915320575237274 1.3235070705413818 0.12548862397670746 0.16012826561927795
0.5945083498954773 1.3291929960250854 -0.1496219038963318 0.3407178819179535
0.4920172691345215 1.3565700054168701 0.14971376955509186 0.1783231496810913
0.5988606214523315 1.3791329860687256 -0.34385570883750916 0.14713571965694427
0.5008022785186768 1.4032527208328247 -0.0475337840616703 0.08289424329996109
