0.5318024754524231 0.4155700206756592 -0.583234965801239 0.9999898672103882
0.5389370322227478 0.394336998462677 -0.5561332106590271 0.9999616146087646
0.5431944131851196 0.3951949179172516 -0.5562166571617126 0.999980092048645
0.5477287173271179 0.3963664472103119 -0.5563661456108093 0.9999610185623169
0.5226593613624573 0.39228758215904236 -0.5624887347221375 0.9999195337295532
0.5163131356239319 0.3922717273235321 -0.5626285672187805 0.9999376535415649
0.5109557509422302 0.3930964767932892 -0.5627566576004028 0.9998359680175781
0.5503856539726257 0.4065687358379364 -0.37269213795661926 0.9999768733978271
0.5012163519859314 0.405752569437027 -0.4040829539299011 0.9999580383300781
0.5383310317993164 0.44405487179756165 -0.5130717158317566 0.9999969005584717
0.5192355513572693 0.44493648409843445 -0.5226069688796997 0.9999957084655762
0.5861914157867432 0.5491616129875183 -0.23323222994804382 0.9999966621398926
0.45351606607437134 0.549580454826355 -0.24567076563835144 0.9999170303344727
0.6228383183479309 0.7386513948440552 -0.39049386978149414 0.9992474317550659
0.4204382598400116 0.7422526478767395 -0.21047547459602356 0.9960611462593079
0.6457436680793762 0.6224626302719116 -0.7551616430282593 0.9992438554763794
0.40630313754081726 0.9185013771057129 -0.33704859018325806 0.977377712726593
0.6546935439109802 0.589067816734314 -0.8271140456199646 0.9965018033981323
0.390635222196579 0.9733723998069763 -0.3564317524433136 0.9358870387077332
0.6464828252792358 0.5619429349899292 -0.819279134273529 0.9967652559280396
0.4024505913257599 0.9816014170646667 -0.3995770514011383 0.9469994306564331
0.6418660283088684 0.5700987577438354 -0.7583015561103821 0.9948403239250183
0.4114217162132263 0.9652718901634216 -0.3532560467720032 0.943764865398407
0.5730978846549988 0.8547408580780029 0.008879539556801319 0.998494029045105
0.4864364564418793 0.8742818236351013 -0.008172278292477131 0.9921220541000366
0.5989446043968201 1.0715328454971313 -0.44320952892303467 0.9230351448059082
0.4899046719074249 1.1125949621200562 -0.15226362645626068 0.7693875432014465
0.5972172617912292 1.2843990325927734 -0.06752657145261765 0.12971587479114532
0.4937075972557068 1.3113857507705688 0.20105630159378052 0.10157552361488342
0.594292938709259 1.3193480968475342 -0.038719531148672104 0.17612576484680176
0.49285733699798584 1.345778465270996 0.22596637904644012 0.1223292201757431
0.5969100594520569 1.3719596862792969 -0.23488649725914001 0.06759805232286453
0.5030792355537415 1.3920753002166748 0.02241632714867592 0.06249614059925079
