0.5259619951248169 0.4172264039516449 -0.49544334411621094 0.9999850988388062
0.5356260538101196 0.3934641480445862 -0.4750402271747589 0.9999239444732666
0.5404028296470642 0.39388054609298706 -0.4750537872314453 0.999966025352478
0.5453253388404846 0.3947749733924866 -0.4751185178756714 0.9999221563339233
0.5182080864906311 0.39319461584091187 -0.4762822687625885 0.9998832941055298
0.512641966342926 0.39320194721221924 -0.4763777554035187 0.9999288320541382
0.507547914981842 0.39375990629196167 -0.47655364871025085 0.9998195767402649
0.5515188574790955 0.4060492217540741 -0.3149712383747101 0.9999622106552124
0.4993615746498108 0.4067137837409973 -0.32109490036964417 0.9999725818634033
0.5355015993118286 0.44437283277511597 -0.4329618215560913 0.9999927282333374
0.515613317489624 0.44555678963661194 -0.4353380501270294 0.9999921321868896
0.5903182625770569 0.5440303087234497 -0.20202931761741638 0.9999922513961792
0.45161405205726624 0.5503692626953125 -0.16284728050231934 0.9999426603317261
0.6478263139724731 0.7095901966094971 -0.3776171803474426 0.9997385144233704
0.41811031103134155 0.7435950040817261 -0.09069763869047165 0.9979814291000366
0.6303839087486267 0.5653238296508789 -0.7116612195968628 0.9994555115699768
0.4090624153614044 0.910778284072876 -0.18933770060539246 0.992417573928833
0.6307611465454102 0.5142424702644348 -0.7739748358726501 0.9972802400588989
0.39186105132102966 0.9707168936729431 -0.20060335099697113 0.9739746451377869
0.6260799765586853 0.4998665750026703 -0.7515307068824768 0.9972099661827087
0.4038991928100586 0.9794920682907104 -0.23681364953517914 0.977963924407959
0.6211040019989014 0.5142922401428223 -0.7083770036697388 0.996654748916626
0.4130835235118866 0.9606418013572693 -0.20258866250514984 0.9812424182891846
0.578673243522644 0.8667117357254028 -0.011063206940889359 0.9992936849594116
0.4852970838546753 0.881089448928833 0.012017147615551949 0.998746395111084
0.5918023586273193 1.130839467048645 -0.2516248822212219 0.5084563493728638
0.48366621136665344 1.138548493385315 -0.1506819874048233 0.5916197299957275
0.5924375057220459 1.3394397497177124 0.1403125375509262 0.0017098765820264816
0.49951547384262085 1.3483104705810547 0.20843985676765442 0.00376563030295074
0.5954486131668091 1.3732367753982544 0.1727587729692459 0.00509750097990036
0.49843424558639526 1.3835179805755615 0.23842719197273254 0.009755509905517101
0.5781087875366211 1.4344199895858765 0.0050094518810510635 0.00071715097874403
0.5158088207244873 1.434086561203003 0.06643227487802505 0.0024373899213969707
