0.5302644968032837 0.4168902337551117 -0.48752278089523315 0.9999781847000122
0.5390122532844543 0.3938765525817871 -0.46583065390586853 0.9998829364776611
0.5427466034889221 0.39450496435165405 -0.46582862734794617 0.9999463558197021
0.5471459031105042 0.395749568939209 -0.46589240431785583 0.9998836517333984
0.5236474871635437 0.3930213451385498 -0.4701279401779175 0.9998571872711182
0.5177614092826843 0.3927654027938843 -0.4702048599720001 0.9999061822891235
0.5122999548912048 0.39293932914733887 -0.4703942835330963 0.9997666478157043
0.5514746308326721 0.407632976770401 -0.30304640531539917 0.9999262094497681
0.5022438168525696 0.4055817425251007 -0.3236120641231537 0.9999674558639526
0.5372095108032227 0.445390909910202 -0.42377763986587524 0.999983549118042
0.5194073915481567 0.44395768642425537 -0.4304533004760742 0.9999850988388062
0.5885652303695679 0.5474964380264282 -0.1900862157344818 0.9999891519546509
0.4516950845718384 0.5448610782623291 -0.15782128274440765 0.9999516010284424
0.6446733474731445 0.6926364898681641 -0.35824471712112427 0.9997671246528625
0.4179898798465729 0.7376829981803894 -0.045526664704084396 0.9973604083061218
0.6195182800292969 0.519163191318512 -0.6802529692649841 0.9995158910751343
0.40876656770706177 0.913412868976593 -0.1005643904209137 0.9903596639633179
0.6184474229812622 0.4709216058254242 -0.7398915886878967 0.9972924590110779
0.39201509952545166 0.9743838906288147 -0.10450942069292068 0.9657652378082275
0.6128783822059631 0.4572697877883911 -0.7156075835227966 0.9970853924751282
0.40159738063812256 0.9822194576263428 -0.14267781376838684 0.9705424308776855
0.6103534698486328 0.47358766198158264 -0.6766930818557739 0.9967067837715149
0.4112834334373474 0.9645730257034302 -0.11350486427545547 0.9759507179260254
0.5776244401931763 0.8645917773246765 -0.008287022821605206 0.9991764426231384
0.4834088683128357 0.879301905632019 0.00939215812832117 0.9987674951553345
0.581921398639679 1.131616234779358 -0.16981400549411774 0.2884916365146637
0.4805564880371094 1.1311869621276855 -0.06878738105297089 0.29714202880859375
0.5810424089431763 1.3466342687606812 0.16900189220905304 0.00047306454507634044
0.4902862012386322 1.3492017984390259 0.27691909670829773 0.0010162880644202232
0.5838285684585571 1.3841063976287842 0.19641028344631195 0.0017448141006752849
0.4884432852268219 1.3881458044052124 0.30476024746894836 0.003519300604239106
0.5664618611335754 1.4351694583892822 0.027415644377470016 0.00022627293947152793
0.5034736394882202 1.4318372011184692 0.12820066511631012 0.0007703445735387504
