0.530023992061615 0.4163750410079956 -0.5423256754875183 0.9999915361404419
0.5381433367729187 0.394109845161438 -0.5200556516647339 0.9999629259109497
0.5416144728660583 0.39470016956329346 -0.5200514197349548 0.9999833106994629
0.5458906292915344 0.3957705497741699 -0.5201320648193359 0.9999629259109497
0.5227718949317932 0.3931710124015808 -0.5238717198371887 0.9999516010284424
0.5166448354721069 0.39304906129837036 -0.5239856839179993 0.999969482421875
0.51124107837677 0.3933894634246826 -0.5241438150405884 0.9999160766601562
0.5507692098617554 0.4088132083415985 -0.3513944447040558 0.9999797344207764
0.5012412667274475 0.40708082914352417 -0.3702141344547272 0.9999871253967285
0.5369409918785095 0.4439816176891327 -0.47648510336875916 0.9999946355819702
0.5188389420509338 0.44344550371170044 -0.4827646017074585 0.9999940395355225
0.5887888669967651 0.549989640712738 -0.22841611504554749 0.9999939203262329
0.45090213418006897 0.5471211671829224 -0.1899305284023285 0.9999591112136841
0.6521027684211731 0.684304416179657 -0.3928999602794647 0.9998512268066406
0.41817474365234375 0.736139714717865 -0.03535788878798485 0.9971812963485718
0.6186801195144653 0.513982892036438 -0.7132014036178589 0.9994640946388245
0.41131362318992615 0.9081499576568604 -0.03814558684825897 0.9870893359184265
0.6152864098548889 0.4680957496166229 -0.7722597718238831 0.997164785861969
0.39317381381988525 0.9690565466880798 -0.03275230526924133 0.957793653011322
0.6091911792755127 0.45276936888694763 -0.7490580081939697 0.9969853758811951
0.40035873651504517 0.9783610105514526 -0.07242825627326965 0.963778555393219
0.6068254709243774 0.467925101518631 -0.7092340588569641 0.9962329268455505
0.41012513637542725 0.9609180688858032 -0.04960273206233978 0.9687265157699585
0.5758669376373291 0.8599395751953125 -0.006957887671887875 0.9996693134307861
0.48221355676651 0.8751922845840454 0.007904453203082085 0.9992013573646545
0.5831636786460876 1.1186524629592896 -0.25659698247909546 0.763963520526886
0.4834958016872406 1.1311571598052979 -0.04091581329703331 0.6398402452468872
0.5833434462547302 1.3333501815795898 0.11034459620714188 0.005137365777045488
0.490671843290329 1.3422926664352417 0.33119460940361023 0.007723008748143911
0.5849348902702332 1.3693351745605469 0.14098061621189117 0.012652839533984661
0.4893227517604828 1.3783135414123535 0.36055031418800354 0.022200731560587883
0.573393702507019 1.4219372272491455 -0.038913432508707047 0.0018770383903756738
0.5031993985176086 1.4257800579071045 0.17448922991752625 0.003937480505555868
