0.532068133354187 0.41337502002716064 -0.5377921462059021 0.9999866485595703
0.5384680032730103 0.39291656017303467 -0.5129392743110657 0.9999339580535889
0.5419870615005493 0.39347875118255615 -0.5129491686820984 0.9999717473983765
0.5462850332260132 0.39443665742874146 -0.5130400061607361 0.9999364614486694
0.5243048667907715 0.39221084117889404 -0.5172606706619263 0.9999241828918457
0.5177872180938721 0.39223748445510864 -0.5173953771591187 0.9999535083770752
0.5121471285820007 0.39276736974716187 -0.51756751537323 0.9998812675476074
0.5502521991729736 0.40735530853271484 -0.3375628590583801 0.9999629259109497
0.5012707710266113 0.4058713912963867 -0.3592669367790222 0.9999843835830688
0.5380682349205017 0.43996143341064453 -0.4697951674461365 0.9999890327453613
0.5201030969619751 0.4400841295719147 -0.47696420550346375 0.9999911785125732
0.5902233123779297 0.5433005094528198 -0.2257748246192932 0.9999873638153076
0.45199158787727356 0.5474525690078735 -0.17565059661865234 0.9999380111694336
0.6514314413070679 0.6663076877593994 -0.416525661945343 0.9996862411499023
0.41553929448127747 0.739957332611084 -0.038099076598882675 0.994765043258667
0.6111515760421753 0.4945749342441559 -0.7574232816696167 0.9991044402122498
0.41035133600234985 0.9191851019859314 -0.06846444308757782 0.9789847731590271
0.6083453893661499 0.449306845664978 -0.822609543800354 0.9948340654373169
0.39253175258636475 0.9764443635940552 -0.06923893094062805 0.9264770746231079
0.6022385954856873 0.438930869102478 -0.7948183417320251 0.9946021437644958
0.4007067382335663 0.9839877486228943 -0.10981087386608124 0.9372710585594177
0.5996939539909363 0.4538336992263794 -0.7528054714202881 0.9930611252784729
0.40985143184661865 0.9675700068473816 -0.0815807431936264 0.9447920918464661
0.5781689882278442 0.8640996813774109 -0.009438744746148586 0.9988675117492676
0.48500218987464905 0.8808106780052185 0.010301977396011353 0.998396098613739
0.5930978059768677 1.1193138360977173 -0.24135178327560425 0.691696286201477
0.4713943898677826 1.1221096515655518 -0.16758905351161957 0.7034134864807129
0.5986840128898621 1.3404970169067383 0.0994177758693695 0.00572960777208209
0.48347029089927673 1.3530069589614868 0.17725230753421783 0.014641300775110722
0.6008173823356628 1.3807562589645386 0.12633618712425232 0.01687627099454403
0.48429951071739197 1.3932965993881226 0.20359325408935547 0.031021449714899063
0.5895742774009705 1.4260475635528564 -0.055774129927158356 0.0025675955694168806
0.49357473850250244 1.434809923171997 0.013148183934390545 0.007311003282666206
