0.529094398021698 0.41295358538627625 -0.5044114589691162 0.9999587535858154
0.5368238091468811 0.39088523387908936 -0.4818500578403473 0.9997512698173523
0.5408028960227966 0.3912966251373291 -0.4818873703479767 0.9998965263366699
0.5449120998382568 0.3921314477920532 -0.48200127482414246 0.9997768998146057
0.5214532017707825 0.3898904323577881 -0.4847818911075592 0.9996540546417236
0.5156710743904114 0.3897342085838318 -0.4849153757095337 0.9997891783714294
0.5103130340576172 0.3901538848876953 -0.4851105511188507 0.9994822144508362
0.5498883724212646 0.40419915318489075 -0.3188317120075226 0.9998936653137207
0.5011571049690247 0.4040188193321228 -0.33399152755737305 0.9999229907989502
0.5368005633354187 0.4413274824619293 -0.4408379793167114 0.999977707862854
0.5188260078430176 0.440962016582489 -0.4459296464920044 0.9999788999557495
0.5887481570243835 0.5451192259788513 -0.2109118402004242 0.9999861717224121
0.4529809355735779 0.5411262512207031 -0.1709892749786377 0.9999009370803833
0.6491720676422119 0.6803985834121704 -0.40524980425834656 0.999819815158844
0.4187665283679962 0.7332531213760376 -0.09219720214605331 0.9961047172546387
0.618052065372467 0.5180195569992065 -0.7436069846153259 0.9995607733726501
0.40677839517593384 0.9101857542991638 -0.18593566119670868 0.9894735217094421
0.6149195432662964 0.46547961235046387 -0.8094475865364075 0.9976198077201843
0.39083534479141235 0.971649169921875 -0.19886939227581024 0.9641830921173096
0.6097756624221802 0.4513368606567383 -0.7798507809638977 0.9975372552871704
0.4034987688064575 0.9804511070251465 -0.23634673655033112 0.9695017337799072
0.6067882180213928 0.47113466262817383 -0.7376289367675781 0.9968141913414001
0.41327613592147827 0.962575376033783 -0.20001168549060822 0.9730013012886047
0.5771777629852295 0.864155650138855 -0.0067984675988554955 0.9990357160568237
0.4841914772987366 0.8759324550628662 0.007608313579112291 0.9985718727111816
0.5912188291549683 1.113324761390686 -0.2555077075958252 0.7189174890518188
0.47793957591056824 1.1155269145965576 -0.21431903541088104 0.7790734767913818
0.5880936980247498 1.3269150257110596 0.13151659071445465 0.004672244191169739
0.49756473302841187 1.337799310684204 0.1525159776210785 0.013176655396819115
0.5890502333641052 1.3640036582946777 0.16360071301460266 0.016179606318473816
0.49857133626937866 1.3758701086044312 0.18225333094596863 0.033148955553770065
0.5777775049209595 1.4156818389892578 -0.004523093346506357 0.0021483779419213533
0.5090428590774536 1.42057466506958 0.004570270888507366 0.0073182182386517525
