0.5251219868659973 0.4161849021911621 -0.42168712615966797 0.9998501539230347
0.5333965420722961 0.39452892541885376 -0.39434516429901123 0.9995765089988708
0.5373238921165466 0.39538711309432983 -0.3945362865924835 0.9997515082359314
0.5414427518844604 0.3968607783317566 -0.39473965764045715 0.9996035695075989
0.5170867443084717 0.39264631271362305 -0.3981788456439972 0.9993947744369507
0.5111628174781799 0.3923991322517395 -0.39824989438056946 0.9995131492614746
0.5059005618095398 0.3927809000015259 -0.3984088897705078 0.9991616010665894
0.5475823879241943 0.40814298391342163 -0.22457851469516754 0.9997180104255676
0.4974425137042999 0.40640437602996826 -0.24162788689136505 0.9996711015701294
0.5332638621330261 0.4431232511997223 -0.35700735449790955 0.9999363422393799
0.5132684707641602 0.44255203008651733 -0.362042099237442 0.9999394416809082
0.5895373225212097 0.5399076342582703 -0.11307479441165924 0.9999648332595825
0.4510642886161804 0.5426431894302368 -0.12059362977743149 0.999840497970581
0.6242069005966187 0.7081076502799988 -0.23114727437496185 0.9833916425704956
0.41551780700683594 0.7318980693817139 -0.10077963024377823 0.9901493787765503
0.6497371196746826 0.6972364187240601 -0.5916208624839783 0.9754388332366943
0.40435677766799927 0.9097334742546082 -0.2330850064754486 0.9392736554145813
0.6635476350784302 0.705716609954834 -0.6632283926010132 0.9519057869911194
0.38733017444610596 0.9683505296707153 -0.25927215814590454 0.8795281648635864
0.6603677272796631 0.6886528134346008 -0.6761949062347412 0.9591991305351257
0.39847633242607117 0.976321280002594 -0.3009919822216034 0.8955507874488831
0.6527442932128906 0.6853615045547485 -0.6048529744148254 0.9375233054161072
0.40778255462646484 0.9595627188682556 -0.25002095103263855 0.8761096596717834
0.572581946849823 0.8567620515823364 0.004054324701428413 0.990242063999176
0.47699129581451416 0.8659873008728027 -0.003480760147795081 0.9737546443939209
0.6070259213447571 1.0090047121047974 -0.5134279727935791 0.8378322720527649
0.47033819556236267 1.0428813695907593 -0.3316468894481659 0.7272944450378418
0.5966882705688477 1.2016704082489014 -0.19858500361442566 0.23273755609989166
0.4936746060848236 1.2283098697662354 -0.02804146520793438 0.13417887687683105
0.5907436013221741 1.2292356491088867 -0.17336821556091309 0.3260941505432129
0.49674150347709656 1.254157543182373 -0.005155425053089857 0.16688968241214752
0.6018668413162231 1.2787246704101562 -0.3443892300128937 0.1584552526473999
0.5004976987838745 1.3021883964538574 -0.1833721250295639 0.07401355355978012
