0.5350154042243958 0.4080800414085388 -0.2754983603954315 0.9952013492584229
0.5406871438026428 0.3876027762889862 -0.24419230222702026 0.9959763884544373
0.5443299412727356 0.38801875710487366 -0.2442454695701599 0.9942564368247986
0.5482845902442932 0.38877326250076294 -0.24439074099063873 0.9948979020118713
0.5273071527481079 0.38750264048576355 -0.2493465393781662 0.996286153793335
0.5217925310134888 0.38816097378730774 -0.24947316944599152 0.9955761432647705
0.5166198015213013 0.3893655240535736 -0.249678373336792 0.997173547744751
0.5509703159332275 0.4008820652961731 -0.09017002582550049 0.9947526454925537
0.5060561299324036 0.4039729833602905 -0.11209071427583694 0.9984667897224426
0.5412873029708862 0.43486520648002625 -0.21841071546077728 0.9983548521995544
0.5251385569572449 0.4347671866416931 -0.22514936327934265 0.9991782307624817
0.5892373323440552 0.5466355085372925 -0.027550693601369858 0.9951434135437012
0.46211332082748413 0.5381739139556885 -0.07658226042985916 0.9960170388221741
0.6329918503761292 0.6798138618469238 -0.24643778800964355 0.9806020259857178
0.40790313482284546 0.6757587194442749 -0.28051111102104187 0.988227903842926
0.570475161075592 0.5649526119232178 -0.494638592004776 0.9518876671791077
0.4879395365715027 0.6280291080474854 -0.4696831703186035 0.9701687693595886
0.5500311255455017 0.5008126497268677 -0.5403161644935608 0.8532717823982239
0.5151877403259277 0.5910578966140747 -0.5106911659240723 0.8649330735206604
0.5474570393562317 0.49145886301994324 -0.49403324723243713 0.842503011226654
0.5211060643196106 0.5709433555603027 -0.4775897264480591 0.847376823425293
0.5474399924278259 0.5175781846046448 -0.4815286695957184 0.8328374624252319
0.5160452723503113 0.5841153860092163 -0.45914068818092346 0.8372515439987183
0.5706501603126526 0.8312070965766907 0.018192632123827934 0.9945532083511353
0.48827284574508667 0.8347844481468201 -0.017800824716687202 0.9959083795547485
0.5942573547363281 1.0709116458892822 -0.158487007021904 0.34905534982681274
0.489231675863266 1.0079933404922485 -0.28777068853378296 0.4849369525909424
0.5779066681861877 1.2415695190429688 0.1689935177564621 0.01046017836779356
0.4989049732685089 1.2352197170257568 0.022509919479489326 0.03669074550271034
0.5737044215202332 1.262949824333191 0.19697308540344238 0.02147686295211315
0.49928200244903564 1.27249276638031 0.050752874463796616 0.026749443262815475
0.5777574181556702 1.32997465133667 0.07351860404014587 0.009670102037489414
0.5034921169281006 1.3127092123031616 -0.0925539955496788 0.03828088939189911
