0.5347992777824402 0.4032711088657379 -0.23068200051784515 0.9765685796737671
0.539911150932312 0.3826809525489807 -0.1993715465068817 0.980048656463623
0.5436936616897583 0.3835608959197998 -0.1994280368089676 0.9740522503852844
0.5477357506752014 0.38502612709999084 -0.19959861040115356 0.9791685938835144
0.5259096622467041 0.3822821378707886 -0.20177412033081055 0.9834941625595093
0.5198786854743958 0.38290637731552124 -0.20185360312461853 0.9806687235832214
0.5144583582878113 0.3842349648475647 -0.20202989876270294 0.9869315028190613
0.5512655973434448 0.40121176838874817 -0.055619336664676666 0.9786123037338257
0.5035411715507507 0.4009041488170624 -0.06296665966510773 0.9908389449119568
0.5419126152992249 0.43029382824897766 -0.17748674750328064 0.991096019744873
0.5244351625442505 0.4285753667354584 -0.180162250995636 0.9933631420135498
0.5904611945152283 0.5471630096435547 -0.020280225202441216 0.9897381663322449
0.46044743061065674 0.5405040979385376 -0.04407985508441925 0.988347589969635
0.6497525572776794 0.6716361045837402 -0.25272810459136963 0.9726646542549133
0.41294968128204346 0.6720665693283081 -0.2840745151042938 0.9824099540710449
0.5624085664749146 0.582306981086731 -0.47305935621261597 0.9022331833839417
0.518168032169342 0.5765866041183472 -0.4705970883369446 0.9600845575332642
0.5496541857719421 0.543169379234314 -0.5123721957206726 0.7365511059761047
0.5329424142837524 0.5379995703697205 -0.5116523504257202 0.8288915753364563
0.5472431778907776 0.5284624695777893 -0.463821142911911 0.7151553630828857
0.531936764717102 0.525405764579773 -0.46699750423431396 0.7931199073791504
0.5484480261802673 0.5494058132171631 -0.45772266387939453 0.7018125653266907
0.5304198861122131 0.5447931289672852 -0.4558238983154297 0.7677546739578247
0.5713899731636047 0.8341158628463745 0.00044570976751856506 0.9873078465461731
0.48759138584136963 0.8322959542274475 -1.696760250524676e-06 0.9913578033447266
0.5809800028800964 1.0782444477081299 -0.24008417129516602 0.5505879521369934
0.463718444108963 0.9997219443321228 -0.3276931941509247 0.7622066140174866
0.5669548511505127 1.2161872386932373 0.1315152496099472 0.010915380902588367
0.4784851670265198 1.2146921157836914 -0.02973427064716816 0.08096173405647278
0.5633783936500549 1.233333706855774 0.16494211554527283 0.01579838991165161
0.48564693331718445 1.2443498373031616 -0.0017148193437606096 0.04584101215004921
0.5663545727729797 1.2930192947387695 0.056937653571367264 0.0082160709425807
0.4706575572490692 1.306736707687378 -0.1398911476135254 0.04931336268782616
