0.5692795515060425 0.38461852073669434 -0.302498459815979 0.9999969005584717
0.5824335813522339 0.3661574125289917 -0.2768593430519104 0.9999878406524658
0.5879335999488831 0.3675423860549927 -0.27685192227363586 0.9999926090240479
0.5923154950141907 0.3696638345718384 -0.2768610119819641 0.9999852180480957
0.5636743903160095 0.36290818452835083 -0.2769361436367035 0.9999881982803345
0.5578447580337524 0.3618663549423218 -0.27702459692955017 0.9999922513961792
0.5535840392112732 0.3612866997718811 -0.2771722674369812 0.9999868869781494
0.6005010008811951 0.3841971755027771 -0.13501904904842377 0.9999897480010986
0.548934817314148 0.37581562995910645 -0.1374804973602295 0.9999971389770508
0.578877329826355 0.41258084774017334 -0.2503833472728729 0.9999974966049194
0.5570762157440186 0.40802061557769775 -0.25182026624679565 0.9999985694885254
0.6284234523773193 0.53754723072052 -0.061731476336717606 0.999975323677063
0.5064038038253784 0.5167760848999023 -0.04710713401436806 0.9999653100967407
0.6728222370147705 0.7176343202590942 -0.24364899098873138 0.999674916267395
0.47817477583885193 0.7058771848678589 -0.06382522732019424 0.9957269430160522
0.6368290781974792 0.5221562385559082 -0.5240495800971985 0.9996719360351562
0.5104079842567444 0.8320997953414917 -0.2106688767671585 0.9939718842506409
0.6368944048881531 0.4631906747817993 -0.5805436372756958 0.9981227517127991
0.5108752250671387 0.8854662775993347 -0.23366469144821167 0.9805641770362854
0.6345110535621643 0.4506712257862091 -0.5439361929893494 0.9979550838470459
0.5287165641784668 0.8741364479064941 -0.24316154420375824 0.9820627570152283
0.6287699341773987 0.47237128019332886 -0.5148352980613708 0.9977023005485535
0.5304059982299805 0.8565778732299805 -0.2144097536802292 0.9836326241493225
0.6153263449668884 0.8430102467536926 -0.00017223313625436276 0.9998199343681335
0.5247015357017517 0.8440597653388977 0.0010550807928666472 0.9997716546058655
0.6212899684906006 1.0819010734558105 -0.24105598032474518 0.43603116273880005
0.520535945892334 1.0710760354995728 -0.22738021612167358 0.4858502149581909
0.6201000213623047 1.2945122718811035 0.045939162373542786 0.0005799189675599337
0.5264996290206909 1.2960896492004395 0.011459870263934135 0.0026285918429493904
0.6222416758537292 1.3336076736450195 0.06857737898826599 0.0024455066304653883
0.5236785411834717 1.338295340538025 0.029658198356628418 0.0032606886234134436
0.6038785576820374 1.37955641746521 -0.0806816965341568 0.0005234203417785466
0.5392160415649414 1.3707964420318604 -0.1359490007162094 0.002446473343297839
