0.5725761651992798 0.40459319949150085 -0.26702362298965454 0.9999911785125732
0.586214005947113 0.3849959969520569 -0.24698816239833832 0.999967098236084
0.5918320417404175 0.38680213689804077 -0.2469373196363449 0.9999737739562988
0.5966350436210632 0.38835418224334717 -0.24698001146316528 0.999957799911499
0.5685993432998657 0.3803771138191223 -0.24687142670154572 0.9999735355377197
0.5631495118141174 0.37876826524734497 -0.24686726927757263 0.9999783039093018
0.5587659478187561 0.37734949588775635 -0.24700723588466644 0.9999701976776123
0.6044923067092896 0.4008670747280121 -0.12240295857191086 0.9999620914459229
0.5536780953407288 0.3855217695236206 -0.12346282601356506 0.9999910593032837
0.5816507935523987 0.43375295400619507 -0.21978217363357544 0.9999943971633911
0.560558557510376 0.427112340927124 -0.2208774983882904 0.9999973773956299
0.6306151747703552 0.5321544408798218 -0.048995040357112885 0.9999595880508423
0.5066494941711426 0.5132608413696289 -0.03871499374508858 0.9999666213989258
0.6781466007232666 0.6959568858146667 -0.20414799451828003 0.999159574508667
0.47831737995147705 0.7002499103546143 -0.0486132986843586 0.9932729005813599
0.6498841047286987 0.4907867908477783 -0.4412477910518646 0.9985981583595276
0.5082728862762451 0.8343088030815125 -0.17522604763507843 0.985872745513916
0.6439765691757202 0.43408769369125366 -0.49090221524238586 0.9910252094268799
0.5097828507423401 0.8852139711380005 -0.1929745227098465 0.9570536613464355
0.6383960843086243 0.42306697368621826 -0.45463162660598755 0.9896799921989441
0.5266112685203552 0.873372495174408 -0.20078061521053314 0.9597503542900085
0.6360692381858826 0.44622206687927246 -0.43165290355682373 0.9898068308830261
0.5282442569732666 0.8567848205566406 -0.17769433557987213 0.9627304077148438
0.6136916279792786 0.8333688974380493 0.003987353760749102 0.9997044205665588
0.5250725150108337 0.8378104567527771 -0.002941124839708209 0.9994088411331177
0.6178295612335205 1.0648272037506104 -0.20506659150123596 0.318153977394104
0.5328105092048645 1.0685975551605225 -0.021387100219726562 0.1589864045381546
0.6142053008079529 1.2675962448120117 0.04581918194890022 0.0004001353227067739
0.5261255502700806 1.2701098918914795 0.21752335131168365 0.0009204824455082417
0.6148936748504639 1.3039450645446777 0.0664827898144722 0.0019055305747315288
0.5202745199203491 1.3105456829071045 0.23620155453681946 0.0013977293856441975
0.5971309542655945 1.3568129539489746 -0.07788726687431335 0.0004235075321048498
0.5393593311309814 1.3448562622070312 0.08493626117706299 0.0009810588089749217
