0.5721778869628906 0.40748894214630127 -0.3260825276374817 0.9999933242797852
0.5858401656150818 0.3869837522506714 -0.30458512902259827 0.9999570846557617
0.5912640690803528 0.3885798752307892 -0.30460959672927856 0.9999792575836182
0.595855712890625 0.3901183009147644 -0.3046634793281555 0.9999330043792725
0.5687345266342163 0.38214755058288574 -0.3026430904865265 0.9999632835388184
0.5630308389663696 0.37997639179229736 -0.30278798937797546 0.9999828338623047
0.5582849979400635 0.37835514545440674 -0.3029208183288574 0.9999587535858154
0.6044120788574219 0.4013310968875885 -0.16816404461860657 0.9999732971191406
0.5536414980888367 0.3855852782726288 -0.16318967938423157 0.9999945163726807
0.5809716582298279 0.4353909194469452 -0.27365225553512573 0.9999852180480957
0.5603618025779724 0.4290062487125397 -0.2728933095932007 0.9999938011169434
0.6300019025802612 0.531053364276886 -0.0870000571012497 0.9999308586120605
0.5067798495292664 0.5142841339111328 -0.05453445762395859 0.9999475479125977
0.6769115924835205 0.694678008556366 -0.24821589887142181 0.9997937083244324
0.4770314395427704 0.7021771669387817 -0.0776764377951622 0.9953351616859436
0.6517382860183716 0.49866241216659546 -0.49409419298171997 0.9997227787971497
0.5067596435546875 0.8343545198440552 -0.24725373089313507 0.9964174032211304
0.6462644934654236 0.4482211470603943 -0.5457548499107361 0.9988864064216614
0.5053974390029907 0.883089542388916 -0.26976555585861206 0.9909226298332214
0.6415811777114868 0.43473580479621887 -0.5106254816055298 0.9987982511520386
0.523354172706604 0.872180700302124 -0.2767346203327179 0.9914519786834717
0.6389703750610352 0.45497840642929077 -0.48393166065216064 0.9986999034881592
0.5255821347236633 0.8568748831748962 -0.24952541291713715 0.9923157691955566
0.6144883632659912 0.8294639587402344 -0.0071741449646651745 0.999874472618103
0.5252465605735779 0.83130943775177 0.007825602777302265 0.999882698059082
0.6219343543052673 1.0610979795455933 -0.1945255696773529 0.7487726807594299
0.518216073513031 1.0590234994888306 -0.16819986701011658 0.8583369851112366
0.6097765564918518 1.2428299188613892 0.17543438076972961 0.001477629877626896
0.5334458947181702 1.2553772926330566 0.15298719704151154 0.007504186127334833
0.6093018054962158 1.2726702690124512 0.20917116105556488 0.00869299378246069
0.5337753891944885 1.290527582168579 0.1812971532344818 0.01685367338359356
0.5964311361312866 1.336909532546997 0.09796981513500214 0.0008915959624573588
0.540955662727356 1.3367435932159424 0.05483027547597885 0.0038314624689519405
