0.5697323679924011 0.3754117488861084 -0.2003161758184433 0.9999914169311523
0.580790638923645 0.3573411703109741 -0.1702994406223297 0.999987006187439
0.585917055606842 0.35812968015670776 -0.17039383947849274 0.9999845027923584
0.5906382203102112 0.359015554189682 -0.17051158845424652 0.9999825954437256
0.5621450543403625 0.35727131366729736 -0.1733434945344925 0.9999829530715942
0.5551789402961731 0.35786011815071106 -0.1733703762292862 0.9999804496765137
0.5500800609588623 0.35814952850341797 -0.173480823636055 0.9999829530715942
0.6003042459487915 0.37610045075416565 -0.03313813731074333 0.9999827146530151
0.5445639491081238 0.3728190064430237 -0.04519094154238701 0.9999887943267822
0.5786319971084595 0.40906286239624023 -0.1515844166278839 0.9999980926513672
0.5557178258895874 0.4064166843891144 -0.15485280752182007 0.999998927116394
0.6279299259185791 0.540081262588501 0.025977397337555885 0.9999719858169556
0.5050209164619446 0.5161653757095337 -0.03212347626686096 0.9999301433563232
0.6469590663909912 0.7109950184822083 -0.05579013004899025 0.984372079372406
0.4793718457221985 0.7021938562393188 -0.08956800401210785 0.9937359094619751
0.6434983611106873 0.7744810581207275 -0.301463782787323 0.9852340817451477
0.5091606974601746 0.8374248743057251 -0.23656721413135529 0.9885590076446533
0.6506274342536926 0.8212998509407043 -0.36399033665657043 0.9732829332351685
0.5081908702850342 0.8891620635986328 -0.2805669903755188 0.9743990302085876
0.633910059928894 0.8108030557632446 -0.3778775930404663 0.9766522645950317
0.527611494064331 0.8813484311103821 -0.2975607216358185 0.9766486287117004
0.6281365156173706 0.7988395094871521 -0.3127835690975189 0.9743925929069519
0.5296657681465149 0.8640223741531372 -0.24394655227661133 0.9744114875793457
0.601057767868042 0.8308876156806946 0.02715500444173813 0.9994040727615356
0.5184590220451355 0.834721028804779 -0.026919608935713768 0.9991105198860168
0.6438055634498596 0.97846919298172 -0.30758482217788696 0.7440787553787231
0.5322708487510681 0.9856092929840088 -0.36283424496650696 0.6958135366439819
0.6269435286521912 1.1394306421279907 0.02744896523654461 0.12448426336050034
0.5515592694282532 1.1786190271377563 -0.03554265946149826 0.07717004418373108
0.6200940012931824 1.158618688583374 0.056653473526239395 0.22173519432544708
0.5519825220108032 1.2030651569366455 -0.005058382637798786 0.07642918825149536
0.6350235342979431 1.2285557985305786 -0.04684138670563698 0.09994878619909286
0.5626021027565002 1.2682026624679565 -0.12163188308477402 0.06864485889673233
