0.5670706033706665 0.4010867476463318 -0.25433650612831116 0.9981661438941956
0.5773013234138489 0.37892651557922363 -0.22924774885177612 0.9979288578033447
0.5825331807136536 0.37967678904533386 -0.2292892336845398 0.9980528354644775
0.5872370600700378 0.3809192180633545 -0.22938796877861023 0.9978668093681335
0.5597743988037109 0.37520503997802734 -0.23144640028476715 0.9972236156463623
0.5528151392936707 0.37375128269195557 -0.2315765768289566 0.9975626468658447
0.5469984412193298 0.3730722665786743 -0.23171228170394897 0.9974141120910645
0.5934213995933533 0.39174628257751465 -0.09209343045949936 0.9983224272727966
0.5370208024978638 0.3845807611942291 -0.10031704604625702 0.997796893119812
0.5748410820960999 0.4321835935115814 -0.20267833769321442 0.9986353516578674
0.554241418838501 0.4272427260875702 -0.2057051658630371 0.997946560382843
0.6233915686607361 0.5292071104049683 -0.050469402223825455 0.9981880784034729
0.49697911739349365 0.528978705406189 -0.059245988726615906 0.9968730807304382
0.6568416357040405 0.7338122129440308 -0.23266775906085968 0.9959121942520142
0.48415204882621765 0.7299749851226807 -0.2752796411514282 0.9947953820228577
0.5880733132362366 0.5837489366531372 -0.44676658511161804 0.9960790276527405
0.5563058853149414 0.5669749975204468 -0.5169059634208679 0.999220609664917
0.5813010334968567 0.5277576446533203 -0.4900246858596802 0.9848794341087341
0.5652235150337219 0.5107206106185913 -0.5641711950302124 0.9956183433532715
0.5818616151809692 0.5095354318618774 -0.44879454374313354 0.9838669300079346
0.559635579586029 0.49452120065689087 -0.5278391242027283 0.9949498176574707
0.582138180732727 0.5318349599838257 -0.4343506395816803 0.9876598715782166
0.5577260255813599 0.5165049433708191 -0.5072442293167114 0.9950714111328125
0.6161550879478455 0.8564630746841431 0.004229404963552952 0.9994421601295471
0.5205675363540649 0.8600286245346069 -0.003405917203053832 0.9988691210746765
0.61961430311203 1.1067396402359009 -0.019350258633494377 0.39309242367744446
0.508758008480072 1.1192225217819214 0.03391166031360626 0.4676336944103241
0.6186851859092712 1.316318392753601 0.3659335672855377 0.0002726189559325576
0.5084428787231445 1.3162574768066406 0.35094621777534485 0.0010465442901477218
0.6204392910003662 1.3551619052886963 0.40254971385002136 0.0009785714792087674
0.5059594511985779 1.3540700674057007 0.38102445006370544 0.0008086647721938789
0.6113710403442383 1.4048972129821777 0.2926541864871979 0.00019670167239382863
0.5241609811782837 1.3956661224365234 0.2505936026573181 0.0006895747501403093
