0.568332314491272 0.3884352147579193 -0.27447181940078735 0.9999556541442871
0.5782231688499451 0.3659616708755493 -0.24738261103630066 0.9999418258666992
0.5830389261245728 0.3676459789276123 -0.2473720908164978 0.9999477863311768
0.5883076786994934 0.3699870705604553 -0.24737705290317535 0.9999289512634277
0.5599074959754944 0.36348986625671387 -0.24788708984851837 0.9999345541000366
0.5532339215278625 0.3630064129829407 -0.24797140061855316 0.9999433755874634
0.5469779372215271 0.3630746603012085 -0.24805237352848053 0.9999288320541382
0.5962010025978088 0.3879351317882538 -0.10481701046228409 0.9999605417251587
0.53935706615448 0.3770713806152344 -0.10487962514162064 0.9999550580978394
0.5767173767089844 0.4198680818080902 -0.2230881303548813 0.9999783039093018
0.5545124411582947 0.41585657000541687 -0.22372914850711823 0.9999687671661377
0.6288893818855286 0.5452361106872559 -0.043584633618593216 0.9998596906661987
0.5004190802574158 0.5364302396774292 -0.04416654631495476 0.9998167157173157
0.6683269739151001 0.7632678747177124 -0.18426688015460968 0.9976413249969482
0.47431182861328125 0.7704920172691345 -0.22075866162776947 0.998052716255188
0.5973859429359436 0.6497220993041992 -0.3940505385398865 0.9964566826820374
0.5458709001541138 0.6436336040496826 -0.45708563923835754 0.9991056323051453
0.5879250764846802 0.5923886299133301 -0.43538257479667664 0.977925181388855
0.5634217858314514 0.5900429487228394 -0.4967634379863739 0.99378502368927
0.5872976779937744 0.5658985376358032 -0.3965643048286438 0.9754541516304016
0.5608500838279724 0.5662977695465088 -0.4631749093532562 0.9928258657455444
0.5868984460830688 0.585311233997345 -0.38156309723854065 0.9824627637863159
0.5592044591903687 0.5833545327186584 -0.44692108035087585 0.9934636950492859
0.615026593208313 0.8715105652809143 0.0073279631324112415 0.9997811913490295
0.520458996295929 0.8716353178024292 -0.0058988239616155624 0.9995896220207214
0.6111627817153931 1.1285794973373413 -0.07039032876491547 0.1760539710521698
0.5101065635681152 1.1292169094085693 0.10777945071458817 0.1811647266149521
0.6065507531166077 1.3404990434646606 0.2654256522655487 8.033421909203753e-05
0.5096483826637268 1.336637258529663 0.42817357182502747 0.0002210137463407591
0.6077545881271362 1.3853166103363037 0.29412445425987244 0.00038888436392880976
0.5050575137138367 1.3775283098220825 0.45505088567733765 0.00023340521147474647
0.5958346128463745 1.4211711883544922 0.14565467834472656 8.835733024170622e-05
0.5233015418052673 1.419811487197876 0.3005797564983368 0.00027750158915296197
