0.5678231716156006 0.37907224893569946 -0.4244440495967865 0.999915599822998
0.5786158442497253 0.3593760132789612 -0.4017423987388611 0.9998390674591064
0.5838950276374817 0.3603266179561615 -0.40170714259147644 0.9998699426651001
0.5887871980667114 0.36163896322250366 -0.40171322226524353 0.9997846484184265
0.5595085024833679 0.35884925723075867 -0.40151259303092957 0.9998434782028198
0.5528666973114014 0.3592974543571472 -0.40166035294532776 0.9998766183853149
0.5476077198982239 0.3599097728729248 -0.4017940163612366 0.999805748462677
0.5976959466934204 0.37983497977256775 -0.2644713521003723 0.9998975992202759
0.5414230227470398 0.3772057592868805 -0.26106226444244385 0.999861478805542
0.5763914585113525 0.41313594579696655 -0.3738076090812683 0.9999723434448242
0.5542569756507874 0.41021546721458435 -0.37347665429115295 0.9999599456787109
0.626841127872467 0.5421987175941467 -0.1873292177915573 0.9997313618659973
0.5010831952095032 0.5360579490661621 -0.1698753833770752 0.9995667338371277
0.6726872324943542 0.7653505802154541 -0.2980218827724457 0.9974640607833862
0.47836726903915405 0.7769571542739868 -0.31215229630470276 0.9964532852172852
0.6091322302818298 0.7136831283569336 -0.525964617729187 0.9953098893165588
0.5412281155586243 0.6867544054985046 -0.5768700242042542 0.998145341873169
0.5956681966781616 0.6777243614196777 -0.5705345273017883 0.9685049653053284
0.5711681246757507 0.647586464881897 -0.6213269829750061 0.9885013103485107
0.5958098769187927 0.6477456092834473 -0.5435147881507874 0.9668293595314026
0.5735334157943726 0.6239983439445496 -0.5931236147880554 0.9876902103424072
0.5959852337837219 0.655965268611908 -0.5167368054389954 0.9726511836051941
0.566565215587616 0.6342854499816895 -0.5684465765953064 0.9870812296867371
0.6095066666603088 0.8437192440032959 -0.004049254581332207 0.9979491829872131
0.5219153761863708 0.8512673377990723 0.005258736666291952 0.9977153539657593
0.6113671660423279 1.093938946723938 -0.08698856085538864 0.09118606895208359
0.5138901472091675 1.0852699279785156 0.07919955998659134 0.10329901427030563
0.611176073551178 1.2806726694107056 0.2707034945487976 6.217369809746742e-05
0.5078189969062805 1.2770034074783325 0.4156619608402252 0.0002652173861861229
0.6127033233642578 1.3204699754714966 0.2992905378341675 0.0003683985269162804
0.5039457678794861 1.318612813949585 0.44264453649520874 0.00023445549595635384
0.6013041734695435 1.3664100170135498 0.14518873393535614 7.625998114235699e-05
0.516118586063385 1.356755018234253 0.27879205346107483 0.0004186711448710412
