0.5391520261764526 0.3528054356575012 -0.4609804153442383 0.9999362230300903
0.5484867095947266 0.32919496297836304 -0.4309646785259247 0.9999202489852905
0.5525146126747131 0.3301401734352112 -0.4311085343360901 0.999942421913147
0.5576215982437134 0.33130043745040894 -0.4312674105167389 0.9999213218688965
0.5306051969528198 0.3276364207267761 -0.4387202262878418 0.9999027252197266
0.5230228304862976 0.3278132677078247 -0.4388480484485626 0.9999279975891113
0.5172926783561707 0.32837235927581787 -0.43912115693092346 0.9999090433120728
0.5643413662910461 0.34697967767715454 -0.25142744183540344 0.9999384880065918
0.5076708197593689 0.34605032205581665 -0.2894934117794037 0.999975323677063
0.5490428805351257 0.385306715965271 -0.3925691843032837 0.999977707862854
0.5257006883621216 0.3852423429489136 -0.40392830967903137 0.9999877214431763
0.6069628000259399 0.4960062801837921 -0.13574004173278809 0.9998801946640015
0.4613538980484009 0.500817060470581 -0.1822938472032547 0.9998151659965515
0.6338493824005127 0.7151780128479004 -0.3262765109539032 0.9970634579658508
0.4394438862800598 0.7051902413368225 -0.29792559146881104 0.9901620149612427
0.6103971600532532 0.578446090221405 -0.7047973871231079 0.9980183839797974
0.4774476885795593 0.7474856376647949 -0.5643296837806702 0.985836386680603
0.6029014587402344 0.532936155796051 -0.782387375831604 0.994247317314148
0.48771849274635315 0.7632746696472168 -0.6262757778167725 0.9652976989746094
0.6068605184555054 0.5059065818786621 -0.7574573755264282 0.9944349527359009
0.492065966129303 0.7362678050994873 -0.6231482625007629 0.9663397669792175
0.6048927307128906 0.5182216763496399 -0.7031570672988892 0.9913421273231506
0.4907844364643097 0.7284140586853027 -0.5668069124221802 0.9603185057640076
0.5948614478111267 0.8228397965431213 0.014953942969441414 0.9880139827728271
0.49174314737319946 0.8377983570098877 -0.014226180501282215 0.9908615350723267
0.6450930833816528 1.018176555633545 -0.2653012275695801 0.5195482969284058
0.4794870615005493 1.0621106624603271 -0.43959495425224304 0.5190568566322327
0.6162042021751404 1.3165678977966309 0.09992026537656784 0.012822126038372517
0.4843916893005371 1.321913480758667 -0.15143385529518127 0.066374272108078
0.613219678401947 1.3432269096374512 0.12778642773628235 0.02179388515651226
0.4838833510875702 1.3613944053649902 -0.12868456542491913 0.06630931049585342
0.6039397120475769 1.4135805368423462 -0.03607875108718872 0.006720241624861956
0.4951010048389435 1.405318021774292 -0.3387392461299896 0.04014114663004875
