0.547818124294281 0.33750540018081665 -0.1817404329776764 0.9998588562011719
0.5560871958732605 0.3160296082496643 -0.15864109992980957 0.9998424053192139
0.5614461302757263 0.31672203540802 -0.1586887091398239 0.9999009370803833
0.5659776329994202 0.31730175018310547 -0.15878751873970032 0.9998447895050049
0.5387606024742126 0.3177151679992676 -0.16056251525878906 0.9997569918632507
0.5326948761940002 0.31921327114105225 -0.16074424982070923 0.9998348951339722
0.5277137756347656 0.3213842511177063 -0.16084308922290802 0.9997443556785583
0.5752770900726318 0.3354272246360779 -0.029838871210813522 0.9999451637268066
0.5190966725349426 0.34053829312324524 -0.03663291409611702 0.9999154806137085
0.5599949955940247 0.3666096329689026 -0.13228897750377655 0.9998587369918823
0.5380101799964905 0.36730092763900757 -0.13473963737487793 0.9997188448905945
0.6191682815551758 0.4845423996448517 0.01671263575553894 0.9998084902763367
0.48474055528640747 0.4896250367164612 -0.0052515361458063126 0.9993290901184082
0.6538845300674438 0.6798481345176697 -0.16253510117530823 0.9994305968284607
0.4779871702194214 0.6847932934761047 -0.18989960849285126 0.9965482354164124
0.5991497039794922 0.5467129349708557 -0.38305193185806274 0.9992252588272095
0.5342900156974792 0.5981378555297852 -0.4131115972995758 0.9990870952606201
0.5843549966812134 0.5084093809127808 -0.42860761284828186 0.9976950287818909
0.5488181710243225 0.5589990615844727 -0.45619234442710876 0.9962129592895508
0.5823184251785278 0.47977256774902344 -0.39219552278518677 0.9975455403327942
0.5443418025970459 0.5287477374076843 -0.42970290780067444 0.9957471489906311
0.584081768989563 0.49492350220680237 -0.3727004826068878 0.9983910918235779
0.5424310564994812 0.5368438363075256 -0.40699803829193115 0.9969488978385925
0.6061468720436096 0.8042967319488525 0.009375792928040028 0.9999892711639404
0.5079671144485474 0.7999308109283447 -0.008490174077451229 0.9999792575836182
0.6052698493003845 1.0654171705245972 0.03654726594686508 0.6371630430221558
0.5060412883758545 1.0914511680603027 0.02967243827879429 0.7342564463615417
0.6135711073875427 1.2585880756378174 0.4670295715332031 0.0001194587312056683
0.49847596883773804 1.261520504951477 0.433849960565567 0.0002736924507189542
0.6191619038581848 1.2954450845718384 0.5099847912788391 0.0005941367126069963
0.495754212141037 1.2957484722137451 0.47477394342422485 0.0006007109768688679
0.6050628423690796 1.3413314819335938 0.42512696981430054 4.444640580913983e-05
0.5072017908096313 1.3368799686431885 0.3759920299053192 0.00015082534810062498
