0.5499918460845947 0.3402441442012787 -0.35972777009010315 0.9999805688858032
0.5560492277145386 0.3204484283924103 -0.3308282494544983 0.9999089241027832
0.5609738230705261 0.3205247223377228 -0.33079978823661804 0.9999309778213501
0.5657575726509094 0.32057496905326843 -0.330856055021286 0.9998121857643127
0.5391965508460999 0.3232305943965912 -0.33951619267463684 0.9999420642852783
0.5327397584915161 0.32494840025901794 -0.339595764875412 0.9999631643295288
0.5273744463920593 0.32697728276252747 -0.3397440016269684 0.9999299049377441
0.574098527431488 0.3319115936756134 -0.1708410382270813 0.9999014139175415
0.5192474126815796 0.34405839443206787 -0.21165136992931366 0.9999910593032837
0.5610484480857849 0.36727771162986755 -0.2987124025821686 0.9999730587005615
0.5415061712265015 0.3684433698654175 -0.3110450804233551 0.9999910593032837
0.6112173199653625 0.4673492908477783 -0.06248055398464203 0.9998012185096741
0.4806402921676636 0.4888390302658081 -0.134140744805336 0.999691367149353
0.678557813167572 0.5545433163642883 -0.20072689652442932 0.9974737763404846
0.4640156626701355 0.6797823309898376 -0.21752376854419708 0.9904863238334656
0.6323923468589783 0.38908806443214417 -0.4110885262489319 0.9944474697113037
0.5095506906509399 0.837587833404541 -0.388770192861557 0.9821617603302002
0.6123642325401306 0.3349592387676239 -0.4592752158641815 0.9688590168952942
0.5181092023849487 0.8881733417510986 -0.419403612613678 0.9382361173629761
0.6027514338493347 0.33222612738609314 -0.41710007190704346 0.9664538502693176
0.5348575115203857 0.8744341135025024 -0.4262560307979584 0.9406086802482605
0.6047045588493347 0.34478896856307983 -0.3984842300415039 0.9652747511863708
0.5339677333831787 0.8566227555274963 -0.39065292477607727 0.935335099697113
0.609126091003418 0.7664898037910461 0.006028628442436457 0.9995303153991699
0.5223220586776733 0.7821112275123596 -0.005447120405733585 0.999154806137085
0.635747492313385 1.0099821090698242 -0.12855757772922516 0.6846153736114502
0.49664098024368286 1.0091791152954102 -0.08797468990087509 0.6101545691490173
0.6247773766517639 1.1840922832489014 0.257680207490921 0.007068271283060312
0.5113206505775452 1.1876051425933838 0.2949937880039215 0.015539232641458511
0.6205858588218689 1.2153781652450562 0.291739821434021 0.036020126193761826
0.5165360569953918 1.22189462184906 0.32855063676834106 0.029490528628230095
0.625501275062561 1.2740375995635986 0.16117726266384125 0.006540829781442881
0.5149731636047363 1.2678415775299072 0.1909351944923401 0.011459059081971645
