0.5346938967704773 0.4123070240020752 -0.20923718810081482 0.9991994500160217
0.539784848690033 0.3888905942440033 -0.1886892020702362 0.9988621473312378
0.5433356165885925 0.3893095850944519 -0.1886431723833084 0.9991229176521301
0.5467919707298279 0.3901847004890442 -0.1886545866727829 0.9989795088768005
0.5262361764907837 0.387590229511261 -0.20104199647903442 0.9988791346549988
0.5199751853942871 0.3869553208351135 -0.20119166374206543 0.9991685152053833
0.5141664743423462 0.38670554757118225 -0.20132431387901306 0.9990713596343994
0.5468054413795471 0.4018810987472534 -0.06004689261317253 0.9994283318519592
0.5015718340873718 0.39652106165885925 -0.11482278257608414 0.9995918869972229
0.5389257669448853 0.4381478726863861 -0.15804073214530945 0.9990159273147583
0.5228743553161621 0.4369186758995056 -0.17453798651695251 0.9989714622497559
0.5786157250404358 0.5199824571609497 -0.0009567612432874739 0.9993220567703247
0.45436108112335205 0.5251754522323608 -0.09231530129909515 0.9994553923606873
0.6270223259925842 0.6594092845916748 -0.17502334713935852 0.9977282881736755
0.4261430501937866 0.6754451394081116 -0.29382017254829407 0.9990298748016357
0.5518929958343506 0.5360069274902344 -0.39566901326179504 0.9973553419113159
0.5142264366149902 0.5493115186691284 -0.4635205864906311 0.9996888637542725
0.5448378920555115 0.49209243059158325 -0.43973127007484436 0.9907581806182861
0.5248983502388 0.5032527446746826 -0.5046942830085754 0.9983697533607483
0.540571928024292 0.4825490415096283 -0.4013403058052063 0.9890156388282776
0.5210738778114319 0.4909776449203491 -0.4686095118522644 0.9980395436286926
0.5401433110237122 0.4959455132484436 -0.386060506105423 0.992244303226471
0.5186753869056702 0.5098188519477844 -0.4515742063522339 0.9980751276016235
0.5654056072235107 0.8194993138313293 0.02431168407201767 0.9997608065605164
0.4755643904209137 0.8259592652320862 -0.023326022550463676 0.9996858835220337
0.5830579996109009 1.0784779787063599 0.0014090274926275015 0.5490679740905762
0.4773283302783966 1.0369594097137451 0.03820796310901642 0.5631603002548218
0.5888035893440247 1.2892087697982788 0.3460402488708496 0.0005154865211807191
0.4812965989112854 1.3022208213806152 0.2935759723186493 0.0019364163745194674
0.5903539657592773 1.3248039484024048 0.37780454754829407 0.0020158658735454082
0.47871190309524536 1.3397417068481445 0.31601303815841675 0.0023086953442543745
0.5844020843505859 1.372050166130066 0.2615855634212494 0.00023097665689419955
0.49431103467941284 1.381223440170288 0.16826298832893372 0.0008512049680575728
