0.5354697704315186 0.41659775376319885 -0.20245371758937836 0.9988943934440613
0.5400221943855286 0.39186421036720276 -0.18201224505901337 0.9986604452133179
0.5436260104179382 0.39244115352630615 -0.18190954625606537 0.9987133741378784
0.5470742583274841 0.39347296953201294 -0.18191450834274292 0.9987706542015076
0.527214765548706 0.3896694779396057 -0.1946704238653183 0.9986754059791565
0.5212061405181885 0.3889719247817993 -0.19484151899814606 0.998836100101471
0.5151609778404236 0.38864609599113464 -0.1949746459722519 0.9989388585090637
0.5474850535392761 0.40486595034599304 -0.054609354585409164 0.9990895986557007
0.5012704730033875 0.3983588218688965 -0.11011449992656708 0.9995220899581909
0.5393471121788025 0.44319552183151245 -0.15205886960029602 0.9989243149757385
0.5229860544204712 0.4404129385948181 -0.1687566637992859 0.998957633972168
0.57840496301651 0.5235971212387085 0.0013964546378701925 0.9994502663612366
0.4549970328807831 0.524014949798584 -0.09385097026824951 0.9996401071548462
0.6250340938568115 0.6605495810508728 -0.17791908979415894 0.9980689883232117
0.4251272976398468 0.6727132201194763 -0.2942255437374115 0.9992637038230896
0.5511599779129028 0.5348662734031677 -0.3890235722064972 0.9986131191253662
0.5113911032676697 0.5476070642471313 -0.4392465054988861 0.9998169541358948
0.5461273789405823 0.4907580316066742 -0.433134526014328 0.9936463832855225
0.5235270261764526 0.5018023252487183 -0.4772593080997467 0.9987793564796448
0.5414947271347046 0.4799567461013794 -0.3932310938835144 0.9919958114624023
0.5206907987594604 0.4890052080154419 -0.4394310712814331 0.9984816908836365
0.5406861901283264 0.49306052923202515 -0.379391610622406 0.9948898553848267
0.5179935693740845 0.5081256628036499 -0.4267157018184662 0.9986236095428467
0.5668050646781921 0.8192765116691589 0.02659216895699501 0.9998725652694702
0.47644662857055664 0.8282463550567627 -0.02554086223244667 0.9998432397842407
0.579498291015625 1.0806008577346802 0.05097024142742157 0.23825527727603912
0.4762258529663086 1.0806059837341309 0.07037864625453949 0.27830952405929565
0.5878055095672607 1.2888062000274658 0.39813172817230225 0.00010834587010322139
0.4802074730396271 1.295142412185669 0.33528172969818115 0.0004724710015580058
0.5908636450767517 1.3275032043457031 0.4301447868347168 0.000471021281555295
0.4772857427597046 1.3334946632385254 0.3586425185203552 0.0004961816011928022
0.5826270580291748 1.3656660318374634 0.3110456168651581 7.915192691143602e-05
0.4938565194606781 1.3746651411056519 0.20846346020698547 0.000319229147862643
