0.5314646363258362 0.4076569378376007 -0.16555672883987427 0.9993414282798767
0.5369773507118225 0.38706839084625244 -0.14186929166316986 0.9991260170936584
0.5405649542808533 0.3873065710067749 -0.1417696624994278 0.9992663264274597
0.5441579222679138 0.3880624771118164 -0.14171573519706726 0.9992228746414185
0.5227494835853577 0.38668978214263916 -0.15035638213157654 0.9992030262947083
0.5166466236114502 0.3866926431655884 -0.15053090453147888 0.9993686079978943
0.5106656551361084 0.387373685836792 -0.15066902339458466 0.9993813037872314
0.5473501682281494 0.39931508898735046 -0.015162426047027111 0.999437153339386
0.5003936290740967 0.3993128538131714 -0.05098602920770645 0.9997372031211853
0.5382987260818481 0.43365752696990967 -0.11760740727186203 0.9992833733558655
0.5199684500694275 0.434695303440094 -0.1284704953432083 0.9993997812271118
0.5824254155158997 0.5259063243865967 0.03329307958483696 0.9995180368423462
0.45721960067749023 0.5282076597213745 -0.041127320379018784 0.9997223019599915
0.6261508464813232 0.672684907913208 -0.145348459482193 0.9984993934631348
0.42087799310684204 0.6826369762420654 -0.23426294326782227 0.9992467164993286
0.5591185688972473 0.5386223793029785 -0.3412126898765564 0.9988526105880737
0.5090033411979675 0.5584272146224976 -0.3698486387729645 0.9998058676719666
0.5498059391975403 0.4983205199241638 -0.38107287883758545 0.9943708777427673
0.5204222202301025 0.5088872909545898 -0.404090017080307 0.9986074566841125
0.543505072593689 0.4871980547904968 -0.3384295701980591 0.992741584777832
0.5166561007499695 0.49390071630477905 -0.36607688665390015 0.9982445240020752
0.5435812473297119 0.4999879002571106 -0.3295981287956238 0.9951798915863037
0.515446662902832 0.5121971964836121 -0.3571409583091736 0.9984765648841858
0.5669286847114563 0.82801753282547 0.0268250722438097 0.9999181032180786
0.474044531583786 0.8303778767585754 -0.02569853700697422 0.9999139308929443
0.5744287967681885 1.0871052742004395 0.05214524641633034 0.35390353202819824
0.47818344831466675 1.078860878944397 0.047145746648311615 0.3235308527946472
0.5787755250930786 1.2990458011627197 0.37755054235458374 0.0001711101649561897
0.47833624482154846 1.301163911819458 0.3079443573951721 0.000585477682761848
0.5810800790786743 1.340116024017334 0.40656763315200806 0.0010022865608334541
0.4745819866657257 1.3440829515457153 0.3297615647315979 0.0007813404081389308
0.5719274878501892 1.3767770528793335 0.2802809476852417 0.00012192181748105213
0.4879280924797058 1.377384066581726 0.17132312059402466 0.00043799588456749916
