0.5335422158241272 0.4003320038318634 -0.21683844923973083 0.9999712705612183
0.5393623113632202 0.38223952054977417 -0.19603438675403595 0.9999594688415527
0.5429673790931702 0.38311880826950073 -0.1959836184978485 0.9999673366546631
0.5469995141029358 0.3844205439090729 -0.19599060714244843 0.999957799911499
0.5248882174491882 0.38064971566200256 -0.20377901196479797 0.9999632835388184
0.5184980034828186 0.3805200159549713 -0.20391304790973663 0.9999692440032959
0.5130582451820374 0.3808782696723938 -0.20406217873096466 0.9999645948410034
0.5504564642906189 0.3966692090034485 -0.07259328663349152 0.9999669790267944
0.502754807472229 0.3956315517425537 -0.10965582728385925 0.9999904632568359
0.540300726890564 0.4264186918735504 -0.16925691068172455 0.9999700784683228
0.5209805965423584 0.4256945550441742 -0.18043039739131927 0.9999841451644897
0.581549346446991 0.5253530144691467 0.0037292432971298695 0.9999465942382812
0.45370227098464966 0.5340304374694824 -0.03743215650320053 0.9999328851699829
0.6217561364173889 0.6860271692276001 -0.1113150492310524 0.9996123909950256
0.40592116117477417 0.6996891498565674 -0.08700725436210632 0.9988817572593689
0.5844702124595642 0.5545254945755005 -0.3377343714237213 0.9997783303260803
0.4649048149585724 0.7381759881973267 -0.20781220495700836 0.9985040426254272
0.5722097158432007 0.5081177353858948 -0.38284194469451904 0.9989627599716187
0.4789557158946991 0.7416052222251892 -0.23075564205646515 0.9942783117294312
0.5734426975250244 0.4901433289051056 -0.35362502932548523 0.9986875653266907
0.48358795046806335 0.7253637909889221 -0.22132839262485504 0.9939543604850769
0.5738705396652222 0.5021200180053711 -0.3306513726711273 0.9989835619926453
0.48127448558807373 0.7203762531280518 -0.2037225216627121 0.9953077435493469
0.5734970569610596 0.8278102874755859 0.014175564981997013 0.9999134540557861
0.4806791841983795 0.8394103050231934 -0.013080473989248276 0.9998941421508789
0.5867872834205627 1.0812031030654907 0.04791082814335823 0.14458099007606506
0.4794372320175171 1.0857527256011963 0.07326170057058334 0.14921347796916962
0.589241087436676 1.2959511280059814 0.3723202347755432 9.735240746522322e-05
0.4811647832393646 1.2997183799743652 0.3316587507724762 0.000495331478305161
0.591629683971405 1.333359956741333 0.4020449221134186 0.0003925146593246609
0.4776017367839813 1.3389086723327637 0.3541624844074249 0.0008841297822073102
0.5810256600379944 1.3761470317840576 0.283688485622406 0.0001189622053061612
0.4957304894924164 1.3741273880004883 0.20819029211997986 0.00036022000131197274
