0.5349970459938049 0.4132523536682129 -0.5153214931488037 0.9999854564666748
0.5433549880981445 0.392375111579895 -0.4907590448856354 0.9999182224273682
0.547932505607605 0.3934022784233093 -0.49076658487319946 0.9999632835388184
0.5520719289779663 0.3948155641555786 -0.490848183631897 0.9999182224273682
0.5268421173095703 0.38949131965637207 -0.4948306381702423 0.9998842477798462
0.5201886892318726 0.3887680172920227 -0.4949517250061035 0.9999314546585083
0.5146390199661255 0.3887319564819336 -0.49512335658073425 0.9998376369476318
0.5557418465614319 0.4068204462528229 -0.31958431005477905 0.9999643564224243
0.5037575364112854 0.4025301933288574 -0.33919647336006165 0.9999747276306152
0.5415036678314209 0.4411126673221588 -0.4492759108543396 0.999993085861206
0.5225145816802979 0.4396606385707855 -0.45557719469070435 0.9999932050704956
0.5941435694694519 0.5554364919662476 -0.2097897231578827 0.9999915361404419
0.45296382904052734 0.5506603717803955 -0.17674964666366577 0.9999290704727173
0.6573511362075806 0.7063256502151489 -0.4009796380996704 0.9998602867126465
0.4133990406990051 0.7402609586715698 -0.11960862576961517 0.9975715279579163
0.6344093084335327 0.5537935495376587 -0.7369104027748108 0.9995222091674805
0.39582014083862305 0.916748583316803 -0.23329347372055054 0.9895976185798645
0.6359995007514954 0.5017259120941162 -0.8020725846290588 0.9966863989830017
0.3790285885334015 0.9773671627044678 -0.2480693757534027 0.9637724757194519
0.6290809512138367 0.491569459438324 -0.7717215418815613 0.9965901374816895
0.3941357731819153 0.985245406627655 -0.2847645878791809 0.9697750806808472
0.6245926022529602 0.5055118799209595 -0.7309837341308594 0.9958646297454834
0.40085369348526 0.9656127095222473 -0.2474396526813507 0.9736537337303162
0.5782656073570251 0.8661723136901855 -0.011652538552880287 0.9988792538642883
0.4827136695384979 0.8825279474258423 0.012663868255913258 0.9984580278396606
0.5845892429351807 1.1331441402435303 -0.3153650462627411 0.5626499056816101
0.4738084673881531 1.1161912679672241 -0.2531780004501343 0.614590585231781
0.5816971659660339 1.3459932804107666 0.06951376050710678 0.0014035198837518692
0.4802895784378052 1.3507697582244873 0.08198172599077225 0.0056129340082407
0.5836930871009827 1.382442831993103 0.10023990273475647 0.006800809409469366
0.47852399945259094 1.3930861949920654 0.10770238190889359 0.012564328499138355
0.5669260621070862 1.4392859935760498 -0.08045772463083267 0.000909813737962395
0.4902314841747284 1.4347809553146362 -0.08668811619281769 0.0039886110462248325
