0.5280590057373047 0.4150758981704712 -0.4181559383869171 0.9999557733535767
0.535925567150116 0.3926628828048706 -0.39260780811309814 0.999864935874939
0.5401127338409424 0.3933255970478058 -0.39273911714553833 0.9999175071716309
0.5447716116905212 0.39458611607551575 -0.392945796251297 0.9998750686645508
0.5192766189575195 0.39126795530319214 -0.39753857254981995 0.9997504353523254
0.513393223285675 0.39124709367752075 -0.3976011574268341 0.9997838139533997
0.5080752968788147 0.39223724603652954 -0.39772695302963257 0.9995778203010559
0.5494887232780457 0.40532296895980835 -0.2253718376159668 0.9999222755432129
0.49948814511299133 0.40526533126831055 -0.2472819983959198 0.9998095631599426
0.5358003973960876 0.4419240951538086 -0.35388752818107605 0.9999865293502808
0.5166188478469849 0.44312599301338196 -0.36031466722488403 0.9999839067459106
0.5904675722122192 0.5463205575942993 -0.1186552420258522 0.999991774559021
0.4532991051673889 0.5442751049995422 -0.12469889968633652 0.9997710585594177
0.6274405717849731 0.713674783706665 -0.25565922260284424 0.9947092533111572
0.41520050168037415 0.735273540019989 -0.1150478795170784 0.9825350046157837
0.6779852509498596 0.6698362827301025 -0.5918868184089661 0.9948177933692932
0.39862823486328125 0.9065608978271484 -0.2389003485441208 0.930409848690033
0.695800244808197 0.6551735401153564 -0.6560060977935791 0.9857205152511597
0.38138169050216675 0.9668138027191162 -0.25321564078330994 0.8711387515068054
0.6887983679771423 0.6327567100524902 -0.6604185700416565 0.9877355694770813
0.3890135884284973 0.9757367372512817 -0.29572999477386475 0.889866054058075
0.6815983057022095 0.6374380588531494 -0.6006094813346863 0.9821984171867371
0.3972368538379669 0.9561604857444763 -0.25525927543640137 0.8822219371795654
0.5717615485191345 0.8524535894393921 0.002977758878841996 0.99669349193573
0.47696712613105774 0.8711041212081909 -0.0023993628565222025 0.9884429574012756
0.617117702960968 0.9895488619804382 -0.5000377893447876 0.8276289105415344
0.48313412070274353 1.0427404642105103 -0.324440598487854 0.6760261058807373
0.5744147896766663 1.2235958576202393 -0.1382211595773697 0.17993666231632233
0.4706116020679474 1.2465479373931885 -0.014316735789179802 0.15624277293682098
0.5658186674118042 1.2442563772201538 -0.10708372294902802 0.31702589988708496
0.4680747091770172 1.2765477895736694 0.010807152837514877 0.17415593564510345
0.5734899640083313 1.3191577196121216 -0.258553147315979 0.13394802808761597
0.4700990319252014 1.330138921737671 -0.15373659133911133 0.0997219905257225
