0.5265241861343384 0.41771799325942993 -0.4534913897514343 0.999972939491272
0.5352209210395813 0.3966748118400574 -0.4275122284889221 0.9999121427536011
0.5395542979240417 0.39781105518341064 -0.42769166827201843 0.999948263168335
0.5443726778030396 0.39908790588378906 -0.4279084801673889 0.9999138116836548
0.5186947584152222 0.3938854932785034 -0.4323126971721649 0.9998706579208374
0.5125102996826172 0.3937322497367859 -0.4323674738407135 0.9998891353607178
0.5073394775390625 0.3945399522781372 -0.43249669671058655 0.9997904896736145
0.5497103929519653 0.40786969661712646 -0.2519417107105255 0.9999440908432007
0.4980620741844177 0.4070517420768738 -0.2737218141555786 0.9999228715896606
0.5343711376190186 0.44469860196113586 -0.3850962817668915 0.9999867677688599
0.514461874961853 0.4455213248729706 -0.39157408475875854 0.9999867677688599
0.5922784805297852 0.545226514339447 -0.1233542338013649 0.9999873638153076
0.4511471390724182 0.5451898574829102 -0.1412157267332077 0.9999165534973145
0.6223320364952087 0.7007865905761719 -0.2258710116147995 0.9916724562644958
0.41400545835494995 0.7424689531326294 -0.12246473133563995 0.991199791431427
0.6778306365013123 0.68815678358078 -0.5800824761390686 0.9917240738868713
0.396950364112854 0.917700469493866 -0.26055365800857544 0.956761360168457
0.7028833627700806 0.7126163244247437 -0.6504577398300171 0.9810815453529358
0.3792021572589874 0.9789996147155762 -0.286361426115036 0.9110028147697449
0.6979401707649231 0.6894285678863525 -0.6720752120018005 0.9846192002296448
0.3907301723957062 0.9865196943283081 -0.33269378542900085 0.9243602156639099
0.6873616576194763 0.6816108822822571 -0.5970235466957092 0.9767647385597229
0.39954668283462524 0.9660835266113281 -0.27947697043418884 0.9109691977500916
0.5755419135093689 0.8616923093795776 0.0054311552084982395 0.9923655390739441
0.4800843894481659 0.8750458359718323 -0.0048596602864563465 0.9816538095474243
0.6124535799026489 1.0252169370651245 -0.48689740896224976 0.9323153495788574
0.4722038805484772 1.0698727369308472 -0.2908417582511902 0.868120551109314
0.6119183301925659 1.2320630550384521 -0.1864004284143448 0.46913033723831177
0.4918760359287262 1.2840876579284668 -0.010772927664220333 0.3472130000591278
0.6065431237220764 1.262482762336731 -0.16344894468784332 0.5264822244644165
0.49644675850868225 1.3149163722991943 0.008585228584706783 0.31389403343200684
0.6223521828651428 1.3135793209075928 -0.3423061966896057 0.32798871397972107
0.49393802881240845 1.3650798797607422 -0.1837586760520935 0.18058831989765167
