0.5352837443351746 0.40918177366256714 -0.49494674801826477 0.999895453453064
0.5414474606513977 0.38858819007873535 -0.46753042936325073 0.9997705817222595
0.5456233620643616 0.38904210925102234 -0.4675775468349457 0.9998718500137329
0.5501115918159485 0.3899105191230774 -0.46762847900390625 0.9997344613075256
0.5256244540214539 0.388302206993103 -0.47245922684669495 0.9997331500053406
0.5189811587333679 0.3886181116104126 -0.4726915955543518 0.9998645782470703
0.513285756111145 0.3899756371974945 -0.47287997603416443 0.9997281432151794
0.5537523031234741 0.4012703597545624 -0.2924116253852844 0.9999066591262817
0.5036672949790955 0.4042451083660126 -0.31425049901008606 0.9999094009399414
0.5423063635826111 0.4338144063949585 -0.4285690188407898 0.9999555349349976
0.5230138897895813 0.4367315173149109 -0.43579158186912537 0.9999444484710693
0.5955385565757751 0.538744330406189 -0.17595632374286652 0.9998610019683838
0.45899343490600586 0.5356653928756714 -0.21436722576618195 0.9995393753051758
0.6445603966712952 0.7148950099945068 -0.3485076129436493 0.9992002844810486
0.4225596487522125 0.7126708030700684 -0.4201594293117523 0.9989256262779236
0.6071762442588806 0.6603843569755554 -0.6802293062210083 0.9976298809051514
0.4956781566143036 0.6820662021636963 -0.7569596767425537 0.9981367588043213
0.5913004279136658 0.667547881603241 -0.7475408911705017 0.9901412129402161
0.5111677646636963 0.6778250932693481 -0.8231473565101624 0.9917402267456055
0.5849899649620056 0.642455518245697 -0.724859893321991 0.9901462197303772
0.5172351598739624 0.6509944796562195 -0.8009170889854431 0.9914588928222656
0.5868726372718811 0.6396488547325134 -0.6768705248832703 0.9899594783782959
0.5111414790153503 0.6516262888908386 -0.7529174089431763 0.9904887676239014
0.5790361762046814 0.8460884094238281 8.121487189782783e-05 0.9991763234138489
0.48767608404159546 0.853216290473938 0.0009847382316365838 0.9988515377044678
0.5891639590263367 1.091869831085205 -0.24013951420783997 0.5919022560119629
0.48622700572013855 1.0946567058563232 -0.0937846377491951 0.5406700968742371
0.5958675742149353 1.3034679889678955 0.14179518818855286 0.0006293859914876521
0.4811793267726898 1.3146333694458008 0.24871471524238586 0.0029232900124043226
0.5992733240127563 1.3399428129196167 0.1720002144575119 0.0016665434231981635
0.4772108495235443 1.356549620628357 0.27544355392456055 0.0030824728310108185
0.5863274931907654 1.3879742622375488 -0.00813149195164442 0.00028034832212142646
0.4936125576496124 1.387510061264038 0.0759066566824913 0.0017372253350913525
