0.5337526202201843 0.40925332903862 -0.3689565360546112 0.9999490976333618
0.5412203073501587 0.3892741799354553 -0.3430235981941223 0.99989914894104
0.5449061989784241 0.3899686932563782 -0.3430539071559906 0.9999370574951172
0.5495250821113586 0.39096933603286743 -0.3431004583835602 0.9998891353607178
0.5254113674163818 0.388245165348053 -0.3489116430282593 0.9998948574066162
0.5188452005386353 0.38854384422302246 -0.3490566313266754 0.9999338388442993
0.5132749676704407 0.3891347050666809 -0.34925615787506104 0.9998903274536133
0.5539948344230652 0.4019629955291748 -0.18331781029701233 0.9999529123306274
0.5035454630851746 0.40187281370162964 -0.2098272293806076 0.9999632835388184
0.5409983992576599 0.43425026535987854 -0.3077572286128998 0.9999744892120361
0.5209783911705017 0.4360216557979584 -0.31619033217430115 0.9999758005142212
0.5930131077766418 0.5382409691810608 -0.08676990866661072 0.9998832941055298
0.4577169716358185 0.531934380531311 -0.1294344961643219 0.9998241066932678
0.6366788148880005 0.7172871828079224 -0.2451155036687851 0.997703492641449
0.4209131598472595 0.709038257598877 -0.3053109347820282 0.9972468614578247
0.5965479612350464 0.655103325843811 -0.5654273629188538 0.9946224689483643
0.49426284432411194 0.6791848540306091 -0.5939492583274841 0.9961584210395813
0.5824715495109558 0.6620622277259827 -0.6272771954536438 0.9811553955078125
0.5136755704879761 0.6784703731536865 -0.652256429195404 0.9851793646812439
0.5779550075531006 0.6350134015083313 -0.6057925820350647 0.9815739989280701
0.5171493887901306 0.6573800444602966 -0.6319025158882141 0.9849265813827515
0.5803318619728088 0.6324806213378906 -0.5624040961265564 0.9810613393783569
0.5118061900138855 0.6554725170135498 -0.5896816849708557 0.9835923910140991
0.5789573788642883 0.8519136905670166 0.005084604490548372 0.9986363053321838
0.48457497358322144 0.8615395426750183 -0.0040236967615783215 0.9985892176628113
0.5908777713775635 1.0978695154190063 -0.17189401388168335 0.5195716023445129
0.47214263677597046 1.0953651666641235 -0.10068050771951675 0.5034271478652954
0.5900681614875793 1.309329867362976 0.17165271937847137 0.0012062517926096916
0.4776642620563507 1.319152593612671 0.22154590487480164 0.005345887038856745
0.5905904769897461 1.3475229740142822 0.19958820939064026 0.004267640877515078
0.47644490003585815 1.3604507446289062 0.24729911983013153 0.005891523323953152
0.5821138024330139 1.3932127952575684 0.036544736474752426 0.0007253471412695944
0.48645272850990295 1.3947128057479858 0.06898316740989685 0.003016803413629532
