0.5349022746086121 0.4120005667209625 -0.34001821279525757 0.9999305009841919
0.5417321920394897 0.3909532427787781 -0.3176972270011902 0.9998722076416016
0.5461548566818237 0.3922118544578552 -0.31775805354118347 0.9999184608459473
0.5506641268730164 0.39387398958206177 -0.3178477883338928 0.9998800754547119
0.5263986587524414 0.3887455463409424 -0.32348281145095825 0.9998501539230347
0.5201030969619751 0.38897234201431274 -0.32361480593681335 0.9998880624771118
0.5144217014312744 0.39008647203445435 -0.32381337881088257 0.999822199344635
0.5533917546272278 0.4047716557979584 -0.16644778847694397 0.9999426603317261
0.5038498640060425 0.4021981358528137 -0.19246172904968262 0.9999247789382935
0.5412266254425049 0.43905287981033325 -0.2806083858013153 0.9999680519104004
0.5224867463111877 0.44015637040138245 -0.288984477519989 0.9999589920043945
0.5904977321624756 0.5355371832847595 -0.07763498276472092 0.9999134540557861
0.4574488401412964 0.5289219617843628 -0.10678418725728989 0.9997617602348328
0.6284157037734985 0.7164754867553711 -0.2471410632133484 0.9965805411338806
0.4223884344100952 0.7088664770126343 -0.28037193417549133 0.9949678778648376
0.5920460224151611 0.6463454961776733 -0.5814517140388489 0.9950773119926453
0.4971769452095032 0.6640360951423645 -0.5678625106811523 0.9954056739807129
0.5743170380592346 0.6408973336219788 -0.6445257067680359 0.9834638237953186
0.5144848227500916 0.6608275175094604 -0.624012291431427 0.9824814200401306
0.5738122463226318 0.6135654449462891 -0.6231188178062439 0.9837354421615601
0.5179799199104309 0.6398578882217407 -0.6029921174049377 0.9818575382232666
0.5775578618049622 0.6144506335258484 -0.5787745118141174 0.9828943610191345
0.5141345858573914 0.6396723985671997 -0.5637861490249634 0.980622410774231
0.5755698084831238 0.8488016128540039 0.0030158262234181166 0.9984337687492371
0.48182937502861023 0.8583395481109619 -0.0019883394706994295 0.998007595539093
0.5879250168800354 1.0947835445404053 -0.16143764555454254 0.39484652876853943
0.46758171916007996 1.0958044528961182 -0.04890619218349457 0.35518088936805725
0.5887746214866638 1.3117728233337402 0.16434136033058167 0.0007687968318350613
0.4733608365058899 1.3200759887695312 0.2690408527851105 0.0031264054123312235
0.5892421007156372 1.350449562072754 0.1914612203836441 0.00245601125061512
0.47192853689193726 1.3606679439544678 0.29506009817123413 0.003099489025771618
0.581136167049408 1.394829273223877 0.02981175109744072 0.00047636553063057363
0.4840366244316101 1.3951728343963623 0.12253870069980621 0.0017692786641418934
