0.5319960713386536 0.41089484095573425 -0.3446281850337982 0.9999412298202515
0.5397549271583557 0.3905069828033447 -0.3213476240634918 0.999897837638855
0.5434450507164001 0.3909095525741577 -0.3213493525981903 0.9999282360076904
0.5477946400642395 0.391659140586853 -0.3213990032672882 0.9998857975006104
0.5229766964912415 0.3900994062423706 -0.32518571615219116 0.9998992681503296
0.5169285535812378 0.39059263467788696 -0.32526570558547974 0.9999291896820068
0.5112734436988831 0.39166074991226196 -0.32545381784439087 0.999897837638855
0.5531416535377502 0.40171167254447937 -0.17229841649532318 0.9999451637268066
0.5025501847267151 0.4052810072898865 -0.18778055906295776 0.9999561309814453
0.5405747890472412 0.43560051918029785 -0.28733929991722107 0.9999699592590332
0.5201901793479919 0.43777230381965637 -0.292493611574173 0.999971866607666
0.5917249321937561 0.5396520495414734 -0.07601024210453033 0.9998347759246826
0.4587037265300751 0.5351825952529907 -0.11794916540384293 0.9998549222946167
0.6319583058357239 0.7125941514968872 -0.20741333067417145 0.9920356869697571
0.42204830050468445 0.7100064754486084 -0.28945714235305786 0.9979648590087891
0.5937238335609436 0.6647436022758484 -0.49898070096969604 0.9837645888328552
0.49574288725852966 0.6864292621612549 -0.5585520267486572 0.9971351623535156
0.5840620398521423 0.6750892400741577 -0.5530568361282349 0.9477565288543701
0.516688883304596 0.6789937019348145 -0.6117709875106812 0.9872995018959045
0.5756815671920776 0.6537364721298218 -0.5384325385093689 0.9482579231262207
0.519355297088623 0.659561276435852 -0.5900062322616577 0.9868407249450684
0.5772338509559631 0.6501310467720032 -0.49836465716362 0.9531720280647278
0.5128542184829712 0.6614577770233154 -0.553174614906311 0.985997200012207
0.5757411122322083 0.8501625657081604 0.007240329869091511 0.9985425472259521
0.4814312756061554 0.8560581803321838 -0.00607274891808629 0.9984197616577148
0.5841223001480103 1.0971415042877197 -0.15173140168190002 0.32885074615478516
0.473588764667511 1.0987505912780762 -0.015619670040905476 0.3074226379394531
0.5827767848968506 1.3050072193145752 0.1686197966337204 0.0005464746500365436
0.4765854477882385 1.3144299983978271 0.2837388813495636 0.002149011706933379
0.5825966000556946 1.3433130979537964 0.1944258213043213 0.0019125784747302532
0.4743712246417999 1.3558869361877441 0.3075260818004608 0.002127152169123292
0.5752909779548645 1.388223648071289 0.03325701877474785 0.0003792918287217617
0.4852866232395172 1.3880248069763184 0.1368551105260849 0.0014172230148687959
