0.5335162281990051 0.3690669536590576 -0.2953546345233917 0.9999603033065796
0.5426205992698669 0.3444599509239197 -0.2708444893360138 0.9999850988388062
0.547926127910614 0.3448978066444397 -0.27094364166259766 0.9999812841415405
0.5527531504631042 0.345533162355423 -0.27119866013526917 0.9999847412109375
0.5248557329177856 0.34413886070251465 -0.27225786447525024 0.9999741315841675
0.518605649471283 0.3438158631324768 -0.2722119390964508 0.9999587535858154
0.5123249292373657 0.34434354305267334 -0.2722665071487427 0.9999638795852661
0.5609086751937866 0.3583676815032959 -0.12272869050502777 0.9999880790710449
0.5040897130966187 0.3598853051662445 -0.13109414279460907 0.9999725818634033
0.5439895391464233 0.39811334013938904 -0.23868843913078308 0.9999885559082031
0.5221902132034302 0.3980444371700287 -0.24150101840496063 0.9999830722808838
0.600696325302124 0.4945026636123657 -0.06179539114236832 0.9999239444732666
0.45921775698661804 0.4913230538368225 -0.0697326511144638 0.9996514320373535
0.6334523558616638 0.6660540699958801 -0.25425776839256287 0.9883121848106384
0.4245210886001587 0.6864188313484192 -0.2792868912220001 0.9816046953201294
0.6251861453056335 0.4733008146286011 -0.5535314679145813 0.9970768690109253
0.45353013277053833 0.5192938446998596 -0.5642518997192383 0.9949413537979126
0.6223947405815125 0.41762956976890564 -0.6072054505348206 0.9928520321846008
0.4584704637527466 0.4703161120414734 -0.6145670413970947 0.9862218499183655
0.621954083442688 0.4071137011051178 -0.5841034054756165 0.9919284582138062
0.4590117037296295 0.45287182927131653 -0.5917978882789612 0.9835835099220276
0.6189873218536377 0.4268280267715454 -0.5496864914894104 0.9872632622718811
0.46222183108329773 0.4681583642959595 -0.5613992810249329 0.9784533381462097
0.5915142893791199 0.8064087629318237 0.011672765016555786 0.9988300204277039
0.4895031750202179 0.8227614164352417 -0.011712384410202503 0.9977721571922302
0.6909007430076599 0.9842413067817688 -0.19415535032749176 0.9641544222831726
0.41078031063079834 1.013055443763733 -0.16569021344184875 0.9177128076553345
0.6462459564208984 1.0708104372024536 0.21730126440525055 0.20563317835330963
0.5005692839622498 1.0608150959014893 0.19954898953437805 0.10515926033258438
0.6295185685157776 1.0627285242080688 0.2636479139328003 0.21983171999454498
0.5153210759162903 1.052889347076416 0.2425224483013153 0.10465186834335327
0.651167631149292 1.161574125289917 0.23659034073352814 0.1278834491968155
0.5115376710891724 1.1244738101959229 0.20867183804512024 0.05540531873703003
