0.5375980734825134 0.37221547961235046 -0.2096172422170639 0.9999663829803467
0.5449241995811462 0.34821170568466187 -0.18225780129432678 0.9999876022338867
0.5500071048736572 0.3484610319137573 -0.18236282467842102 0.9999856948852539
0.5541605353355408 0.3486822843551636 -0.1825878918170929 0.9999866485595703
0.5275214910507202 0.34763163328170776 -0.19014111161231995 0.9999822378158569
0.5209522247314453 0.34770530462265015 -0.19007375836372375 0.9999743700027466
0.5150370597839355 0.3481026291847229 -0.1901472508907318 0.999976396560669
0.5589823126792908 0.35826897621154785 -0.02809123508632183 0.9999899864196777
0.5072141885757446 0.359428346157074 -0.06564745306968689 0.99998939037323
0.5473812222480774 0.3997664451599121 -0.15043237805366516 0.9999912977218628
0.525395929813385 0.3983737528324127 -0.16159525513648987 0.999991774559021
0.5948349237442017 0.4871867895126343 0.04264511540532112 0.9999301433563232
0.46189501881599426 0.5032111406326294 -0.02070738561451435 0.9996591806411743
0.6356057524681091 0.6547761559486389 -0.13613057136535645 0.9920762777328491
0.4213889241218567 0.687556266784668 -0.21767200529575348 0.9883304834365845
0.6095961332321167 0.4620237946510315 -0.43630921840667725 0.9977608919143677
0.4696465730667114 0.5905783176422119 -0.4809362590312958 0.9919041991233826
0.6077070832252502 0.40227726101875305 -0.49462100863456726 0.9940251708030701
0.488696426153183 0.5682628750801086 -0.5284482836723328 0.9789369702339172
0.6065942049026489 0.3931368291378021 -0.47053590416908264 0.9932090640068054
0.49016037583351135 0.5466197729110718 -0.509292721748352 0.9753554463386536
0.6026442050933838 0.4096980690956116 -0.432468980550766 0.9889621138572693
0.48864632844924927 0.5511691570281982 -0.4767165184020996 0.9663958549499512
0.5937231779098511 0.8165987730026245 0.0198920127004385 0.9990842342376709
0.4892960786819458 0.8338836431503296 -0.019746679812669754 0.9975384473800659
0.698073148727417 0.994076669216156 -0.19162139296531677 0.9889281988143921
0.4019661247730255 1.0265473127365112 -0.1903078854084015 0.9505211710929871
0.6415660381317139 1.0973128080368042 0.14730548858642578 0.46250298619270325
0.4612162709236145 1.0355345010757446 0.15453669428825378 0.10173428803682327
0.6225164532661438 1.0949054956436157 0.18544091284275055 0.3915987014770508
0.47188764810562134 1.0252926349639893 0.1960274875164032 0.09497929364442825
0.643013596534729 1.1862365007400513 0.15712870657444 0.29410216212272644
0.47002285718917847 1.076269268989563 0.17661230266094208 0.0530020073056221
