0.5400006175041199 0.3713076114654541 -0.18548758327960968 0.9999837875366211
0.5477759838104248 0.34935563802719116 -0.15650248527526855 0.9999914169311523
0.552745521068573 0.34971511363983154 -0.15657968819141388 0.9999872446060181
0.5571669936180115 0.3503376841545105 -0.15676729381084442 0.9999874830245972
0.5299578309059143 0.3483583331108093 -0.16128654778003693 0.999990701675415
0.5228381752967834 0.3485828638076782 -0.16122379899024963 0.999984860420227
0.5169481635093689 0.3492743968963623 -0.1612866222858429 0.999988317489624
0.5636231899261475 0.3617725968360901 0.00036999169969931245 0.9999889135360718
0.5087037086486816 0.36119627952575684 -0.02474634163081646 0.9999960660934448
0.5497901439666748 0.40223971009254456 -0.1257280558347702 0.9999945163726807
0.5274858474731445 0.4029906988143921 -0.13344134390354156 0.9999971389770508
0.5947210192680359 0.49313026666641235 0.06476990133523941 0.9999068975448608
0.46095579862594604 0.5010128021240234 0.03138883784413338 0.9998685121536255
0.6300723552703857 0.6442283987998962 -0.10144322365522385 0.99105304479599
0.4260571300983429 0.6765820980072021 -0.10806943476200104 0.9860943555831909
0.5894448757171631 0.4474228322505951 -0.37991246581077576 0.9961434006690979
0.48368582129478455 0.6853514313697815 -0.33690738677978516 0.9731280207633972
0.5825132727622986 0.3958876132965088 -0.43896201252937317 0.9905773401260376
0.508956789970398 0.7100660800933838 -0.3796449601650238 0.9383103251457214
0.5828198194503784 0.3877565860748291 -0.4136134684085846 0.988949179649353
0.5187610387802124 0.6912045478820801 -0.37048548460006714 0.9308885335922241
0.5808614492416382 0.40483319759368896 -0.3753418028354645 0.9822720289230347
0.5121312737464905 0.6769883632659912 -0.3350549638271332 0.9134628772735596
0.5945486426353455 0.8105197548866272 0.008590834215283394 0.9997100234031677
0.48913878202438354 0.8280473947525024 -0.008519859053194523 0.9992244243621826
0.690109372138977 0.9736420512199402 -0.24325400590896606 0.9833760857582092
0.41015416383743286 1.0256385803222656 -0.2069290727376938 0.9294000864028931
0.6452333331108093 1.1059696674346924 0.07860076427459717 0.471499502658844
0.47131019830703735 1.0513582229614258 0.16314610838890076 0.09755861759185791
0.6262360215187073 1.1156257390975952 0.11366745829582214 0.47067558765411377
0.4843282401561737 1.04951810836792 0.20568345487117767 0.14103248715400696
0.6589315533638 1.199007272720337 0.05406399071216583 0.34389805793762207
0.4705774486064911 1.0966181755065918 0.16889913380146027 0.05374547839164734
