0.540808379650116 0.3679579794406891 -0.16787590086460114 0.9999604225158691
0.5485861897468567 0.34613484144210815 -0.14170940220355988 0.9999741315841675
0.5534992218017578 0.3464072346687317 -0.14176717400550842 0.9999690055847168
0.5582607984542847 0.3469364643096924 -0.14195983111858368 0.9999698400497437
0.529477059841156 0.34679746627807617 -0.14600008726119995 0.9999731779098511
0.5223435163497925 0.34757423400878906 -0.14590375125408173 0.9999604225158691
0.5160886645317078 0.34894007444381714 -0.14602890610694885 0.9999656677246094
0.5653717517852783 0.3622289299964905 0.004349152557551861 0.9999744892120361
0.5086408257484436 0.3639810383319855 -0.01853296346962452 0.9999909400939941
0.5527023077011108 0.4004572033882141 -0.11158681660890579 0.9999796152114868
0.5278271436691284 0.4015325903892517 -0.11845394968986511 0.9999914169311523
0.6002179980278015 0.4967135488986969 0.06775542348623276 0.999864935874939
0.46289077401161194 0.49653884768486023 0.033089734613895416 0.9998592138290405
0.6189168691635132 0.671416699886322 -0.07322214543819427 0.9894472360610962
0.4240555763244629 0.6697883605957031 -0.05290171876549721 0.9809983372688293
0.5831961035728455 0.464942991733551 -0.32170310616493225 0.9957677125930786
0.4791310131549835 0.738002359867096 -0.19198955595493317 0.9387658834457397
0.5759423971176147 0.40622827410697937 -0.37482503056526184 0.9895148277282715
0.4952332675457001 0.7741548418998718 -0.21829119324684143 0.869691789150238
0.5779207348823547 0.3927074670791626 -0.34989413619041443 0.9883407354354858
0.5082760453224182 0.7460271120071411 -0.2158452421426773 0.8608028292655945
0.5766733288764954 0.41079553961753845 -0.3169053792953491 0.981549859046936
0.5061694383621216 0.7337837219238281 -0.190655916929245 0.8402374386787415
0.5932868719100952 0.8093389272689819 0.012930024415254593 0.9977660179138184
0.4863157272338867 0.8215048909187317 -0.012697944417595863 0.99687659740448
0.6909841299057007 0.9767959117889404 -0.1967933624982834 0.9623581171035767
0.41565465927124023 1.011297583580017 -0.16472019255161285 0.9106075763702393
0.6108438968658447 1.1369471549987793 0.07716122269630432 0.38551580905914307
0.4808133542537689 1.1143136024475098 0.13839691877365112 0.12242874503135681
0.5905055403709412 1.1440356969833374 0.10697569698095322 0.4674692153930664
0.49345162510871887 1.1202338933944702 0.17142656445503235 0.18421253561973572
0.6089858412742615 1.2312835454940796 0.04288114979863167 0.24893087148666382
0.48114460706710815 1.173135757446289 0.12087826430797577 0.05547041445970535
