0.5365418195724487 0.36389416456222534 -0.4196586608886719 0.9999536275863647
0.5452573299407959 0.34183961153030396 -0.3943418860435486 0.9999701976776123
0.5500844120979309 0.3427497148513794 -0.3944224715232849 0.9999631643295288
0.5540465116500854 0.34353673458099365 -0.39461013674736023 0.9999655485153198
0.5268041491508484 0.34057921171188354 -0.3975808322429657 0.9999700784683228
0.5200455784797668 0.3415601849555969 -0.3975902199745178 0.999957799911499
0.5138271450996399 0.34307557344436646 -0.3976796567440033 0.9999607801437378
0.5613842606544495 0.35702356696128845 -0.24041782319545746 0.9999649524688721
0.5059395432472229 0.35918837785720825 -0.25779643654823303 0.9999814033508301
0.546091616153717 0.3952440321445465 -0.36165592074394226 0.9999924898147583
0.5235212445259094 0.3952508568763733 -0.36675795912742615 0.9999946355819702
0.6018396019935608 0.5022927522659302 -0.1448771059513092 0.9999134540557861
0.46110498905181885 0.5013912916183472 -0.17491915822029114 0.9998372793197632
0.6382851004600525 0.7053917050361633 -0.2855208218097687 0.9971367120742798
0.4204820990562439 0.6708301305770874 -0.2817889451980591 0.990919828414917
0.5943177342414856 0.6233940720558167 -0.6182608008384705 0.9957337975502014
0.4766717553138733 0.7421832084655762 -0.5133246183395386 0.9510889053344727
0.5785669684410095 0.5999980568885803 -0.6872997283935547 0.9892135262489319
0.497326523065567 0.7700948119163513 -0.5639656782150269 0.9022677540779114
0.576833188533783 0.5706416368484497 -0.6660594344139099 0.9884888529777527
0.5075149536132812 0.740292489528656 -0.5589381456375122 0.8968774676322937
0.5779953002929688 0.5772731304168701 -0.6144478917121887 0.9792346954345703
0.5048326849937439 0.7290776371955872 -0.513011634349823 0.870800793170929
0.5910446047782898 0.8187628388404846 0.012898160144686699 0.9961383938789368
0.4896872937679291 0.8317211270332336 -0.01279820129275322 0.9910445213317871
0.6925035119056702 0.9842209219932556 -0.19660590589046478 0.9588968753814697
0.43652206659317017 1.0314576625823975 -0.16183216869831085 0.8663606643676758
0.6332011818885803 1.1331219673156738 0.09703216701745987 0.44909006357192993
0.5060710310935974 1.0547029972076416 0.18252427875995636 0.07748682051897049
0.6168436408042908 1.139914631843567 0.12726137042045593 0.3993309438228607
0.5183460712432861 1.0513235330581665 0.21939560770988464 0.1008736714720726
0.635051965713501 1.2164523601531982 0.044032447040081024 0.3097197711467743
0.519104540348053 1.0953822135925293 0.16307073831558228 0.04349737986922264
