0.5360106229782104 0.3656853437423706 -0.4333321750164032 0.9999719858169556
0.5446832776069641 0.34199923276901245 -0.4080114960670471 0.9999792575836182
0.5490796566009521 0.34249693155288696 -0.40807056427001953 0.9999767541885376
0.5544410347938538 0.34324437379837036 -0.4082690477371216 0.9999762773513794
0.526581346988678 0.34190070629119873 -0.41100654006004333 0.9999772310256958
0.5198944211006165 0.34285759925842285 -0.4109611511230469 0.9999687671661377
0.5134307146072388 0.3446192145347595 -0.4110185503959656 0.9999659061431885
0.5619828104972839 0.3576546609401703 -0.2508123219013214 0.9999817609786987
0.5062118768692017 0.3600063920021057 -0.2662694454193115 0.9999860525131226
0.5459206104278564 0.39703360199928284 -0.3739963173866272 0.9999958276748657
0.5242007970809937 0.3977952301502228 -0.37841784954071045 0.9999960660934448
0.601708173751831 0.504252552986145 -0.15291200578212738 0.9999649524688721
0.4613228738307953 0.5007599592208862 -0.1806880682706833 0.9998677968978882
0.642486035823822 0.7023652791976929 -0.28836697340011597 0.9979694485664368
0.4219733476638794 0.6731429696083069 -0.288399875164032 0.9921758770942688
0.5904703140258789 0.6538986563682556 -0.6240766048431396 0.9969209432601929
0.48233097791671753 0.7475845813751221 -0.5242608189582825 0.9572712182998657
0.5747681260108948 0.6586576700210571 -0.6978248953819275 0.9920966625213623
0.5032175183296204 0.7714265584945679 -0.576985776424408 0.920822262763977
0.5676209330558777 0.6246213912963867 -0.6810531616210938 0.9916845560073853
0.5118009448051453 0.7425414323806763 -0.5764496326446533 0.9157541990280151
0.5689745545387268 0.6205256581306458 -0.6218436360359192 0.9847442507743835
0.5088178515434265 0.7323020100593567 -0.5257027745246887 0.8895971179008484
0.5887337327003479 0.8174893856048584 0.010699843987822533 0.9974952936172485
0.4888783097267151 0.8287128210067749 -0.010436066426336765 0.9938997030258179
0.6857621073722839 0.9849449992179871 -0.259718120098114 0.9623639583587646
0.41917505860328674 1.0263676643371582 -0.1873825341463089 0.8926942944526672
0.6135349273681641 1.1828298568725586 -0.0125734256580472 0.5757185816764832
0.5049659609794617 1.1073119640350342 0.15845629572868347 0.0785459578037262
0.5945380330085754 1.199169635772705 0.011084779165685177 0.561159074306488
0.5178978443145752 1.1093988418579102 0.19328847527503967 0.1086810901761055
0.6215442419052124 1.275785207748413 -0.09404709190130234 0.3964138627052307
0.5118244886398315 1.1633843183517456 0.12902525067329407 0.03751359507441521
