0.5404470562934875 0.36990612745285034 -0.3889111876487732 0.9995152950286865
0.5490313172340393 0.3454332947731018 -0.3640974164009094 0.9997606873512268
0.553426206111908 0.3454864025115967 -0.3641612231731415 0.9997268319129944
0.5575946569442749 0.3460692763328552 -0.36442166566848755 0.9997767806053162
0.5313839912414551 0.34631550312042236 -0.3661850690841675 0.9997302889823914
0.5245417952537537 0.34687840938568115 -0.36612197756767273 0.9996082186698914
0.5180500149726868 0.3475934863090515 -0.36618396639823914 0.9996464252471924
0.5639107823371887 0.3571438193321228 -0.21352413296699524 0.9997839331626892
0.5094089508056641 0.3605838418006897 -0.22172954678535461 0.9996782541275024
0.5495079755783081 0.39821508526802063 -0.3312300145626068 0.999896764755249
0.5285863280296326 0.39808031916618347 -0.3336014747619629 0.9998985528945923
0.6058305501937866 0.4919555187225342 -0.1419660449028015 0.9997335076332092
0.4678652882575989 0.4906182289123535 -0.1595313400030136 0.9992214441299438
0.6387718319892883 0.6793613433837891 -0.310995489358902 0.9904683232307434
0.431771457195282 0.666749894618988 -0.3774627447128296 0.9927419424057007
0.5862590074539185 0.5590542554855347 -0.578982949256897 0.9921402335166931
0.5086328387260437 0.5545555949211121 -0.6217876672744751 0.9955819249153137
0.5776611566543579 0.5166748762130737 -0.6317525506019592 0.9794837236404419
0.5210780501365662 0.5203025341033936 -0.6703318357467651 0.9828722476959229
0.5760170221328735 0.5011688470840454 -0.605341911315918 0.9778149724006653
0.5215222239494324 0.5012763142585754 -0.6383743286132812 0.9783313274383545
0.5742925405502319 0.5113757848739624 -0.5723841190338135 0.9665839672088623
0.5211001038551331 0.5108200907707214 -0.6117774248123169 0.9699022769927979
0.591749370098114 0.8017037510871887 0.012545023113489151 0.993831992149353
0.4921857714653015 0.8076241612434387 -0.01227367389947176 0.9862245321273804
0.6865824460983276 0.9752607345581055 -0.25986480712890625 0.972561776638031
0.42531818151474 0.9950846433639526 -0.16309629380702972 0.9173644185066223
0.5967047214508057 1.1086429357528687 0.05214990675449371 0.15784545242786407
0.47092750668525696 1.0660691261291504 0.1619391143321991 0.04236951097846031
0.5762949585914612 1.1038885116577148 0.08668716996908188 0.1557244211435318
0.4785598814487457 1.0713542699813843 0.19803015887737274 0.0487530492246151
0.5853191018104553 1.1949290037155151 0.04221552982926369 0.07351911067962646
0.4737999141216278 1.1115918159484863 0.16175620257854462 0.01810077205300331
