0.5461698174476624 0.36745479702949524 -0.40151289105415344 0.9994922876358032
0.5530950427055359 0.3425871729850769 -0.37690120935440063 0.999697208404541
0.5570825934410095 0.34358882904052734 -0.3770219385623932 0.999685525894165
0.560718834400177 0.34512484073638916 -0.37727925181388855 0.9996939897537231
0.5366491079330444 0.3410572409629822 -0.3835306465625763 0.9996539354324341
0.53033047914505 0.3405631184577942 -0.38349777460098267 0.9995753169059753
0.5238351225852966 0.34117478132247925 -0.3835750222206116 0.9995829463005066
0.5665137767791748 0.3583211302757263 -0.21937118470668793 0.9997045397758484
0.5120100975036621 0.35502558946609497 -0.24896860122680664 0.9996591806411743
0.5541043877601624 0.3961820900440216 -0.34107705950737 0.9998986721038818
0.5340390801429749 0.3955616056919098 -0.3496783375740051 0.9998829364776611
0.6045088171958923 0.4948931634426117 -0.14301848411560059 0.999680757522583
0.4642820358276367 0.49253934621810913 -0.18713298439979553 0.9994230270385742
0.6215099096298218 0.6946132183074951 -0.2705342471599579 0.9697220921516418
0.4577726125717163 0.6761128902435303 -0.3461626470088959 0.9796215295791626
0.5659765601158142 0.645775556564331 -0.5692752599716187 0.9561110734939575
0.5399755835533142 0.6358903050422668 -0.584363579750061 0.9786316156387329
0.5516586303710938 0.62848299741745 -0.6303480863571167 0.9290609359741211
0.5570366382598877 0.6166665554046631 -0.6387037634849548 0.9533661603927612
0.5523035526275635 0.5967381000518799 -0.619047224521637 0.9278210401535034
0.5541814565658569 0.5908291935920715 -0.6265307664871216 0.9477759003639221
0.5560049414634705 0.5999938249588013 -0.5690260529518127 0.9026188254356384
0.5487064123153687 0.5966997146606445 -0.5820683240890503 0.9347429871559143
0.590137779712677 0.8185825347900391 0.018241992220282555 0.9908637404441833
0.4917839765548706 0.825836718082428 -0.018040889874100685 0.9861997365951538
0.6869251132011414 0.9833357334136963 -0.2121240496635437 0.965069055557251
0.4218350350856781 1.0148814916610718 -0.21887384355068207 0.9397525191307068
0.6225061416625977 1.0579482316970825 0.1441590040922165 0.1916167289018631
0.4979175925254822 1.01753568649292 0.15732166171073914 0.07059221714735031
0.6020249724388123 1.0487464666366577 0.1839441955089569 0.16571778059005737
0.5112497806549072 1.0059764385223389 0.20045152306556702 0.07120496779680252
0.6202556490898132 1.142128586769104 0.16254381835460663 0.09266973286867142
0.5038880705833435 1.061100721359253 0.1862737089395523 0.029281407594680786
