0.5420017242431641 0.3666533827781677 -0.4900006055831909 0.9998795986175537
0.5501191020011902 0.34396159648895264 -0.4623187780380249 0.9999213218688965
0.5543297529220581 0.345039963722229 -0.46245718002319336 0.9999265670776367
0.5597307085990906 0.34591084718704224 -0.4628007709980011 0.999922513961792
0.5336452126502991 0.3429104685783386 -0.46846145391464233 0.9999121427536011
0.5263286232948303 0.3435036540031433 -0.46849051117897034 0.9999120235443115
0.5199551582336426 0.3444349765777588 -0.46858876943588257 0.9999121427536011
0.5652368664741516 0.3604266047477722 -0.28719815611839294 0.9999470710754395
0.5095810890197754 0.3601781129837036 -0.3177105784416199 0.9999624490737915
0.5501722693443298 0.3962095081806183 -0.4230879545211792 0.999961256980896
0.5292800664901733 0.3971405625343323 -0.4320839047431946 0.999970555305481
0.6047977209091187 0.5099354982376099 -0.1720290631055832 0.9997046589851379
0.46238258481025696 0.5048854351043701 -0.19644871354103088 0.9997962117195129
0.6380336284637451 0.6976987719535828 -0.26799923181533813 0.8739281892776489
0.43147221207618713 0.6920268535614014 -0.3495739698410034 0.9621537923812866
0.6299490332603455 0.7035115957260132 -0.5797081589698792 0.7293815016746521
0.46170857548713684 0.701099693775177 -0.6650034785270691 0.9367676377296448
0.6334692239761353 0.7232484817504883 -0.6487858891487122 0.6584224104881287
0.4727560877799988 0.71514892578125 -0.7250238060951233 0.882080614566803
0.6277948617935181 0.6881885528564453 -0.6522340178489685 0.676617443561554
0.4772786796092987 0.6824955344200134 -0.7300788164138794 0.877987802028656
0.6221023201942444 0.6827364563941956 -0.5884442925453186 0.6102532148361206
0.4776369631290436 0.6761271357536316 -0.6722391247749329 0.8487606644630432
0.5963059067726135 0.7994762063026428 0.00845097005367279 0.9822230339050293
0.49622803926467896 0.8129433393478394 -0.008120778948068619 0.9835470914840698
0.6884604692459106 0.9700058698654175 -0.39789146184921265 0.9425306916236877
0.4308012127876282 0.9803172945976257 -0.35526496171951294 0.9465435743331909
0.655303418636322 1.2543058395385742 -0.16647106409072876 0.5187661051750183
0.48299703001976013 1.2404909133911133 -0.11467105895280838 0.4015248119831085
0.6355303525924683 1.2915478944778442 -0.15054631233215332 0.4366479516029358
0.4962269067764282 1.2726613283157349 -0.09596539288759232 0.27464982867240906
0.6884321570396423 1.3526418209075928 -0.31226351857185364 0.22871984541416168
0.47116315364837646 1.3357019424438477 -0.25336819887161255 0.13390296697616577
