0.5660092830657959 0.3729066252708435 -0.42355987429618835 0.9999523162841797
0.5770705342292786 0.35428351163864136 -0.3979767858982086 0.9999113082885742
0.5818002820014954 0.3554043769836426 -0.39792898297309875 0.9999306201934814
0.5874714255332947 0.3568698763847351 -0.3979153335094452 0.9998902082443237
0.5574439764022827 0.3538805842399597 -0.39955759048461914 0.9999163150787354
0.5507651567459106 0.3552197813987732 -0.3996271789073944 0.9999376535415649
0.545647919178009 0.3561885356903076 -0.39983290433883667 0.9999101161956787
0.5963720083236694 0.3758677840232849 -0.24572929739952087 0.9999344348907471
0.5399181842803955 0.37419289350509644 -0.24972988665103912 0.999944806098938
0.5752868056297302 0.4060807228088379 -0.3675549626350403 0.9999823570251465
0.5516534447669983 0.40300285816192627 -0.36901015043258667 0.9999814033508301
0.6282972693443298 0.5481748580932617 -0.14444556832313538 0.999815046787262
0.5013055801391602 0.5370244383811951 -0.16718988120555878 0.9997774958610535
0.6776093244552612 0.7571538686752319 -0.2356346696615219 0.9979687333106995
0.4810021221637726 0.7520571947097778 -0.28339481353759766 0.9943775534629822
0.6099458336830139 0.743480920791626 -0.4871335029602051 0.9895781874656677
0.5174188613891602 0.7428089380264282 -0.569148600101471 0.9902768135070801
0.5921083092689514 0.732573390007019 -0.5421369075775146 0.9430691003799438
0.5309029817581177 0.7433300018310547 -0.6229490041732788 0.9562367796897888
0.5892792344093323 0.710733950138092 -0.5238018035888672 0.9447230696678162
0.5368302464485168 0.7219569087028503 -0.6197326183319092 0.9624680876731873
0.5928094387054443 0.7087271213531494 -0.4832073152065277 0.9531049132347107
0.537109911441803 0.7164058089256287 -0.5718061923980713 0.9682438373565674
0.6129359006881714 0.8657872080802917 0.012413936667144299 0.9972965121269226
0.5213954448699951 0.8684653639793396 -0.011125769466161728 0.9971171617507935
0.6092604994773865 1.133185625076294 -0.009662840515375137 0.09780384600162506
0.5158630609512329 1.1267808675765991 0.07556038349866867 0.03030322678387165
0.6044296026229858 1.337558627128601 0.33281657099723816 0.00012191030691610649
0.5090179443359375 1.3342622518539429 0.4038470685482025 0.0001372128608636558
0.6074438691139221 1.3796982765197754 0.3587717115879059 0.000675535062327981
0.5043195486068726 1.3798141479492188 0.4291614592075348 0.00021836798987351358
0.5891069173812866 1.4208718538284302 0.1892888993024826 0.00016282782598864287
0.5187709927558899 1.4125208854675293 0.2495158314704895 0.0003226225380785763
