0.5659981369972229 0.38806137442588806 -0.2953764498233795 0.9996131062507629
0.5751927495002747 0.36667102575302124 -0.2696661055088043 0.9994513392448425
0.5798606276512146 0.36789560317993164 -0.26964297890663147 0.9994890689849854
0.5850379467010498 0.3695260286331177 -0.269665390253067 0.9993908405303955
0.5580914616584778 0.36521875858306885 -0.26925715804100037 0.9993249177932739
0.5516040325164795 0.36520272493362427 -0.26938527822494507 0.9993910789489746
0.545570433139801 0.3652503490447998 -0.2694868743419647 0.999275267124176
0.5928677320480347 0.38778361678123474 -0.131119504570961 0.9995909333229065
0.5370408296585083 0.3798654079437256 -0.12647052109241486 0.9993996620178223
0.5744718909263611 0.41782745718955994 -0.24495968222618103 0.9997562766075134
0.5535284876823425 0.4149276614189148 -0.24420160055160522 0.9996086955070496
0.6257635354995728 0.5389764308929443 -0.08313143998384476 0.999476969242096
0.49903005361557007 0.5328260064125061 -0.0722009465098381 0.9990647435188293
0.6676552295684814 0.7441807389259338 -0.24085500836372375 0.9984474778175354
0.4765353798866272 0.7553815841674805 -0.27530786395072937 0.9979763627052307
0.5894597172737122 0.6173670291900635 -0.4313180148601532 0.9979057312011719
0.5477010607719421 0.5946599245071411 -0.5212598443031311 0.9994727969169617
0.5806277394294739 0.5536251068115234 -0.469741553068161 0.9869928359985352
0.5616556406021118 0.5266108512878418 -0.5641983151435852 0.9959931373596191
0.5805688500404358 0.5331135988235474 -0.4273565411567688 0.985262393951416
0.556499719619751 0.5144994258880615 -0.5274702906608582 0.9952933192253113
0.5799587368965149 0.552161693572998 -0.4167701005935669 0.9898726940155029
0.5559260249137878 0.5369441509246826 -0.5109114050865173 0.9959090948104858
0.6135684251785278 0.8630223870277405 0.0036789497826248407 0.999737560749054
0.5191308856010437 0.8664785027503967 -0.0024555614218115807 0.9995457530021667
0.6136400699615479 1.1174768209457397 0.0035807830281555653 0.12400472164154053
0.5165122747421265 1.1159640550613403 0.10727312415838242 0.146067813038826
0.6105280518531799 1.3232163190841675 0.37025919556617737 4.192801134195179e-05
0.5184054970741272 1.3186328411102295 0.4408281743526459 0.00014557856775354594
0.6121337413787842 1.3660967350006104 0.40309205651283264 0.0002151062508346513
0.5142726302146912 1.358834981918335 0.4706186056137085 0.00015238745254464447
0.6008017659187317 1.4067553281784058 0.2743953764438629 3.925125929526985e-05
0.5337182879447937 1.402239203453064 0.3256661593914032 0.0001547797437524423
