0.5652353763580322 0.3873785734176636 -0.23106646537780762 0.999586284160614
0.5754547119140625 0.3668096661567688 -0.2048666626214981 0.9994363188743591
0.5798295140266418 0.3674001693725586 -0.20480868220329285 0.9995123147964478
0.5850187540054321 0.3686239719390869 -0.20474638044834137 0.9994663596153259
0.5571364164352417 0.36643701791763306 -0.20820526778697968 0.9993430972099304
0.5505614876747131 0.36675965785980225 -0.208305224776268 0.9994410872459412
0.5445137619972229 0.36730802059173584 -0.2083715945482254 0.9994006156921387
0.5927837491035461 0.38366591930389404 -0.06579788029193878 0.9995906949043274
0.5371683239936829 0.38193947076797485 -0.076692596077919 0.9995916485786438
0.5747640132904053 0.41699934005737305 -0.18022991716861725 0.9995318651199341
0.5530704259872437 0.41354310512542725 -0.18394485116004944 0.9993357062339783
0.6243525147438049 0.5311986207962036 -0.02043571136891842 0.9994947910308838
0.500105082988739 0.5306694507598877 -0.049267616122961044 0.9991816878318787
0.6610332131385803 0.721518874168396 -0.19183073937892914 0.9987697005271912
0.48050040006637573 0.7254431247711182 -0.26637279987335205 0.9989016056060791
0.5853017568588257 0.5739842057228088 -0.36245182156562805 0.9991723299026489
0.5474123358726501 0.5655285716056824 -0.4851687252521515 0.9997984766960144
0.5784591436386108 0.5220863223075867 -0.4033023715019226 0.9948623776435852
0.5594018697738647 0.5088021755218506 -0.5311324000358582 0.9985529780387878
0.5784986019134521 0.505290150642395 -0.35907813906669617 0.993681788444519
0.5541734099388123 0.49556776881217957 -0.49691835045814514 0.9982465505599976
0.5789972543716431 0.5263699889183044 -0.34905773401260376 0.9960715770721436
0.5523191094398499 0.5167531967163086 -0.47725650668144226 0.998528242111206
0.6162825226783752 0.8715482950210571 0.016730766743421555 0.9998492002487183
0.5186660885810852 0.8707467317581177 -0.015399736352264881 0.9997745156288147
0.6120158433914185 1.1355007886886597 0.0531160905957222 0.14144150912761688
0.5166524648666382 1.1260355710983276 0.08997340500354767 0.15850375592708588
0.6091441512107849 1.3617287874221802 0.3745065927505493 4.159106538281776e-05
0.5157771110534668 1.3564212322235107 0.36003220081329346 0.0001246098690899089
0.6125187277793884 1.4075605869293213 0.40141308307647705 0.00024190904514398426
0.511466383934021 1.400785207748413 0.38260066509246826 0.0001847799721872434
0.595392107963562 1.4434077739715576 0.26068323850631714 3.793675932683982e-05
0.5299512147903442 1.4418070316314697 0.219939723610878 0.00014598808775190264
