0.567456841468811 0.380316823720932 -0.29147326946258545 0.9995681643486023
0.5769698023796082 0.3595302104949951 -0.2685657739639282 0.999383807182312
0.5820587277412415 0.36064887046813965 -0.2685861587524414 0.999387264251709
0.5870731472969055 0.36199748516082764 -0.26863008737564087 0.9992722868919373
0.5588327050209045 0.3582621216773987 -0.26706328988075256 0.9994115829467773
0.5519819259643555 0.35897374153137207 -0.2672537565231323 0.999447762966156
0.5462488532066345 0.3602484464645386 -0.2673672139644623 0.9994250535964966
0.595943033695221 0.3800365626811981 -0.13944527506828308 0.9996498823165894
0.5392279028892517 0.3768177032470703 -0.12848711013793945 0.9994843006134033
0.5753955245018005 0.41246944665908813 -0.2436535507440567 0.9998212456703186
0.553801953792572 0.4101203382015228 -0.24109569191932678 0.9997527003288269
0.6263021230697632 0.5383801460266113 -0.07932077348232269 0.9993280172348022
0.5005548596382141 0.5335415005683899 -0.05326094850897789 0.9990487694740295
0.668940007686615 0.7517138123512268 -0.20092718303203583 0.997512698173523
0.4802698791027069 0.7606082558631897 -0.19861049950122833 0.9954849481582642
0.5874128341674805 0.669625997543335 -0.3924708366394043 0.9935382008552551
0.5455450415611267 0.6607050895690918 -0.42939668893814087 0.9982383251190186
0.5748234391212463 0.6315630078315735 -0.4295223355293274 0.9650315046310425
0.5619178414344788 0.6178077459335327 -0.467865914106369 0.9901036024093628
0.5753084421157837 0.6043385863304138 -0.39481860399246216 0.9614232182502747
0.5612644553184509 0.5922847986221313 -0.4378269612789154 0.9886571764945984
0.5757180452346802 0.6181468367576599 -0.37965962290763855 0.9708945155143738
0.5582821369171143 0.605822741985321 -0.4201209843158722 0.989611029624939
0.6058763861656189 0.8441928625106812 -0.0039697387255728245 0.9990273714065552
0.5188375115394592 0.8435094356536865 0.00508952746167779 0.9987137317657471
0.6157215237617493 1.0750242471694946 -0.07347972691059113 0.3658236861228943
0.5086427927017212 1.075589895248413 0.06797443330287933 0.42731714248657227
0.6110081076622009 1.269601583480835 0.2340109795331955 0.00029056420316919684
0.5079351663589478 1.273057222366333 0.33767205476760864 0.0015976827125996351
0.6098112463951111 1.309220790863037 0.25999322533607483 0.0014416174963116646
0.5063072443008423 1.3134806156158447 0.3594285249710083 0.0012056338600814342
0.6070855259895325 1.3512706756591797 0.1267082691192627 0.000269700976787135
0.5137239098548889 1.3493179082870483 0.21362335979938507 0.0012699775397777557
