0.5656450390815735 0.38154250383377075 -0.3481734097003937 0.9999974966049194
0.5764699578285217 0.3639576733112335 -0.3203519582748413 0.999991774559021
0.5822380781173706 0.36440157890319824 -0.32040804624557495 0.9999923706054688
0.587859570980072 0.3658018112182617 -0.3205241560935974 0.9999879598617554
0.5583468675613403 0.36400845646858215 -0.3228626847267151 0.9999920129776001
0.5513744354248047 0.3649691641330719 -0.32298916578292847 0.9999936819076538
0.54537433385849 0.36643075942993164 -0.3231733739376068 0.9999927282333374
0.5977591872215271 0.38173261284828186 -0.18421976268291473 0.9999909400939941
0.5391584634780884 0.38090187311172485 -0.19579607248306274 0.9999972581863403
0.5742975473403931 0.4136531352996826 -0.29936403036117554 0.9999994039535522
0.5529733300209045 0.4109451472759247 -0.3027496039867401 0.9999996423721313
0.6288375854492188 0.5494520664215088 -0.10796026885509491 0.9999688863754272
0.5011035203933716 0.5296999216079712 -0.1547665148973465 0.9999512434005737
0.6587628126144409 0.7279273271560669 -0.11832525581121445 0.9982637763023376
0.4765397608280182 0.7081680297851562 -0.21154509484767914 0.9967189431190491
0.6413487195968628 0.8353030681610107 -0.2548695206642151 0.9919330477714539
0.5006063580513 0.8214588761329651 -0.38514015078544617 0.9917113780975342
0.6433891654014587 0.8895003199577332 -0.29167380928993225 0.9718655347824097
0.49949777126312256 0.8703265190124512 -0.4328758120536804 0.9724081158638
0.6277172565460205 0.8774539232254028 -0.3070280849933624 0.9757846593856812
0.5191897749900818 0.8616723418235779 -0.44326120615005493 0.9766210317611694
0.6225574612617493 0.8598684072494507 -0.2621501088142395 0.9751298427581787
0.5219517350196838 0.8456559181213379 -0.3911035656929016 0.974023163318634
0.6006466746330261 0.8266468644142151 0.01666390895843506 0.9996700286865234
0.51687091588974 0.8290559649467468 -0.016418661922216415 0.9997956156730652
0.6088334918022156 1.0622177124023438 -0.13605324923992157 0.7693991661071777
0.508483350276947 1.0202646255493164 -0.30899226665496826 0.8417552709579468
0.6180397868156433 1.1768102645874023 0.25146833062171936 0.035395074635744095
0.5345859527587891 1.1788864135742188 0.06527333706617355 0.08822797983884811
0.618270754814148 1.1968380212783813 0.2848362624645233 0.09044284373521805
0.5408201813697815 1.2007806301116943 0.10073398798704147 0.06949179619550705
0.6221170425415039 1.2523064613342285 0.18818147480487823 0.03926698863506317
0.5376816987991333 1.2626631259918213 -0.014447781257331371 0.10140170156955719
