0.5543243885040283 0.32599157094955444 -0.46882233023643494 0.9998262524604797
0.5612236857414246 0.30589234828948975 -0.439145565032959 0.9996496438980103
0.5658794045448303 0.30705177783966064 -0.4393010139465332 0.9997333884239197
0.5708190202713013 0.30847567319869995 -0.43952324986457825 0.9995916485786438
0.5441819429397583 0.30457621812820435 -0.4408140778541565 0.9995606541633606
0.5383352637290955 0.3050729036331177 -0.44091084599494934 0.9996539354324341
0.5330230593681335 0.30613648891448975 -0.44108685851097107 0.9995310306549072
0.5770845413208008 0.3237394094467163 -0.26108014583587646 0.999599277973175
0.523674488067627 0.32406187057495117 -0.26871803402900696 0.9997377991676331
0.5636243224143982 0.3532833755016327 -0.4025127589702606 0.9999538660049438
0.5421946048736572 0.35172614455223083 -0.4052821397781372 0.9999614953994751
0.6131524443626404 0.4824706017971039 -0.1416109949350357 0.9998003840446472
0.4812089800834656 0.47993502020835876 -0.14502808451652527 0.9997749924659729
0.6383852362632751 0.6719075441360474 -0.26846057176589966 0.9293215274810791
0.4519084095954895 0.6828749775886536 -0.10504776984453201 0.9447824358940125
0.6284895539283752 0.6434047818183899 -0.597429096698761 0.718262791633606
0.416397362947464 0.8554326891899109 -0.23309332132339478 0.8075273633003235
0.6279340386390686 0.6464358568191528 -0.6579774022102356 0.580018937587738
0.4037133455276489 0.9129515886306763 -0.2567199766635895 0.7320552468299866
0.6257768869400024 0.6161085367202759 -0.6545803546905518 0.5838512778282166
0.41088199615478516 0.9164669513702393 -0.2990586459636688 0.7574949264526367
0.6291463971138 0.6183458566665649 -0.6015028357505798 0.5008934140205383
0.41697317361831665 0.8987196683883667 -0.24969671666622162 0.7293041348457336
0.5903453230857849 0.7797465324401855 0.0068012410774827 0.9934512376785278
0.4973854124546051 0.7792444229125977 -0.0063959164544939995 0.984334409236908
0.6363345384597778 0.9781075716018677 -0.5213892459869385 0.6998330354690552
0.48979097604751587 0.9764225482940674 -0.4110133945941925 0.5642635822296143
0.6199493408203125 1.1218969821929932 -0.19999271631240845 0.07210824638605118
0.5093439221382141 1.1319899559020996 -0.10413095355033875 0.051019612699747086
0.6147885918617249 1.1408092975616455 -0.17403744161128998 0.1863742470741272
0.5108181238174438 1.154242992401123 -0.08043061196804047 0.06961607933044434
0.6175302267074585 1.1952422857284546 -0.3399200737476349 0.07469487935304642
0.5248825550079346 1.2023651599884033 -0.2613986134529114 0.0434165894985199
