0.5586708784103394 0.33158671855926514 -0.5277953743934631 0.9999048709869385
0.5642330050468445 0.3119851350784302 -0.4999449551105499 0.9998706579208374
0.5682174563407898 0.31285083293914795 -0.5000814199447632 0.9999077320098877
0.5730619430541992 0.3140370845794678 -0.50033038854599 0.9998917579650879
0.5490997433662415 0.30893200635910034 -0.5021790862083435 0.9998012185096741
0.5423175692558289 0.3082921504974365 -0.5021097660064697 0.9997808337211609
0.5365872979164124 0.30823636054992676 -0.5021858811378479 0.9996607303619385
0.5773855447769165 0.326029896736145 -0.32563188672065735 0.9999276399612427
0.5251766443252563 0.32274001836776733 -0.3380448520183563 0.9998418092727661
0.5661423802375793 0.35855844616889954 -0.4618225693702698 0.9999825954437256
0.547000527381897 0.3545837998390198 -0.4658338129520416 0.9999805688858032
0.6068399548530579 0.46419769525527954 -0.24824467301368713 0.9999908208847046
0.47846418619155884 0.47861355543136597 -0.18461284041404724 0.9999145269393921
0.6446093916893005 0.6333630084991455 -0.45421555638313293 0.9988204836845398
0.45244693756103516 0.6741935014724731 -0.10656916350126266 0.9569154381752014
0.5762726664543152 0.47414278984069824 -0.7978236079216003 0.9979450106620789
0.41968977451324463 0.8508055806159973 -0.22854119539260864 0.8905054926872253
0.5599867105484009 0.43940165638923645 -0.8715658783912659 0.9928761720657349
0.4079797863960266 0.9101683497428894 -0.25257277488708496 0.8390394449234009
0.560280978679657 0.4245983362197876 -0.8429039120674133 0.9922353625297546
0.4125777781009674 0.9126768708229065 -0.29461154341697693 0.853632926940918
0.5634728670120239 0.43287456035614014 -0.7916441559791565 0.9855168461799622
0.41830164194107056 0.8959358930587769 -0.24590079486370087 0.8351233005523682
0.5862874388694763 0.7768923044204712 0.007056245114654303 0.9990399479866028
0.4966314733028412 0.7769529819488525 -0.00673420587554574 0.9975302815437317
0.6348842978477478 0.9753844141960144 -0.34441718459129333 0.7827914953231812
0.5046678781509399 1.0095280408859253 -0.32315823435783386 0.6192865371704102
0.6070806980133057 1.0675870180130005 0.1264830082654953 0.0408548042178154
0.5083696842193604 1.1183428764343262 0.09304957836866379 0.03186459839344025
0.6013714075088501 1.063474178314209 0.17387834191322327 0.07914800941944122
0.5062599182128906 1.1283886432647705 0.13255669176578522 0.043249599635601044
0.594736635684967 1.1462078094482422 0.0754036232829094 0.03346038982272148
0.5237235426902771 1.184594750404358 0.0066427206620574 0.024553289636969566
