0.5558855533599854 0.3305630683898926 -0.3962511420249939 0.9999679327011108
0.5611653923988342 0.3106080889701843 -0.36640360951423645 0.999945878982544
0.5648766756057739 0.31192702054977417 -0.366514652967453 0.9999557733535767
0.5691412687301636 0.3133946657180786 -0.3667313754558563 0.9999454021453857
0.5461838841438293 0.3075413107872009 -0.3693806827068329 0.9999333620071411
0.5396007299423218 0.3070260286331177 -0.3693498969078064 0.9999294281005859
0.5339433550834656 0.30726611614227295 -0.3694176971912384 0.999907374382019
0.5730884671211243 0.32749587297439575 -0.19692130386829376 0.9999597072601318
0.5225297808647156 0.32539480924606323 -0.21335019171237946 0.9999628067016602
0.563456654548645 0.35793426632881165 -0.3325498402118683 0.9999924898147583
0.5446462631225586 0.35574761033058167 -0.33781108260154724 0.9999945163726807
0.6051174402236938 0.46604958176612854 -0.14572224020957947 0.9999862909317017
0.4765854477882385 0.481050044298172 -0.09094897657632828 0.9999439716339111
0.6353059411048889 0.6263136863708496 -0.35638684034347534 0.9986770749092102
0.45186084508895874 0.678539514541626 -0.046148836612701416 0.9561198949813843
0.5664481520652771 0.45960289239883423 -0.6495830416679382 0.9979039430618286
0.4180220365524292 0.8507199287414551 -0.16817623376846313 0.9000632166862488
0.5473113656044006 0.42662325501441956 -0.7132984399795532 0.9924943447113037
0.4064728617668152 0.9085103273391724 -0.1929531693458557 0.8517700433731079
0.5473802089691162 0.41229528188705444 -0.6815714240074158 0.9916933178901672
0.4120993912220001 0.9122164249420166 -0.23246102035045624 0.8618510365486145
0.5515601634979248 0.42163270711898804 -0.6417506337165833 0.9852563142776489
0.41769832372665405 0.8944602608680725 -0.1852097064256668 0.8502452373504639
0.5876818895339966 0.7827291488647461 0.002531155478209257 0.9991796612739563
0.49514201283454895 0.7783703804016113 -0.002276116283610463 0.9985003471374512
0.6309002041816711 0.9617628455162048 -0.41150325536727905 0.8642996549606323
0.4892351031303406 0.9372482299804688 -0.4687764346599579 0.7541172504425049
0.6087269186973572 1.0193315744400024 0.07306531816720963 0.0540386326611042
0.5135009288787842 1.0558940172195435 -0.03445785492658615 0.06610960513353348
0.6051928997039795 1.0111713409423828 0.12333475053310394 0.09651576727628708
0.5161499381065369 1.065621256828308 0.008921830914914608 0.08432452380657196
0.6004486083984375 1.0839303731918335 0.04252370074391365 0.048452652990818024
0.5297527313232422 1.1215109825134277 -0.1134897768497467 0.04914975166320801
