0.5459054112434387 0.3299030065536499 -0.3995588719844818 0.9999960660934448
0.5565212368965149 0.3087729811668396 -0.3662317097187042 0.9999934434890747
0.5617276430130005 0.30936723947525024 -0.36633843183517456 0.9999949932098389
0.5663066506385803 0.3100854754447937 -0.3665488362312317 0.9999921321868896
0.5385311841964722 0.30850476026535034 -0.3704078793525696 0.9999887943267822
0.5332987904548645 0.3087124824523926 -0.37039604783058167 0.9999901056289673
0.5281018614768982 0.309852659702301 -0.37043067812919617 0.9999829530715942
0.574389636516571 0.32583433389663696 -0.1858975738286972 0.9999945163726807
0.5213942527770996 0.3266928195953369 -0.20883621275424957 0.9999955892562866
0.5576865077018738 0.3570267856121063 -0.33395931124687195 0.9999994039535522
0.5357600450515747 0.35534799098968506 -0.34104815125465393 0.9999995231628418
0.6127473711967468 0.4788319766521454 -0.09192872792482376 0.9999946355819702
0.4794831871986389 0.4785361886024475 -0.09756743907928467 0.9999786615371704
0.6462539434432983 0.6697579622268677 -0.27866116166114807 0.9970857501029968
0.45105040073394775 0.6795712113380432 -0.07281248271465302 0.9664075374603271
0.6247586011886597 0.5245916247367859 -0.6123540997505188 0.996271014213562
0.4162530303001404 0.8552358150482178 -0.20652803778648376 0.9150711297988892
0.6196490526199341 0.48819971084594727 -0.6763049364089966 0.9883279204368591
0.4045758843421936 0.9095801711082458 -0.23022495210170746 0.8730630278587341
0.6172754168510437 0.4698784351348877 -0.6554015278816223 0.987506628036499
0.40987974405288696 0.9133679270744324 -0.269490122795105 0.8811471462249756
0.615607500076294 0.4796757996082306 -0.609990119934082 0.9778236150741577
0.4155125617980957 0.8950880169868469 -0.2222374826669693 0.8614982962608337
0.5895571112632751 0.7802860140800476 0.011489118449389935 0.9993337988853455
0.4958082437515259 0.7795308828353882 -0.0111642861738801 0.9981822967529297
0.631648063659668 0.958503007888794 -0.5483691096305847 0.8401772975921631
0.4844842255115509 0.9165910482406616 -0.555014967918396 0.7047047019004822
0.6203590035438538 1.0152127742767334 -0.20964974164962769 0.08484634011983871
0.505210816860199 1.0374151468276978 -0.251402348279953 0.06498143076896667
0.6158893704414368 1.0206232070922852 -0.17880819737911224 0.1864060014486313
0.5080780386924744 1.052647352218628 -0.2255723476409912 0.09700918942689896
0.6156290769577026 1.067969799041748 -0.3033044636249542 0.08501649647951126
0.5197819471359253 1.0975743532180786 -0.3808315396308899 0.058375611901283264
