0.5480075478553772 0.33066779375076294 -0.4881955087184906 0.99993896484375
0.5568791031837463 0.3092479705810547 -0.45989614725112915 0.9998562335968018
0.5619000792503357 0.3100370168685913 -0.4600450396537781 0.999897837638855
0.566719114780426 0.3108806610107422 -0.4602704346179962 0.9998325109481812
0.5394075512886047 0.3089807629585266 -0.4619702696800232 0.9997981190681458
0.5334035158157349 0.3093966245651245 -0.4620552361011505 0.9998509883880615
0.5278605818748474 0.3103298544883728 -0.46220776438713074 0.999783456325531
0.5741201043128967 0.3252514600753784 -0.2820264995098114 0.9998650550842285
0.5203936696052551 0.32628172636032104 -0.2915717661380768 0.9999167919158936
0.5590550899505615 0.3578314781188965 -0.42139944434165955 0.9999873638153076
0.5366827845573425 0.3563935160636902 -0.4246082305908203 0.9999895095825195
0.612004816532135 0.47767940163612366 -0.1569005846977234 0.9999501705169678
0.4808734655380249 0.47998714447021484 -0.1678103804588318 0.999897837638855
0.6433664560317993 0.6652413010597229 -0.27715227007865906 0.972296416759491
0.4528297781944275 0.6825674176216125 -0.14082154631614685 0.9731574058532715
0.6460256576538086 0.6558349132537842 -0.6056368350982666 0.9109312891960144
0.41726410388946533 0.8541139364242554 -0.28410661220550537 0.9071179032325745
0.6435033679008484 0.6536371111869812 -0.6684847474098206 0.8294427394866943
0.4047093689441681 0.9095271825790405 -0.31465816497802734 0.8540961742401123
0.6418988704681396 0.636069118976593 -0.6702959537506104 0.8357235789299011
0.41192877292633057 0.9134520292282104 -0.3570808172225952 0.8712886571884155
0.6398306488990784 0.6333558559417725 -0.6122434139251709 0.7785938382148743
0.41850557923316956 0.8963252902030945 -0.3018063008785248 0.8542281985282898
0.5900681018829346 0.7841184735298157 0.00781166972592473 0.9951165914535522
0.4973389208316803 0.7790670990943909 -0.007352967746555805 0.9908258318901062
0.6268452405929565 0.9862895607948303 -0.5114613771438599 0.7239143252372742
0.490738183259964 0.9582502841949463 -0.5106953978538513 0.7099989056587219
0.6162451505661011 1.1469833850860596 -0.16227932274341583 0.08301209658384323
0.5076609253883362 1.14579439163208 -0.21014828979969025 0.11073251068592072
0.611374020576477 1.1680817604064941 -0.13521362841129303 0.1813126802444458
0.5097672939300537 1.172724723815918 -0.1870179921388626 0.12385968118906021
0.6167005896568298 1.225003957748413 -0.30652013421058655 0.06629990041255951
0.5188415050506592 1.222464680671692 -0.3816836476325989 0.08628585189580917
