0.5458852648735046 0.331463098526001 -0.3845706880092621 0.9999905824661255
0.5551286339759827 0.31043726205825806 -0.3609710931777954 0.9999816417694092
0.5602313876152039 0.31127482652664185 -0.3610658049583435 0.9999845027923584
0.5654391050338745 0.3121676445007324 -0.36128073930740356 0.9999780654907227
0.5376284718513489 0.30970460176467896 -0.3640296757221222 0.9999793767929077
0.5317997336387634 0.309775710105896 -0.364061564207077 0.999982476234436
0.5263549089431763 0.3102668523788452 -0.3641161620616913 0.9999772310256958
0.5733041167259216 0.3260117769241333 -0.21821925044059753 0.9999821186065674
0.5196163058280945 0.3263823986053467 -0.2315395176410675 0.9999887943267822
0.557090699672699 0.35870975255966187 -0.3308350145816803 0.9999979734420776
0.5346524119377136 0.35687729716300964 -0.33457472920417786 0.9999986886978149
0.611673891544342 0.48096704483032227 -0.1414429247379303 0.9999872446060181
0.4800112545490265 0.479869544506073 -0.1612653285264969 0.9999823570251465
0.6365819573402405 0.6505192518234253 -0.23488393425941467 0.9741386771202087
0.4538787603378296 0.6764076352119446 -0.1641070395708084 0.987527072429657
0.6573314666748047 0.6878228187561035 -0.49574515223503113 0.9385665059089661
0.41774919629096985 0.8487471342086792 -0.2927245795726776 0.9510698318481445
0.6697155833244324 0.7170214653015137 -0.5465857982635498 0.899792492389679
0.40429872274398804 0.9070876836776733 -0.32283321022987366 0.9251195192337036
0.6652990579605103 0.7064616084098816 -0.562218427658081 0.9087594747543335
0.4109267592430115 0.9118814468383789 -0.35918644070625305 0.9348500967025757
0.6595854163169861 0.6978217959403992 -0.5078440308570862 0.895131528377533
0.41729244589805603 0.8916075825691223 -0.3090652823448181 0.9340110421180725
0.5873843431472778 0.7834818959236145 0.01262692455202341 0.9986072182655334
0.495935320854187 0.7791610956192017 -0.012358454056084156 0.9982840418815613
0.6239292621612549 0.9602731466293335 -0.456240177154541 0.8637526035308838
0.48730263113975525 0.9181229472160339 -0.4538903832435608 0.8002680540084839
0.6027113199234009 0.973091185092926 -0.026925524696707726 0.06475070118904114
0.5063124895095825 1.0235989093780518 -0.11198456585407257 0.10666429996490479
0.5997027158737183 0.9617857933044434 0.017659610137343407 0.10473596304655075
0.5092663764953613 1.0319960117340088 -0.07803694158792496 0.1026083454489708
0.5917009115219116 1.0248419046401978 -0.040166061371564865 0.04607352986931801
0.5191419124603271 1.0883923768997192 -0.1842479109764099 0.06884738057851791
