0.5674193501472473 0.35754773020744324 -0.3955861032009125 0.9999855756759644
0.5765516757965088 0.3369557857513428 -0.3655345141887665 0.9999352693557739
0.5816524624824524 0.3386649489402771 -0.3655345141887665 0.9999536275863647
0.586806058883667 0.34052032232284546 -0.3656066954135895 0.9998937845230103
0.5590701699256897 0.33488696813583374 -0.3782767057418823 0.9999573230743408
0.5529094338417053 0.3354759216308594 -0.37842410802841187 0.999972939491272
0.5471135377883911 0.33660900592803955 -0.37862464785575867 0.9999556541442871
0.5945681929588318 0.35580694675445557 -0.1944475620985031 0.9999322891235352
0.5384663343429565 0.3515186905860901 -0.25395867228507996 0.9999957084655762
0.5776797533035278 0.3877056837081909 -0.32976385951042175 0.9999892711639404
0.5552114248275757 0.3846771717071533 -0.34727534651756287 0.9999974966049194
0.6249999403953552 0.48935309052467346 -0.08841647952795029 0.9998977184295654
0.492350310087204 0.49246910214424133 -0.1946503221988678 0.9998931884765625
0.6940760016441345 0.6014721393585205 -0.2930157780647278 0.9995556473731995
0.48429739475250244 0.7071301341056824 -0.2727219760417938 0.9966762065887451
0.6509016752243042 0.39733487367630005 -0.5839674472808838 0.999321460723877
0.5457747578620911 0.8737486600875854 -0.41160696744918823 0.9944654107093811
0.6398302316665649 0.34319448471069336 -0.6477544903755188 0.9962323307991028
0.5553725361824036 0.9370726346969604 -0.4498688876628876 0.980924129486084
0.6351354122161865 0.3321935534477234 -0.6056601405143738 0.996044933795929
0.5724611878395081 0.9260812401771545 -0.45048555731773376 0.9824322462081909
0.6346121430397034 0.3543283939361572 -0.5742925405502319 0.9955315589904785
0.5722118616104126 0.9047561287879944 -0.4100928008556366 0.9808931350708008
0.6116265058517456 0.8204376101493835 0.0199431125074625 0.9990043044090271
0.5195033550262451 0.8267638087272644 -0.01934661529958248 0.9991635084152222
0.6441217660903931 1.0849257707595825 -0.2113206535577774 0.7044211030006409
0.5052903294563293 1.043549656867981 -0.35115906596183777 0.8117517828941345
0.6219143271446228 1.2281148433685303 0.21865014731884003 0.005781298968940973
0.537771999835968 1.2500663995742798 0.03876035287976265 0.031554874032735825
0.6210224032402039 1.2477473020553589 0.2571186423301697 0.027074847370386124
0.5417829751968384 1.2815693616867065 0.07422559708356857 0.047507766634225845
0.605515718460083 1.3240808248519897 0.13748258352279663 0.005444467533379793
0.5532051920890808 1.343493103981018 -0.0746738538146019 0.028164111077785492
