0.554305911064148 0.33810949325561523 -0.4228874146938324 0.9999444484710693
0.5637553334236145 0.3225190043449402 -0.39471834897994995 0.9998236298561096
0.5693137645721436 0.3230695128440857 -0.39479896426200867 0.9998513460159302
0.5747801661491394 0.3238316774368286 -0.39499086141586304 0.9997788071632385
0.5449634790420532 0.3218516707420349 -0.39350277185440063 0.9998077750205994
0.5388031005859375 0.3227333426475525 -0.39363160729408264 0.9998586177825928
0.5339816808700562 0.3238239884376526 -0.3938009440898895 0.9998266100883484
0.5853270888328552 0.3423864245414734 -0.2488231211900711 0.9998410940170288
0.5256311893463135 0.34567517042160034 -0.2432512789964676 0.9998841285705566
0.5671044588088989 0.36997711658477783 -0.36957332491874695 0.9999945163726807
0.5422974228858948 0.3707023561000824 -0.3680601418018341 0.9999958276748657
0.627362847328186 0.4914703369140625 -0.17686983942985535 0.9998834133148193
0.48510977625846863 0.5014554262161255 -0.1986043006181717 0.9996185302734375
0.6587117910385132 0.6877468228340149 -0.20687277615070343 0.9936317801475525
0.4833182692527771 0.7144555449485779 -0.2364698201417923 0.9918397665023804
0.6197912693023682 0.8221717476844788 -0.3399709463119507 0.9605392217636108
0.5359858274459839 0.8889986276626587 -0.3565424382686615 0.9509648084640503
0.6193788051605225 0.8892273902893066 -0.3947340250015259 0.9055131077766418
0.5455167293548584 0.9500339031219482 -0.40787968039512634 0.9083178639411926
0.6033458709716797 0.8738155961036682 -0.4070100486278534 0.9112961888313293
0.5650368928909302 0.9357743859291077 -0.42133650183677673 0.9107113480567932
0.5967922210693359 0.8552272915840149 -0.34653541445732117 0.9111245274543762
0.5650665163993835 0.9147935509681702 -0.3631375730037689 0.8963426351547241
0.6077712178230286 0.8052589893341064 0.009052245877683163 0.9988117218017578
0.514710545539856 0.822124183177948 -0.008546185679733753 0.9980353713035583
0.6277808547019958 0.9342607855796814 -0.5395081043243408 0.8063567280769348
0.5051508545875549 0.9479815363883972 -0.5445039868354797 0.778003990650177
0.6272984147071838 1.144239068031311 -0.14713922142982483 0.07946283370256424
0.5336687564849854 1.1528562307357788 -0.18313728272914886 0.10112404823303223
0.6215071082115173 1.172119140625 -0.1122351661324501 0.22536243498325348
0.5410509705543518 1.1811493635177612 -0.14976784586906433 0.09910233318805695
0.6428154110908508 1.2416045665740967 -0.2541336715221405 0.078119657933712
0.5382605195045471 1.248674988746643 -0.31343892216682434 0.07345709949731827
