0.5417966246604919 0.3596179485321045 -0.3003252446651459 0.9999692440032959
0.5510445833206177 0.336536705493927 -0.2736676037311554 0.999913215637207
0.5552330017089844 0.3378547430038452 -0.2736414670944214 0.9999246597290039
0.5593973398208618 0.3393901586532593 -0.2736997604370117 0.9999176263809204
0.5350675582885742 0.333454430103302 -0.283171147108078 0.9999364614486694
0.5282005667686462 0.33244866132736206 -0.28309181332588196 0.9999374151229858
0.5222492814064026 0.33174967765808105 -0.2832705080509186 0.999927282333374
0.5632501244544983 0.3528291583061218 -0.1243358850479126 0.9999246597290039
0.5105909109115601 0.34380751848220825 -0.16850361227989197 0.9999707937240601
0.5478020310401917 0.39214426279067993 -0.2441382110118866 0.9999798536300659
0.528175950050354 0.38822120428085327 -0.25759637355804443 0.9999867677688599
0.5906904339790344 0.49173861742019653 -0.05248652398586273 0.9999727010726929
0.45780420303344727 0.49787065386772156 -0.05298290401697159 0.9999189376831055
0.6644678711891174 0.5602837204933167 -0.18107666075229645 0.998889148235321
0.4309091567993164 0.7067309617996216 0.053260330110788345 0.9831123948097229
0.6105899810791016 0.36404746770858765 -0.3797122836112976 0.9947106838226318
0.41378921270370483 0.8839825987815857 0.06408178806304932 0.9041902422904968
0.5984817147254944 0.31557321548461914 -0.42463985085487366 0.9631168246269226
0.3989088833332062 0.9472559094429016 0.06521070003509521 0.7829064130783081
0.5908435583114624 0.3181934952735901 -0.38378968834877014 0.9560548663139343
0.4129919409751892 0.9541891813278198 0.031052637845277786 0.7937615513801575
0.5906347632408142 0.3393101692199707 -0.3684084713459015 0.9518875479698181
0.4197792410850525 0.9393660426139832 0.05329877510666847 0.813214123249054
0.5800651907920837 0.8232116103172302 0.003283246885985136 0.9976136684417725
0.4824809730052948 0.8522635698318481 -0.0023146949242800474 0.9956244826316833
0.6005508899688721 1.105377197265625 -0.12946537137031555 0.5203322172164917
0.49457523226737976 1.1211817264556885 0.04463997855782509 0.22744488716125488
0.5931077599525452 1.3366659879684448 0.14496399462223053 0.007636585272848606
0.5006891489028931 1.3554267883300781 0.29146912693977356 0.009974784217774868
0.5905005931854248 1.3690147399902344 0.16791604459285736 0.01887483336031437
0.49952182173728943 1.3935989141464233 0.31059712171554565 0.021257434040308
0.5832120776176453 1.4424258470535278 0.005990185309201479 0.005099760368466377
0.5102857351303101 1.4453649520874023 0.13890382647514343 0.005633050110191107
