0.5387254357337952 0.36502426862716675 -0.27134692668914795 0.9999568462371826
0.5482953786849976 0.34273457527160645 -0.24315771460533142 0.9998244643211365
0.5525397658348083 0.3438790440559387 -0.24315568804740906 0.9998657703399658
0.5564972162246704 0.345315158367157 -0.24321724474430084 0.9998219609260559
0.5323877334594727 0.33899903297424316 -0.2507897615432739 0.9998890161514282
0.5260120034217834 0.3378528356552124 -0.250754177570343 0.9999135732650757
0.5206084847450256 0.33710241317749023 -0.2509646713733673 0.9998928308486938
0.5608981251716614 0.3573446273803711 -0.09140879660844803 0.9998642206192017
0.5110588073730469 0.34801000356674194 -0.1273273229598999 0.9999583959579468
0.5454145669937134 0.39654678106307983 -0.21440944075584412 0.9999511241912842
0.526185154914856 0.3925570249557495 -0.22537283599376678 0.9999707937240601
0.5903310775756836 0.4897925555706024 -0.0178766418248415 0.9999275207519531
0.45968717336654663 0.5010558366775513 -0.017685966566205025 0.9998972415924072
0.6662006974220276 0.5453149080276489 -0.14194998145103455 0.9976707100868225
0.4319555163383484 0.7052973508834839 0.0582677498459816 0.9779670238494873
0.6045116782188416 0.3545122742652893 -0.31246721744537354 0.9819398522377014
0.4140104353427887 0.883425772190094 0.04199300706386566 0.877582848072052
0.5898018479347229 0.3113269805908203 -0.3509693145751953 0.8917286396026611
0.3993406891822815 0.949956476688385 0.039372097700834274 0.7319380044937134
0.5829341411590576 0.31769007444381714 -0.306007444858551 0.8774176239967346
0.4120490252971649 0.9609652161598206 0.005939794238656759 0.7495115399360657
0.584181547164917 0.3363075256347656 -0.29898929595947266 0.871096134185791
0.4194217920303345 0.9419553279876709 0.030500762164592743 0.7617745995521545
0.5804490447044373 0.8189904689788818 0.003364973934367299 0.9963487386703491
0.4845341742038727 0.8496115207672119 -0.002448625862598419 0.9940681457519531
0.5995798110961914 1.0954759120941162 -0.20161180198192596 0.6635995507240295
0.48720893263816833 1.1121667623519897 -0.005870795343071222 0.32838794589042664
0.5880250930786133 1.323744297027588 0.05301203951239586 0.017987672239542007
0.49117565155029297 1.347156286239624 0.24068111181259155 0.02495814673602581
0.5848127007484436 1.3567821979522705 0.07441709190607071 0.04483975097537041
0.49115097522735596 1.3861806392669678 0.2591340243816376 0.045140136033296585
0.5776768922805786 1.4255917072296143 -0.0860038697719574 0.012183179147541523
0.49557071924209595 1.4340187311172485 0.09120321273803711 0.011371214874088764
