0.5371326208114624 0.3571755290031433 -0.3970835506916046 0.9999980926513672
0.5452538728713989 0.33804720640182495 -0.3679662048816681 0.9999926090240479
0.5492990016937256 0.33883213996887207 -0.3680226504802704 0.9999964237213135
0.553383469581604 0.3398575782775879 -0.36810794472694397 0.9999920129776001
0.529630184173584 0.3363092541694641 -0.3762204051017761 0.9999904632568359
0.5237210392951965 0.33590203523635864 -0.3762824237346649 0.9999935626983643
0.518252432346344 0.33610838651657104 -0.3763642907142639 0.9999834299087524
0.5594333410263062 0.3520611524581909 -0.19273284077644348 0.9999964237213135
0.5092784762382507 0.3476916551589966 -0.23462867736816406 0.9999966621398926
0.5455387830734253 0.38659441471099854 -0.33059704303741455 0.9999980926513672
0.5251476764678955 0.3818069398403168 -0.3431541621685028 0.9999983310699463
0.5889310240745544 0.4792378842830658 -0.0966891273856163 0.9999939203262329
0.45851296186447144 0.4955557882785797 -0.09942416846752167 0.9999586343765259
0.6308504939079285 0.601380467414856 -0.29874464869499207 0.9996246099472046
0.43112632632255554 0.7013348340988159 -0.04778782278299332 0.9970515966415405
0.6034138798713684 0.43070587515830994 -0.6505178809165955 0.9993314743041992
0.41437235474586487 0.8885988593101501 -0.12076926231384277 0.9921298623085022
0.6002801060676575 0.38253989815711975 -0.720922589302063 0.9972666501998901
0.40208858251571655 0.9540010690689087 -0.13095836341381073 0.9758358597755432
0.594473123550415 0.3775181770324707 -0.6918916702270508 0.9972708821296692
0.41149383783340454 0.9621632695198059 -0.16947664320468903 0.9791880249977112
0.5907365083694458 0.39494428038597107 -0.6462313532829285 0.9966391324996948
0.4181157350540161 0.9429842233657837 -0.13383881747722626 0.9807919859886169
0.5797902941703796 0.8010643720626831 0.010860404931008816 0.999904990196228
0.48743125796318054 0.8250971436500549 -0.010255211032927036 0.9995133876800537
0.6157898306846619 1.0354094505310059 -0.3529462218284607 0.9666866660118103
0.4999805688858032 1.0984456539154053 -0.12302136421203613 0.8922213315963745
0.6023083925247192 1.2525113821029663 0.01602128893136978 0.05157041177153587
0.5022060871124268 1.2951242923736572 0.24472717940807343 0.03697964549064636
0.5980867743492126 1.2838940620422363 0.050216879695653915 0.14754784107208252
0.5003588795661926 1.3268325328826904 0.2756715416908264 0.06900454312562943
0.5981804728507996 1.3497382402420044 -0.09778206050395966 0.025232594460248947
0.5135261416435242 1.3753299713134766 0.11992725729942322 0.013086128979921341
