0.5343261957168579 0.3526793122291565 -0.5589431524276733 0.9999173879623413
0.543386697769165 0.32818013429641724 -0.532137393951416 0.9996970891952515
0.5478255748748779 0.3289944529533386 -0.5322331786155701 0.9998459815979004
0.5515404343605042 0.33024173974990845 -0.5323576331138611 0.9996542930603027
0.5260599255561829 0.32843273878097534 -0.5347639322280884 0.9996273517608643
0.5204175114631653 0.32877516746520996 -0.5349889397621155 0.9998027682304382
0.5145342946052551 0.329922080039978 -0.5351673364639282 0.9995848536491394
0.5584442615509033 0.3472159504890442 -0.34973934292793274 0.9998113512992859
0.5065304636955261 0.3461647629737854 -0.3624102771282196 0.9998842477798462
0.5446173548698425 0.37947195768356323 -0.4891984760761261 0.9999667406082153
0.5228673219680786 0.3784448504447937 -0.4935190975666046 0.9999711513519287
0.5986611843109131 0.5007429122924805 -0.2261923849582672 0.9999433755874634
0.45642104744911194 0.5024746060371399 -0.20613543689250946 0.9998986721038818
0.6375313997268677 0.6910812258720398 -0.4210476279258728 0.9988294243812561
0.42989400029182434 0.7087750434875488 -0.14659346640110016 0.9943619966506958
0.6042889952659607 0.6083844900131226 -0.8260360360145569 0.9935243129730225
0.41469287872314453 0.8873065710067749 -0.2831282615661621 0.9691129922866821
0.5925973057746887 0.5950616598129272 -0.9044110178947449 0.978863537311554
0.40192338824272156 0.9538994431495667 -0.313114732503891 0.9200142621994019
0.5880548357963562 0.5497046709060669 -0.8839499354362488 0.979217529296875
0.4138696789741516 0.9625719785690308 -0.34991714358329773 0.9325562119483948
0.5894741415977478 0.5615412592887878 -0.82534259557724 0.9733408689498901
0.421690434217453 0.9420440793037415 -0.29755088686943054 0.9352268576622009
0.5842394232749939 0.8245575428009033 -0.0008750333217903972 0.998408854007721
0.4867236912250519 0.8410986661911011 0.001504146377556026 0.9969602227210999
0.6065927147865295 1.0987920761108398 -0.2629625201225281 0.7367743253707886
0.49746307730674744 1.1079062223434448 -0.144414022564888 0.6968551278114319
0.6061987280845642 1.3051239252090454 0.21773488819599152 0.007971522398293018
0.5014654397964478 1.3260691165924072 0.23128220438957214 0.02512408420443535
0.6050552725791931 1.3369715213775635 0.25862061977386475 0.020088573917746544
0.49846363067626953 1.3660012483596802 0.26076823472976685 0.039297375828027725
0.60236656665802 1.4061903953552246 0.08237585425376892 0.004103544168174267
0.5173986554145813 1.4130580425262451 0.05420881509780884 0.015801073983311653
