0.5351694226264954 0.35308128595352173 -0.4280315637588501 0.9999814033508301
0.54450523853302 0.32900184392929077 -0.39966243505477905 0.9999312162399292
0.5493528842926025 0.3297383189201355 -0.3997683525085449 0.9999719858169556
0.5531980395317078 0.3311156630516052 -0.39982345700263977 0.9999401569366455
0.5269318222999573 0.3280929923057556 -0.4047107696533203 0.9999217987060547
0.5210846662521362 0.3285958170890808 -0.4048526883125305 0.9999628067016602
0.5151436924934387 0.32978910207748413 -0.405044823884964 0.999916672706604
0.5597705841064453 0.34606754779815674 -0.22958700358867645 0.9999682903289795
0.5069968700408936 0.34537166357040405 -0.2526324987411499 0.9999779462814331
0.5455859303474426 0.38108766078948975 -0.36400333046913147 0.9999877214431763
0.5232253074645996 0.38005900382995605 -0.37162789702415466 0.9999878406524658
0.6007854342460632 0.5067223310470581 -0.12470312416553497 0.9999817609786987
0.45573651790618896 0.5017019510269165 -0.11019942909479141 0.9999641180038452
0.6373178362846375 0.716535210609436 -0.2779674232006073 0.9994170665740967
0.4304380416870117 0.7109219431877136 -0.045855991542339325 0.9955119490623474
0.6047487854957581 0.6522899866104126 -0.6342052817344666 0.9968351721763611
0.4171813726425171 0.8906369805335999 -0.17511938512325287 0.965461790561676
0.5944364070892334 0.6399752497673035 -0.7021408081054688 0.9875186085700989
0.40468698740005493 0.9533302783966064 -0.20219627022743225 0.9146785140037537
0.5916378498077393 0.6099227666854858 -0.6816981434822083 0.9873809814453125
0.41549012064933777 0.9631215333938599 -0.23620519042015076 0.9245784878730774
0.592176079750061 0.608899712562561 -0.6325209736824036 0.9857448935508728
0.4224929213523865 0.9469947814941406 -0.18905401229858398 0.9335776567459106
0.5843374133110046 0.8370046019554138 0.002952106297016144 0.9987168312072754
0.48129385709762573 0.8469650745391846 -0.001690996577963233 0.998052716255188
0.5983723402023315 1.1224125623703003 -0.26778537034988403 0.48152685165405273
0.4898380935192108 1.116007924079895 -0.1859176754951477 0.3894839286804199
0.6063040494918823 1.3727924823760986 0.043765343725681305 0.0010603811824694276
0.4892973005771637 1.3760815858840942 0.07420262694358826 0.0034397884737700224
0.6095716953277588 1.415570855140686 0.0669746920466423 0.004156780894845724
0.48469701409339905 1.4245212078094482 0.09074490517377853 0.006705521140247583
0.5931918621063232 1.4669121503829956 -0.12463230639696121 0.0006448058411478996
0.5044815540313721 1.4594284296035767 -0.12781448662281036 0.002296681283041835
