0.5475490689277649 0.3659532070159912 -0.3909003436565399 0.9999853372573853
0.5538025498390198 0.3425220549106598 -0.36213260889053345 0.9999897480010986
0.5578654408454895 0.34321844577789307 -0.36224180459976196 0.9999912977218628
0.5626171827316284 0.3442361056804657 -0.3625389039516449 0.9999915361404419
0.5372915267944336 0.34156978130340576 -0.37008798122406006 0.999982476234436
0.529626190662384 0.3420431613922119 -0.3699836730957031 0.999974250793457
0.5229292511940002 0.34318646788597107 -0.37002885341644287 0.999966025352478
0.5670158267021179 0.35716789960861206 -0.18885351717472076 0.9999954700469971
0.511046826839447 0.3569534718990326 -0.22686053812503815 0.9999905824661255
0.5545948147773743 0.3956833779811859 -0.3242250382900238 0.9999972581863403
0.5344656705856323 0.3945951759815216 -0.3353807330131531 0.9999967813491821
0.6012942790985107 0.48064738512039185 -0.10284692794084549 0.999995231628418
0.46296602487564087 0.49695995450019836 -0.10080602020025253 0.9998944997787476
0.6339143514633179 0.6761486530303955 -0.2515043020248413 0.9963345527648926
0.4310944676399231 0.6924818158149719 -0.07158727198839188 0.9414768815040588
0.6046046018600464 0.5158205032348633 -0.5558079481124878 0.997414231300354
0.425557404756546 0.8560799956321716 -0.18054519593715668 0.7619876265525818
0.601036787033081 0.4703928530216217 -0.6237106323242188 0.9921784400939941
0.41638702154159546 0.9070459604263306 -0.201466903090477 0.6580618619918823
0.599496603012085 0.4524315893650055 -0.6063970327377319 0.9917927384376526
0.4242687225341797 0.9077004194259644 -0.23829089105129242 0.6655305624008179
0.596470296382904 0.46951350569725037 -0.5549488067626953 0.9854961037635803
0.4296332001686096 0.8941591382026672 -0.1959170550107956 0.6542707681655884
0.5910677313804626 0.8045591115951538 0.010193649679422379 0.9988057613372803
0.49058306217193604 0.8137055039405823 -0.009789129719138145 0.9969338178634644
0.6789318919181824 0.9618206024169922 -0.3414667546749115 0.9562270641326904
0.4202755391597748 1.0015983581542969 -0.26719415187835693 0.9055866003036499
0.6132741570472717 1.1208362579345703 0.006320006214082241 0.3584021031856537
0.477479487657547 1.1641147136688232 0.10274302959442139 0.1716969907283783
0.5953540205955505 1.132081151008606 0.04156654328107834 0.44525840878486633
0.490215927362442 1.179457426071167 0.13907234370708466 0.1974809467792511
0.6143676042556763 1.2153165340423584 -0.06359510123729706 0.23156507313251495
0.4745503067970276 1.245863676071167 0.03732072934508324 0.07902985066175461
