0.5426781177520752 0.3662465512752533 -0.49607086181640625 0.9999629259109497
0.5496980547904968 0.3429231643676758 -0.4716765582561493 0.9999712705612183
0.5538800358772278 0.3431788682937622 -0.47179919481277466 0.9999804496765137
0.5586801767349243 0.3435860276222229 -0.47208768129348755 0.9999796152114868
0.5330981612205505 0.34146010875701904 -0.47635868191719055 0.9999531507492065
0.5261317491531372 0.34112387895584106 -0.47627830505371094 0.9999446868896484
0.519525945186615 0.3412054181098938 -0.4763574004173279 0.9999110698699951
0.5638062357902527 0.35511279106140137 -0.30397599935531616 0.9999884366989136
0.508100688457489 0.3533353805541992 -0.3247475028038025 0.9999655485153198
0.5501580834388733 0.39569807052612305 -0.430573970079422 0.9999935626983643
0.5295857787132263 0.3953191041946411 -0.43659529089927673 0.9999912977218628
0.6007655262947083 0.48469847440719604 -0.20699067413806915 0.999993085861206
0.46183741092681885 0.49261531233787537 -0.18808433413505554 0.9998635053634644
0.6300333142280579 0.6774418950080872 -0.354317307472229 0.9974779486656189
0.4325689971446991 0.6841716766357422 -0.166428342461586 0.9683337807655334
0.5968576073646545 0.5867583751678467 -0.7058509588241577 0.9973933696746826
0.4226107597351074 0.8467939496040344 -0.31612369418144226 0.836582601070404
0.5844137072563171 0.573930561542511 -0.7822489142417908 0.9928129315376282
0.41577938199043274 0.8945374488830566 -0.3495557904243469 0.7537124156951904
0.5832542181015015 0.5413395166397095 -0.7702171206474304 0.993111252784729
0.4236677289009094 0.8950435519218445 -0.3811498284339905 0.7696148753166199
0.5833967328071594 0.5415619611740112 -0.7069854736328125 0.9870632290840149
0.42915135622024536 0.8780162930488586 -0.33036473393440247 0.7445778250694275
0.5858439803123474 0.8003317713737488 0.009222915396094322 0.9943935871124268
0.4876669645309448 0.8080521821975708 -0.008662393316626549 0.9866414070129395
0.6820043325424194 0.9685819149017334 -0.3223385214805603 0.9287683367729187
0.42182132601737976 0.9963245391845703 -0.23037447035312653 0.8485720157623291
0.5950746536254883 1.1271989345550537 0.03924766555428505 0.2723841071128845
0.4961683452129364 1.1622918844223022 0.12755657732486725 0.123410664498806
0.5788716673851013 1.1311389207839966 0.07523637264966965 0.3151363432407379
0.5064636468887329 1.1744464635849 0.16136737167835236 0.1391591876745224
0.5810920596122742 1.2197296619415283 -0.02994990535080433 0.16986358165740967
0.5066210627555847 1.2467963695526123 0.05878065899014473 0.05766924470663071
