0.543113648891449 0.36332225799560547 -0.48486241698265076 0.9999680519104004
0.5509037375450134 0.3407323360443115 -0.46004825830459595 0.9999737739562988
0.5548936724662781 0.34170883893966675 -0.4601641893386841 0.9999818801879883
0.5591285824775696 0.3429524302482605 -0.4604331851005554 0.9999792575836182
0.533685028553009 0.3384236693382263 -0.4635661542415619 0.9999642372131348
0.5268887877464294 0.3381770849227905 -0.463501513004303 0.9999579191207886
0.5206639766693115 0.3388102054595947 -0.4635741412639618 0.9999270439147949
0.5640624165534973 0.356494665145874 -0.2960343360900879 0.9999892711639404
0.5104686617851257 0.3531563878059387 -0.311713844537735 0.9999709129333496
0.5506783723831177 0.39244452118873596 -0.4214863181114197 0.9999959468841553
0.5294651389122009 0.39103978872299194 -0.42612552642822266 0.9999947547912598
0.6043630242347717 0.49228283762931824 -0.19882360100746155 0.9999923706054688
0.4602423310279846 0.49810001254081726 -0.18449245393276215 0.9998819828033447
0.6367975473403931 0.6798707246780396 -0.35000351071357727 0.9980169534683228
0.42963913083076477 0.6941406726837158 -0.18908903002738953 0.9644545912742615
0.6069672703742981 0.6187840700149536 -0.6922319531440735 0.9965201616287231
0.4270300567150116 0.846419095993042 -0.3596576750278473 0.7741410136222839
0.589191198348999 0.6032460927963257 -0.7638428211212158 0.9901496171951294
0.4207100570201874 0.892231285572052 -0.3941967785358429 0.682040810585022
0.5888715386390686 0.5688701868057251 -0.7466347813606262 0.9902859330177307
0.4290165305137634 0.8917264938354492 -0.4197002053260803 0.6971085071563721
0.5910922288894653 0.5717415809631348 -0.6900888085365295 0.9814127683639526
0.4337175786495209 0.8731774091720581 -0.3715963363647461 0.6650204658508301
0.5870915055274963 0.8094477653503418 0.010240161791443825 0.9943106174468994
0.48706409335136414 0.816539466381073 -0.009744446724653244 0.9853329062461853
0.6849954724311829 0.9715160131454468 -0.3399151563644409 0.961219310760498
0.4195188283920288 1.0020109415054321 -0.20041179656982422 0.8699060678482056
0.6108762621879578 1.1158387660980225 -0.019105512648820877 0.40655431151390076
0.48251456022262573 1.1556020975112915 0.13631172478199005 0.1682284027338028
0.5944675207138062 1.119410514831543 0.01375603023916483 0.4594082534313202
0.49317312240600586 1.171764612197876 0.16809041798114777 0.18765980005264282
0.6011765003204346 1.2056469917297363 -0.08827105909585953 0.2683996856212616
0.48918288946151733 1.2309179306030273 0.06765872985124588 0.07488564401865005
