0.543049156665802 0.3617365062236786 -0.5007908940315247 0.999915361404419
0.5509259700775146 0.33848273754119873 -0.474138081073761 0.9999324083328247
0.5549351572990417 0.3394988775253296 -0.4742671847343445 0.9999465942382812
0.5594083666801453 0.34082233905792236 -0.4745371639728546 0.9999445676803589
0.5333753824234009 0.33681368827819824 -0.47836267948150635 0.999906063079834
0.5265800952911377 0.336750864982605 -0.4783378541469574 0.999884843826294
0.5203136801719666 0.3375919461250305 -0.478436678647995 0.9998365640640259
0.5645239949226379 0.35561269521713257 -0.30321967601776123 0.9999685287475586
0.5102829337120056 0.3523027300834656 -0.3207234740257263 0.999936580657959
0.5506876707077026 0.391257643699646 -0.43540218472480774 0.9999872446060181
0.5293347835540771 0.38990917801856995 -0.440501868724823 0.9999840259552002
0.6051018238067627 0.4945283532142639 -0.19795656204223633 0.9999737739562988
0.4600326120853424 0.5011054277420044 -0.1937338262796402 0.9997410178184509
0.6354339122772217 0.6784557104110718 -0.34459826350212097 0.9952778816223145
0.4295589327812195 0.699123740196228 -0.19097642600536346 0.9638681411743164
0.6123237609863281 0.6462776064872742 -0.6884164810180664 0.9908993244171143
0.42606595158576965 0.8563018441200256 -0.3437037765979767 0.7517772912979126
0.5947938561439514 0.6320693492889404 -0.7615269422531128 0.977508544921875
0.4180443584918976 0.9056301712989807 -0.3764236867427826 0.6509280204772949
0.5955394506454468 0.5964100360870361 -0.745299756526947 0.9773926138877869
0.4270841181278229 0.8994662165641785 -0.4072451889514923 0.6601312756538391
0.596917986869812 0.5968499183654785 -0.6876882314682007 0.9595527648925781
0.43224695324897766 0.8875353336334229 -0.3573813736438751 0.6256519556045532
0.585569441318512 0.816947340965271 0.005019370932132006 0.9909002780914307
0.48528629541397095 0.8268294334411621 -0.004521109163761139 0.9813134670257568
0.6854482889175415 0.9755902290344238 -0.39263632893562317 0.9322646856307983
0.415032297372818 1.0108039379119873 -0.28970709443092346 0.8856242299079895
0.6143552660942078 1.1645644903182983 -0.07409603148698807 0.3868267834186554
0.4799276292324066 1.1825954914093018 0.052750762552022934 0.16595692932605743
0.5964102149009705 1.1797231435775757 -0.04531474784016609 0.4126642644405365
0.4907264709472656 1.2010763883590698 0.08342916518449783 0.1697530448436737
0.6187177896499634 1.2597017288208008 -0.1722629964351654 0.22525814175605774
0.479532390832901 1.2655742168426514 -0.03141603246331215 0.07144302874803543
