0.5413150191307068 0.36245930194854736 -0.2652225196361542 0.9997949004173279
0.5493196249008179 0.3403093218803406 -0.232130229473114 0.9997773766517639
0.5538349747657776 0.34122365713119507 -0.232322558760643 0.9998223185539246
0.5578525066375732 0.34227973222732544 -0.23272787034511566 0.9998420476913452
0.5310003161430359 0.34005916118621826 -0.2366039752960205 0.9997194409370422
0.5241990685462952 0.34096699953079224 -0.23661354184150696 0.9997003078460693
0.517463743686676 0.34266775846481323 -0.2367083877325058 0.9997045397758484
0.5634786486625671 0.3559955358505249 -0.06526103615760803 0.9998995065689087
0.5087106227874756 0.35851818323135376 -0.08226696401834488 0.9997947812080383
0.5503933429718018 0.3913750946521759 -0.20371073484420776 0.9999189376831055
0.5283322334289551 0.39081281423568726 -0.20884786546230316 0.9999123811721802
0.6090666055679321 0.5112128853797913 0.021227184683084488 0.9997702240943909
0.46086475253105164 0.5038138628005981 0.00233190949074924 0.9992913007736206
0.6439331769943237 0.6983705759048462 -0.04487989470362663 0.8971739411354065
0.43161800503730774 0.7047801613807678 0.021779971197247505 0.8414626121520996
0.6620720028877258 0.7445971965789795 -0.29942628741264343 0.4468225836753845
0.42557257413864136 0.8664453029632568 -0.10189207643270493 0.33657482266426086
0.6671818494796753 0.7652361392974854 -0.35223010182380676 0.37067273259162903
0.41594362258911133 0.9176340699195862 -0.13038437068462372 0.29246118664741516
0.6635343432426453 0.7480014562606812 -0.36816421151161194 0.3904789388179779
0.4251095652580261 0.9117836356163025 -0.16798445582389832 0.3051416575908661
0.6587091684341431 0.7427494525909424 -0.31272193789482117 0.3619978129863739
0.42884495854377747 0.9016056060791016 -0.11955876648426056 0.2969459295272827
0.5846942663192749 0.8084743022918701 0.015680328011512756 0.9935856461524963
0.48405560851097107 0.8212995529174805 -0.015068959444761276 0.9861329793930054
0.6744297742843628 0.9549482464790344 -0.4560590088367462 0.9063951969146729
0.4602932333946228 1.0164992809295654 -0.3174540400505066 0.8291954398155212
0.6142776608467102 1.1284109354019165 -0.10687589645385742 0.2382241040468216
0.49280473589897156 1.1900203227996826 0.031923387199640274 0.13868550956249237
0.5988228917121887 1.140151023864746 -0.0741744413971901 0.2797367572784424
0.5001261234283447 1.2079988718032837 0.06286758184432983 0.12107215076684952
0.6111384034156799 1.225595235824585 -0.2035752683877945 0.11514053493738174
0.49637335538864136 1.2796485424041748 -0.08316697180271149 0.05239122360944748
