0.5547533631324768 0.3349708914756775 -0.4366404116153717 0.9999806880950928
0.5610908269882202 0.31387972831726074 -0.40701061487197876 0.999966025352478
0.565423309803009 0.3144458532333374 -0.4071333110332489 0.9999744892120361
0.5701350569725037 0.31524741649627686 -0.4073401987552643 0.9999630451202393
0.5450375080108643 0.31267988681793213 -0.4101724326610565 0.9999500513076782
0.5385814309120178 0.3127555847167969 -0.41016289591789246 0.9999518394470215
0.5328941345214844 0.3130873441696167 -0.41022711992263794 0.9999221563339233
0.5746704339981079 0.3287787437438965 -0.23540045320987701 0.9999765157699585
0.5219675898551941 0.3288534879684448 -0.25255346298217773 0.9999735355377197
0.5619752407073975 0.36144208908081055 -0.3725596070289612 0.9999959468841553
0.5420852899551392 0.3597135841846466 -0.37797409296035767 0.9999960660934448
0.6049181818962097 0.46693506836891174 -0.16842587292194366 0.999991774559021
0.47959110140800476 0.47811636328697205 -0.12258772552013397 0.999927282333374
0.6412127614021301 0.6428958177566528 -0.3699735403060913 0.999202311038971
0.45381394028663635 0.6763155460357666 -0.07272928208112717 0.9680049419403076
0.5777255892753601 0.4964353144168854 -0.6917410492897034 0.9988208413124084
0.4190528988838196 0.8511980772018433 -0.20594964921474457 0.9335451722145081
0.5647092461585999 0.461526095867157 -0.7602748870849609 0.9952846169471741
0.40491586923599243 0.9085070490837097 -0.23194633424282074 0.8970291018486023
0.5615236163139343 0.4490695893764496 -0.7320581674575806 0.9948726296424866
0.41075533628463745 0.9141221642494202 -0.2742709815502167 0.9072837829589844
0.5630795955657959 0.45675235986709595 -0.6857820153236389 0.9902241826057434
0.4168999493122101 0.8952578902244568 -0.2240642011165619 0.8928687572479248
0.5881444215774536 0.7794028520584106 0.000346774875652045 0.9993321299552917
0.49473392963409424 0.778331458568573 -9.271682210965082e-05 0.9982627034187317
0.6296301484107971 0.9599564075469971 -0.4493368864059448 0.8488860726356506
0.47909003496170044 0.9532718062400818 -0.4676674008369446 0.7557039856910706
0.6135621666908264 1.0463320016860962 -0.022501343861222267 0.08568054437637329
0.49425143003463745 1.0690375566482544 -0.05547397956252098 0.045841459184885025
0.609038233757019 1.0524876117706299 0.019320202991366386 0.1565944403409958
0.4969421327114105 1.0812208652496338 -0.016475273296236992 0.06087508425116539
0.6112242937088013 1.1152156591415405 -0.08848188817501068 0.06898327171802521
0.5022028088569641 1.133400797843933 -0.1418897658586502 0.031110920011997223
