0.5501022934913635 0.3274080157279968 -0.4592369496822357 0.9999786615371704
0.557877242565155 0.30797791481018066 -0.430743545293808 0.9999700784683228
0.5621302723884583 0.3089529871940613 -0.4308719336986542 0.999977707862854
0.5665512681007385 0.30991363525390625 -0.43109968304634094 0.9999688863754272
0.5409377813339233 0.3060430884361267 -0.4345412850379944 0.9999535083770752
0.5351503491401672 0.30637431144714355 -0.43452998995780945 0.9999529123306274
0.5294240713119507 0.30710339546203613 -0.43457743525505066 0.999923825263977
0.5729484558105469 0.3252386450767517 -0.26007238030433655 0.9999802112579346
0.5197771191596985 0.3241700530052185 -0.27987632155418396 0.9999713897705078
0.5592943429946899 0.35479459166526794 -0.39510929584503174 0.9999959468841553
0.5377792119979858 0.35255324840545654 -0.40117979049682617 0.9999959468841553
0.6051763892173767 0.46451640129089355 -0.18132753670215607 0.9999936819076538
0.47747522592544556 0.4764869511127472 -0.15278151631355286 0.9999500513076782
0.633576512336731 0.6504697799682617 -0.3649935722351074 0.9985072016716003
0.45265108346939087 0.6762778162956238 -0.09998362511396408 0.9665126800537109
0.5807316899299622 0.5126620531082153 -0.6940267086029053 0.9981451034545898
0.41827744245529175 0.8522306680679321 -0.23646500706672668 0.9231465458869934
0.5664892196655273 0.4817919135093689 -0.7634433507919312 0.9935091137886047
0.4063183069229126 0.9105365872383118 -0.26273977756500244 0.8861868977546692
0.5662148594856262 0.46183717250823975 -0.7403144240379333 0.9930580854415894
0.41140639781951904 0.9151857495307922 -0.3049168288707733 0.8972066640853882
0.5681928396224976 0.4697692096233368 -0.690236508846283 0.9876382350921631
0.41691869497299194 0.8964992165565491 -0.2542433440685272 0.8833277821540833
0.589040994644165 0.7791832685470581 0.0097846994176507 0.9995160102844238
0.4959879517555237 0.7809209227561951 -0.009542953222990036 0.998553454875946
0.6318901181221008 0.9689752459526062 -0.3973904252052307 0.8466904759407043
0.48205697536468506 0.9828125834465027 -0.37456610798835754 0.6763579845428467
0.6284463405609131 1.0361063480377197 0.04695688188076019 0.05183275043964386
0.5021250247955322 1.0844333171844482 0.029242975637316704 0.026956520974636078
0.6246138215065002 1.0365262031555176 0.09223099797964096 0.11897487193346024
0.5042406916618347 1.0947259664535522 0.0682249516248703 0.03259021043777466
0.6257454752922058 1.1011031866073608 0.0017114150105044246 0.048196543008089066
0.5182262063026428 1.1505820751190186 -0.04873504862189293 0.021654928103089333
