0.5517159700393677 0.32380181550979614 -0.4633925259113312 0.9999862909317017
0.5588032007217407 0.30408453941345215 -0.4332956075668335 0.9999799728393555
0.5625597238540649 0.30491381883621216 -0.43343228101730347 0.9999856948852539
0.5668784379959106 0.3059237599372864 -0.43366119265556335 0.9999785423278809
0.5416654944419861 0.3024444580078125 -0.4383895993232727 0.9999692440032959
0.5354968905448914 0.302869975566864 -0.43837955594062805 0.9999716281890869
0.5296865105628967 0.30371028184890747 -0.43842893838882446 0.99994957447052
0.5726451277732849 0.32221347093582153 -0.2606576085090637 0.9999860525131226
0.5196253061294556 0.321522057056427 -0.28648072481155396 0.999983549118042
0.5603004693984985 0.35184937715530396 -0.39926859736442566 0.9999974966049194
0.5382410287857056 0.3497063219547272 -0.4070951044559479 0.9999974966049194
0.6040048003196716 0.4662126898765564 -0.185710608959198 0.9999940395355225
0.475810706615448 0.47711074352264404 -0.16758498549461365 0.9999518394470215
0.6346981525421143 0.6544168591499329 -0.37460359930992126 0.9986760020256042
0.4505273103713989 0.6827383041381836 -0.12754379212856293 0.9726250767707825
0.5839998126029968 0.520820140838623 -0.7039170861244202 0.9982898831367493
0.4180542826652527 0.8545230031013489 -0.26676464080810547 0.9266849756240845
0.5695925354957581 0.4896866977214813 -0.77260422706604 0.9940144419670105
0.40641725063323975 0.9103689193725586 -0.2937852740287781 0.8937221765518188
0.5684489607810974 0.4643328785896301 -0.7486320734024048 0.9936850666999817
0.41118916869163513 0.9152474999427795 -0.33530718088150024 0.9043408632278442
0.5708566904067993 0.4745612144470215 -0.6998990774154663 0.9882044792175293
0.41671067476272583 0.8965083360671997 -0.2843077480792999 0.8895207643508911
0.5874339938163757 0.7748489379882812 0.009156079962849617 0.999479353427887
0.49476999044418335 0.7795106172561646 -0.008955451659858227 0.9984086155891418
0.6289204955101013 0.9481716752052307 -0.4419409930706024 0.8893250226974487
0.4806980490684509 0.9588888883590698 -0.4243585169315338 0.7400227785110474
0.6223801970481873 1.015431523323059 -0.0011231686221435666 0.1043081134557724
0.5058830976486206 1.0453879833221436 -0.0011581762228161097 0.04057566076517105
0.6187089681625366 1.0155186653137207 0.04369416460394859 0.17622022330760956
0.5092716217041016 1.052119255065918 0.03995587304234505 0.04798322170972824
0.6199690699577332 1.0777734518051147 -0.04792378842830658 0.08878901600837708
0.5203031897544861 1.1077951192855835 -0.06975977122783661 0.03046443872153759
