0.5531708598136902 0.3265165686607361 -0.5023806095123291 0.9999804496765137
0.5592976212501526 0.3062390089035034 -0.4765637516975403 0.9999830722808838
0.5636613965034485 0.30717408657073975 -0.4766923785209656 0.9999868869781494
0.567882239818573 0.3080827593803406 -0.4769264757633209 0.9999831914901733
0.5426770448684692 0.30528509616851807 -0.4798866808414459 0.9999686479568481
0.5362694263458252 0.3059524893760681 -0.47987306118011475 0.9999629259109497
0.5306405425071716 0.30700498819351196 -0.4799104630947113 0.9999370574951172
0.5712308883666992 0.3201640844345093 -0.31335005164146423 0.9999880790710449
0.5197329521179199 0.3240373730659485 -0.3303741216659546 0.9999706745147705
0.5611507892608643 0.35371020436286926 -0.44097962975502014 0.9999977350234985
0.5400484204292297 0.3524959087371826 -0.44603249430656433 0.9999963045120239
0.6054736375808716 0.47247007489204407 -0.22953036427497864 0.9999964237213135
0.4774229824542999 0.47671931982040405 -0.2084082067012787 0.9999402761459351
0.6300562024116516 0.6685024499893188 -0.3777647018432617 0.9951077699661255
0.4519785940647125 0.6849294900894165 -0.15333959460258484 0.9750967621803284
0.6080996990203857 0.6316826939582825 -0.7250773906707764 0.9960862398147583
0.4152070879936218 0.861626148223877 -0.2861810624599457 0.9240768551826477
0.5953073501586914 0.6190000772476196 -0.7948164343833923 0.9908170700073242
0.4039846658706665 0.9194529056549072 -0.31541451811790466 0.8846601247787476
0.5972844362258911 0.5942960977554321 -0.7941371202468872 0.9909695982933044
0.40970543026924133 0.9252263903617859 -0.35801535844802856 0.8991972208023071
0.5983356237411499 0.594781219959259 -0.7302892208099365 0.984110951423645
0.4152611494064331 0.9068122506141663 -0.3045758306980133 0.8907290101051331
0.5861966013908386 0.7785294651985168 0.00870570633560419 0.999724805355072
0.4956842064857483 0.7792094945907593 -0.008374670520424843 0.998930037021637
0.6336072683334351 0.9877369999885559 -0.3429478704929352 0.8494748473167419
0.48224395513534546 1.038472294807434 -0.27789440751075745 0.7619534134864807
0.6245941519737244 1.0891947746276855 0.055223140865564346 0.058347187936306
0.5104988813400269 1.0649489164352417 0.17363713681697845 0.010811791755259037
0.619140625 1.095947504043579 0.09535472840070724 0.12238876521587372
0.514131486415863 1.0653612613677979 0.21903859078884125 0.01796742156147957
0.6272714138031006 1.1599767208099365 0.0059561836533248425 0.042973097413778305
0.5244544744491577 1.1154348850250244 0.14663074910640717 0.00876709632575512
