0.5477948784828186 0.3376983404159546 -0.48074549436569214 0.9998387098312378
0.5564806461334229 0.3188912570476532 -0.4538128077983856 0.9994199275970459
0.56197190284729 0.32014334201812744 -0.45381784439086914 0.9993724226951599
0.5672922134399414 0.32180124521255493 -0.45395663380622864 0.9987021684646606
0.5382872819900513 0.31820622086524963 -0.45551368594169617 0.9995717406272888
0.5319352149963379 0.3190743029117584 -0.4556337893009186 0.9996442794799805
0.5265794992446899 0.3209051489830017 -0.4557989537715912 0.999538779258728
0.5775277018547058 0.33954140543937683 -0.2921629846096039 0.9986721277236938
0.5185735821723938 0.3418990671634674 -0.2983643710613251 0.9998886585235596
0.5601049065589905 0.3714759945869446 -0.41938111186027527 0.999909520149231
0.5377139449119568 0.3709368109703064 -0.42164039611816406 0.999964714050293
0.6188866496086121 0.47567805647850037 -0.17221923172473907 0.9976957440376282
0.48035603761672974 0.4934993088245392 -0.2059256136417389 0.9994481205940247
0.6616418957710266 0.6301655769348145 -0.33479657769203186 0.9103327393531799
0.47688961029052734 0.6991637349128723 -0.24488912522792816 0.9839480519294739
0.6253811717033386 0.5558956861495972 -0.6439428329467773 0.735156774520874
0.5295048952102661 0.859259843826294 -0.3750132620334625 0.9345497488975525
0.6116701364517212 0.5421997308731079 -0.707348108291626 0.540884792804718
0.536803126335144 0.91001957654953 -0.4070799946784973 0.831035852432251
0.6069929003715515 0.5145567655563354 -0.6825560927391052 0.5457778573036194
0.5533772706985474 0.8966728448867798 -0.41735538840293884 0.8349657654762268
0.6070020198822021 0.5280154943466187 -0.639440655708313 0.5244422554969788
0.5537480115890503 0.8814057111740112 -0.3768736720085144 0.8162223100662231
0.6080586910247803 0.770524799823761 -0.004941929597407579 0.9973633885383606
0.517500638961792 0.7865829467773438 0.00518727395683527 0.9964725375175476
0.6284810900688171 1.006518006324768 -0.24450145661830902 0.3355289697647095
0.4955887198448181 1.011975884437561 -0.13329149782657623 0.5099421143531799
0.6276158690452576 1.1797144412994385 0.16030345857143402 0.011847413145005703
0.5178608894348145 1.1865894794464111 0.26347464323043823 0.032075610011816025
0.6237479448318481 1.2107932567596436 0.19507254660129547 0.03828320652246475
0.5253865718841553 1.215787649154663 0.2981243431568146 0.031048480421304703
0.633966863155365 1.2690070867538452 0.04949925094842911 0.01440232340246439
0.5170168876647949 1.2780461311340332 0.1559394896030426 0.027639644220471382
