0.539871871471405 0.4080956280231476 -0.3135598599910736 0.9999377727508545
0.5437502264976501 0.38530421257019043 -0.28596732020378113 0.9999063014984131
0.5475017428398132 0.3861972987651825 -0.28608953952789307 0.9999494552612305
0.5512409806251526 0.3874804973602295 -0.2862200438976288 0.9999098777770996
0.5294597148895264 0.3843706250190735 -0.2964739203453064 0.9998581409454346
0.5233443379402161 0.3848136067390442 -0.2966401278972626 0.9999016523361206
0.517772376537323 0.3861079216003418 -0.29678836464881897 0.9997884631156921
0.5531162619590759 0.401616632938385 -0.12349733710289001 0.9999759197235107
0.5058453679084778 0.40183761715888977 -0.17274482548236847 0.9999587535858154
0.5456109642982483 0.4330502450466156 -0.25166574120521545 0.9999818801879883
0.5283066630363464 0.433864027261734 -0.2665906548500061 0.9999771118164062
0.5933133959770203 0.5468360185623169 -0.030393052846193314 0.9999654293060303
0.45472705364227295 0.5393905639648438 -0.06604013592004776 0.9995885491371155
0.6265796422958374 0.740615963935852 -0.18255406618118286 0.9983737468719482
0.424106240272522 0.711031436920166 -0.12987709045410156 0.9768640398979187
0.6051333546638489 0.649726152420044 -0.5053339600563049 0.9954379200935364
0.4504139721393585 0.7737842202186584 -0.3502815067768097 0.8990544676780701
0.5887438654899597 0.6246820688247681 -0.5720753073692322 0.9871613383293152
0.45841601490974426 0.8107747435569763 -0.3924347460269928 0.8255333304405212
0.5938135981559753 0.5926935076713562 -0.5532280802726746 0.9871045351028442
0.4669688940048218 0.7845809459686279 -0.39859282970428467 0.838016927242279
0.5951704382896423 0.5994929671287537 -0.5045891404151917 0.9861060380935669
0.46556779742240906 0.7714235186576843 -0.3562976121902466 0.8596987724304199
0.5760557055473328 0.8425551652908325 0.009337649680674076 0.9995378255844116
0.48292818665504456 0.8599650859832764 -0.00825969222933054 0.9990931749343872
0.5904877185821533 1.087214708328247 -0.15200713276863098 0.7284690141677856
0.48503831028938293 1.1073938608169556 -0.018765920773148537 0.44859978556632996
0.5821572542190552 1.2881826162338257 0.23252667486667633 0.003182990476489067
0.48415878415107727 1.3093109130859375 0.3197835087776184 0.008688059635460377
0.5809746384620667 1.3195736408233643 0.2663414478302002 0.010724149644374847
0.48225849866867065 1.348820686340332 0.34665271639823914 0.015933344140648842
0.5747266411781311 1.377343773841858 0.11634482443332672 0.0013592448085546494
0.4901101291179657 1.379795789718628 0.17198492586612701 0.004040596541017294
