0.5376425981521606 0.4136769473552704 -0.39659202098846436 0.9996340274810791
0.5431283712387085 0.3938995599746704 -0.3728924095630646 0.9994316697120667
0.5470515489578247 0.3945983648300171 -0.3730235695838928 0.9996296167373657
0.5510992407798767 0.395471453666687 -0.3731958568096161 0.9995532631874084
0.5293470621109009 0.391943097114563 -0.37919265031814575 0.9992509484291077
0.5229500532150269 0.39169538021087646 -0.3793390989303589 0.9993677735328674
0.5167440176010132 0.392084538936615 -0.37952864170074463 0.999077320098877
0.551868736743927 0.40404558181762695 -0.20962141454219818 0.9997919201850891
0.5039772987365723 0.4021173119544983 -0.2383667528629303 0.9996315240859985
0.5422219038009644 0.44079431891441345 -0.3324635326862335 0.9998670816421509
0.5249575972557068 0.44212427735328674 -0.3416183590888977 0.9997888207435608
0.5896658301353455 0.5366691946983337 -0.12557320296764374 0.9998631477355957
0.45370087027549744 0.5379049181938171 -0.10084467381238937 0.9991552829742432
0.6244593262672424 0.7089606523513794 -0.250339150428772 0.996044933795929
0.42435604333877563 0.710443913936615 -0.13913407921791077 0.964272677898407
0.5812150239944458 0.6831094026565552 -0.5686758160591125 0.987444281578064
0.46236133575439453 0.7312409281730652 -0.3756929039955139 0.9379352927207947
0.5623377561569214 0.691457986831665 -0.638387143611908 0.9666237235069275
0.4718504250049591 0.7599126100540161 -0.42658260464668274 0.8712461590766907
0.5534639358520508 0.6661081314086914 -0.6309197545051575 0.9686434268951416
0.4812774360179901 0.7182154655456543 -0.43422773480415344 0.8820765614509583
0.562677264213562 0.6640529036521912 -0.5715914368629456 0.9679468870162964
0.482045441865921 0.7127522230148315 -0.3836251497268677 0.8947378993034363
0.5765208005905151 0.8569285869598389 -0.011952992528676987 0.9962717294692993
0.483416885137558 0.87244713306427 0.01313396729528904 0.9963647723197937
0.5911587476730347 1.121443748474121 -0.08307397365570068 0.18760181963443756
0.4639727473258972 1.107759952545166 -0.04722015559673309 0.2499033659696579
0.5924545526504517 1.330603837966919 0.31137147545814514 0.00037127782707102597
0.47803542017936707 1.336679220199585 0.321252703666687 0.002572598634287715
0.5930363535881042 1.367515206336975 0.3450390696525574 0.0012856837129220366
0.47952955961227417 1.377432107925415 0.3526393473148346 0.0039627766236662865
0.586267352104187 1.4176162481307983 0.18008390069007874 0.00023075586068443954
0.4870465397834778 1.4171535968780518 0.1711031049489975 0.0016595914494246244
