0.5352857112884521 0.40560439229011536 -0.42633914947509766 0.9995598196983337
0.5413020849227905 0.38644546270370483 -0.4013039767742157 0.9993578791618347
0.5449978113174438 0.387596070766449 -0.4013814926147461 0.9995620846748352
0.5494226813316345 0.3889119029045105 -0.4015176594257355 0.9992983341217041
0.5257935523986816 0.38343727588653564 -0.4053279459476471 0.9992073178291321
0.5191406011581421 0.3833317160606384 -0.4055328071117401 0.9994291663169861
0.5134470462799072 0.38434308767318726 -0.4057004153728485 0.9990422129631042
0.5526683926582336 0.39983442425727844 -0.24232162535190582 0.9997249245643616
0.5030284523963928 0.3991006910800934 -0.2601932883262634 0.999529242515564
0.5414398908615112 0.4307703673839569 -0.3653146028518677 0.999849796295166
0.5219051837921143 0.4310134947299957 -0.3711038827896118 0.9997846484184265
0.5887941718101501 0.5396918058395386 -0.15334057807922363 0.9996016621589661
0.4537871181964874 0.5403481721878052 -0.16191551089286804 0.99863201379776
0.6240646839141846 0.7134246230125427 -0.29882389307022095 0.9918032288551331
0.42617911100387573 0.7185248732566833 -0.33198535442352295 0.9889300465583801
0.5815881490707397 0.6789436340332031 -0.5981000661849976 0.9742976427078247
0.48895394802093506 0.6973795890808105 -0.6303775906562805 0.9801637530326843
0.5636723041534424 0.6841660737991333 -0.6612823009490967 0.9371967315673828
0.5016179084777832 0.6927843689918518 -0.6883365511894226 0.9472227096557617
0.5624570846557617 0.6641746759414673 -0.6445499658584595 0.9401379227638245
0.5017280578613281 0.6774657964706421 -0.6734277606010437 0.9476597309112549
0.56488436460495 0.6609253287315369 -0.5961843132972717 0.9382073879241943
0.5011215209960938 0.6747583746910095 -0.6291829943656921 0.9443967342376709
0.5728551149368286 0.845892071723938 -0.0053980168886482716 0.997524082660675
0.4795989990234375 0.8573067784309387 0.006232382729649544 0.9966562986373901
0.5872858762741089 1.0875341892242432 -0.2366320937871933 0.6457656621932983
0.46831458806991577 1.0931991338729858 -0.06180867180228233 0.6154476404190063
0.5846323370933533 1.2898259162902832 0.14883868396282196 0.0038075062911957502
0.475664347410202 1.2939237356185913 0.31475991010665894 0.009836104698479176
0.5828704237937927 1.3245500326156616 0.18141907453536987 0.00954018160700798
0.4764740765094757 1.3297052383422852 0.3463934361934662 0.012256598100066185
0.5837293267250061 1.3729987144470215 0.023098822683095932 0.0017639844445511699
0.4776712656021118 1.3684293031692505 0.1810448318719864 0.0048601701855659485
