0.535317063331604 0.41645312309265137 -0.4254358112812042 0.9989283680915833
0.5420477390289307 0.3942180275917053 -0.403043270111084 0.9986275434494019
0.5463283658027649 0.39504802227020264 -0.403201162815094 0.9990808963775635
0.5509302020072937 0.39623600244522095 -0.40339648723602295 0.9990990161895752
0.5264176726341248 0.39150750637054443 -0.4070069193840027 0.9979389309883118
0.5195661187171936 0.3909180164337158 -0.40707916021347046 0.99800044298172
0.5136147141456604 0.39087432622909546 -0.4072624444961548 0.9973128437995911
0.5530385375022888 0.4069088101387024 -0.24138329923152924 0.9993945360183716
0.5022602081298828 0.4019467830657959 -0.25762611627578735 0.9982467889785767
0.5412091016769409 0.4447381794452667 -0.3617686331272125 0.9996652603149414
0.5217918157577515 0.4447077810764313 -0.3670382499694824 0.9994025230407715
0.5903021097183228 0.5391967296600342 -0.1541168987751007 0.9998999834060669
0.45040789246559143 0.540630578994751 -0.10486260056495667 0.9982463121414185
0.6226422786712646 0.7132484912872314 -0.25932005047798157 0.9899284243583679
0.41775408387184143 0.7141266465187073 -0.06749742478132248 0.9159336686134338
0.5834335088729858 0.7284774780273438 -0.5784088373184204 0.960337221622467
0.4453769326210022 0.775615394115448 -0.22573637962341309 0.6848227381706238
0.5738455057144165 0.744579017162323 -0.6490762233734131 0.9058284163475037
0.4502026438713074 0.8107231259346008 -0.2635519802570343 0.5338107347488403
0.5640485882759094 0.7173636555671692 -0.6495539546012878 0.9127650260925293
0.45451271533966064 0.7910264730453491 -0.28540489077568054 0.5697748064994812
0.5666232705116272 0.7091860771179199 -0.5846061110496521 0.9038184285163879
0.45476216077804565 0.776808500289917 -0.23761844635009766 0.6056957244873047
0.5711601376533508 0.8510113954544067 -0.011886137537658215 0.9894881248474121
0.4764814078807831 0.8704736232757568 0.013035011477768421 0.9821892380714417
0.5872175693511963 1.1098803281784058 -0.09673900157213211 0.16528497636318207
0.464662104845047 1.1066035032272339 -0.02124914899468422 0.1497381031513214
0.5898156762123108 1.3298038244247437 0.24884387850761414 0.0016167123103514314
0.47182172536849976 1.3354320526123047 0.2764545977115631 0.005420219618827105
0.5905628800392151 1.3656716346740723 0.27771562337875366 0.004241651855409145
0.47110408544540405 1.3731085062026978 0.3009459376335144 0.008014253340661526
0.5811224579811096 1.4165161848068237 0.10969417542219162 0.0010041685309261084
0.4857499897480011 1.415343999862671 0.12411372363567352 0.003362532239407301
