0.5380461812019348 0.3413453698158264 -0.3613668382167816 0.9998323917388916
0.547066867351532 0.3184621334075928 -0.3379436135292053 0.9998207688331604
0.552067756652832 0.31935638189315796 -0.33792799711227417 0.9998403787612915
0.5554959774017334 0.32020634412765503 -0.33786115050315857 0.9998594522476196
0.5281553268432617 0.31756144762039185 -0.3486066162586212 0.9997974038124084
0.522134006023407 0.3180515766143799 -0.3486471176147461 0.9997819066047668
0.5162025094032288 0.3193017840385437 -0.3488732874393463 0.9997779726982117
0.5620164275169373 0.33515799045562744 -0.17585772275924683 0.999815046787262
0.5075244307518005 0.3353691101074219 -0.22395962476730347 0.9997889399528503
0.5477703213691711 0.37290245294570923 -0.2992107570171356 0.999913215637207
0.5253005623817444 0.3743547797203064 -0.3132683038711548 0.9998931884765625
0.6046565771102905 0.4961080551147461 -0.07016830891370773 0.9999022483825684
0.4609263837337494 0.4888581931591034 -0.1439758837223053 0.9997742772102356
0.6300844550132751 0.7158679962158203 -0.20950283110141754 0.9937177896499634
0.4341202974319458 0.6963290572166443 -0.31514933705329895 0.9960578680038452
0.5965449810028076 0.6394991278648376 -0.542582094669342 0.9937129616737366
0.49403053522109985 0.6398438811302185 -0.5926468968391418 0.9959985017776489
0.588179349899292 0.6077970862388611 -0.6033276319503784 0.9759351015090942
0.5107185244560242 0.6106788516044617 -0.644917905330658 0.9807661771774292
0.589225709438324 0.5803422927856445 -0.5872949361801147 0.9749661684036255
0.5106484293937683 0.5859873294830322 -0.6335316300392151 0.9789804220199585
0.5871043801307678 0.584762692451477 -0.5427650809288025 0.9752678871154785
0.5108132362365723 0.5912058353424072 -0.5915904641151428 0.9787167906761169
0.587210476398468 0.8398008942604065 0.022891633212566376 0.9954164028167725
0.482284814119339 0.853111743927002 -0.02179761789739132 0.9953736662864685
0.5874700546264648 1.145369529724121 0.04200330749154091 0.06029793992638588
0.484051913022995 1.1280657052993774 0.02253897860646248 0.03906138241291046
0.5859480500221252 1.3989447355270386 0.3532896637916565 0.0003370848426129669
0.4751836657524109 1.3987724781036377 0.2741090655326843 0.0007221623091027141
0.5880386829376221 1.43913996219635 0.3754015564918518 0.0011695253197103739
0.46947410702705383 1.4431416988372803 0.2915283441543579 0.0009297786746174097
0.5732950568199158 1.4888641834259033 0.18544864654541016 0.00030389652238227427
0.4878925681114197 1.4845893383026123 0.07348547875881195 0.0008590659126639366
