0.5378432869911194 0.345403254032135 -0.23092272877693176 0.9986122846603394
0.5450802445411682 0.32463884353637695 -0.20679952204227448 0.9981353282928467
0.5488563179969788 0.32504820823669434 -0.2068871408700943 0.9988866448402405
0.5536033511161804 0.3258054852485657 -0.20695948600769043 0.9982907176017761
0.5289954543113708 0.3226930499076843 -0.20909181237220764 0.9974851608276367
0.5217726230621338 0.3224104642868042 -0.20930902659893036 0.9984879493713379
0.5160703659057617 0.32281821966171265 -0.20947805047035217 0.9977700710296631
0.5585834980010986 0.3377648591995239 -0.07155383378267288 0.9991312623023987
0.5060802102088928 0.33359551429748535 -0.08129317313432693 0.9988706707954407
0.54609614610672 0.3758585751056671 -0.17944379150867462 0.9982936978340149
0.5260686278343201 0.37419503927230835 -0.1827884167432785 0.9976162910461426
0.6030464768409729 0.4919315576553345 -0.02443517930805683 0.9993022680282593
0.4604090452194214 0.4871227741241455 -0.0427815243601799 0.998694121837616
0.6257016062736511 0.6866135001182556 -0.1932341754436493 0.9982271790504456
0.44357872009277344 0.6741951107978821 -0.25882017612457275 0.9984695315361023
0.563721776008606 0.5479543209075928 -0.41217437386512756 0.9982869029045105
0.5211839079856873 0.5517300367355347 -0.4857931137084961 0.9996747970581055
0.5584540963172913 0.4922832250595093 -0.45589369535446167 0.9953005313873291
0.5343793630599976 0.5085376501083374 -0.5309168100357056 0.9982430934906006
0.557686448097229 0.47329428791999817 -0.41727420687675476 0.9949842691421509
0.5313509106636047 0.48648568987846375 -0.49200865626335144 0.9979257583618164
0.5559240579605103 0.49478867650032043 -0.4002190828323364 0.9960668683052063
0.5293766260147095 0.5070294141769409 -0.4740789532661438 0.9980813264846802
0.5888450741767883 0.8215122222900391 0.007975253276526928 0.9998854398727417
0.4832218289375305 0.8286996483802795 -0.007235684897750616 0.9997774958610535
0.605962336063385 1.089707851409912 -0.035690274089574814 0.5478894114494324
0.4746955633163452 1.107538104057312 0.03083934262394905 0.6115102171897888
0.600261390209198 1.3249281644821167 0.3911145329475403 0.0003297730290796608
0.466715544462204 1.3286995887756348 0.37895503640174866 0.0013155161868780851
0.6013666391372681 1.3627368211746216 0.43308526277542114 0.0013076781760901213
0.46241146326065063 1.3700251579284668 0.4131864905357361 0.0016032700659707189
0.5915102362632751 1.4200985431671143 0.3330588638782501 0.00014036885113455355
0.4787348210811615 1.4070801734924316 0.2883860468864441 0.0005637371214106679
