0.5378615260124207 0.3438025712966919 -0.2160445898771286 0.9995057582855225
0.5451210737228394 0.32333046197891235 -0.1922036111354828 0.9993608593940735
0.5490610599517822 0.3239806294441223 -0.19226238131523132 0.9995750784873962
0.5539248585700989 0.3249381184577942 -0.19231224060058594 0.9994189739227295
0.5291944742202759 0.3217144012451172 -0.19445450603961945 0.99919193983078
0.5220466256141663 0.32170695066452026 -0.19465675950050354 0.9994276165962219
0.5162310004234314 0.3222731947898865 -0.19479627907276154 0.9992201328277588
0.558820366859436 0.3391018509864807 -0.05806044489145279 0.9996907711029053
0.5058369040489197 0.335685133934021 -0.06723842024803162 0.9995567202568054
0.5458590984344482 0.3755582273006439 -0.16538895666599274 0.9994131326675415
0.5260298848152161 0.37325695157051086 -0.1686241328716278 0.9991334080696106
0.6022834777832031 0.4931839108467102 -0.017370544373989105 0.9995496869087219
0.46051645278930664 0.48706185817718506 -0.027324451133608818 0.9991458654403687
0.6268535256385803 0.6847622990608215 -0.20092351734638214 0.998449444770813
0.44244584441185 0.6694099307060242 -0.24059580266475677 0.9985009431838989
0.5643794536590576 0.5508614182472229 -0.42976513504981995 0.9984978437423706
0.5203220248222351 0.5390381217002869 -0.45760565996170044 0.9996248483657837
0.5564601421356201 0.49570509791374207 -0.4765844941139221 0.9953787326812744
0.5329602956771851 0.49305763840675354 -0.5025081038475037 0.9979211688041687
0.5549278855323792 0.47427481412887573 -0.4390008747577667 0.9948962330818176
0.5293886661529541 0.4709928631782532 -0.46167173981666565 0.9975057244300842
0.5537537336349487 0.4967336654663086 -0.41873103380203247 0.9959718585014343
0.528087317943573 0.4938237965106964 -0.44513118267059326 0.9977715611457825
0.5883842706680298 0.8177187442779541 0.0044706747867167 0.9999107122421265
0.48311153054237366 0.830169141292572 -0.0035361708141863346 0.9998469352722168
0.6079692244529724 1.0875840187072754 -0.028516607359051704 0.5789623856544495
0.4772384762763977 1.1138854026794434 0.07542280107736588 0.6161667704582214
0.6055302023887634 1.3259069919586182 0.3664662539958954 0.00035278519499115646
0.4754454493522644 1.3345928192138672 0.4337477684020996 0.0011498015373945236
0.6064861416816711 1.3665871620178223 0.4049515426158905 0.0012686647241935134
0.4726947844028473 1.3759605884552002 0.46852928400039673 0.0014257655711844563
0.5992486476898193 1.4196958541870117 0.2931841313838959 0.00014856991765554994
0.4871794581413269 1.4151347875595093 0.3387111723423004 0.0005158222047612071
