0.5376815795898438 0.34642869234085083 -0.25341227650642395 0.9755698442459106
0.5457543730735779 0.3252369165420532 -0.2234414666891098 0.9827051758766174
0.5495668053627014 0.3253953456878662 -0.2235981523990631 0.9838232398033142
0.5542768239974976 0.326118528842926 -0.22380773723125458 0.9853835701942444
0.528874933719635 0.32444310188293457 -0.22878870368003845 0.9747665524482727
0.5217300057411194 0.3240633010864258 -0.22895677387714386 0.9752605557441711
0.5161733627319336 0.3244820237159729 -0.2291455715894699 0.9748541116714478
0.5594949722290039 0.33685898780822754 -0.06892137974500656 0.986142098903656
0.5051986575126648 0.33417296409606934 -0.09187434613704681 0.9762870669364929
0.5461814999580383 0.37560731172561646 -0.1949448138475418 0.9812933802604675
0.5258641242980957 0.37469762563705444 -0.20219996571540833 0.9685404300689697
0.5996282696723938 0.48621734976768494 -0.027887338772416115 0.9956925511360168
0.4588797390460968 0.4841071665287018 -0.07655494660139084 0.9923712015151978
0.6262068152427673 0.6750328540802002 -0.2355950027704239 0.9786505699157715
0.4525914192199707 0.6571358442306519 -0.3136599659919739 0.9763674139976501
0.5592346787452698 0.5204521417617798 -0.48217156529426575 0.9786188006401062
0.5342802405357361 0.5022246837615967 -0.5337395071983337 0.9926733374595642
0.5469104051589966 0.47131964564323425 -0.5319337844848633 0.9521433711051941
0.5426115393638611 0.4545395076274872 -0.5829330682754517 0.9750608205795288
0.5471479892730713 0.4562940001487732 -0.49135181307792664 0.9496045112609863
0.5373138189315796 0.43855127692222595 -0.5452846884727478 0.9717767238616943
0.548910915851593 0.47617849707603455 -0.4710187017917633 0.9527469277381897
0.5357531905174255 0.45763829350471497 -0.5231676697731018 0.9699882864952087
0.5894869565963745 0.8232705593109131 0.014993038959801197 0.9991750121116638
0.48282673954963684 0.8385594487190247 -0.014588242396712303 0.9983059167861938
0.6282423138618469 1.0518819093704224 -0.08587661385536194 0.6058933734893799
0.482006698846817 1.108922004699707 -0.09168476611375809 0.6375197172164917
0.6183808445930481 1.24168860912323 0.38237372040748596 0.0029522045515477657
0.48551252484321594 1.2508537769317627 0.34736183285713196 0.0026675721164792776
0.6143577694892883 1.2697598934173584 0.43148860335350037 0.006865812465548515
0.4858250617980957 1.2720346450805664 0.3947174847126007 0.00310625322163105
0.6215471625328064 1.3309088945388794 0.3614329993724823 0.001984636066481471
0.49899616837501526 1.3285589218139648 0.31732478737831116 0.0018719291547313333
