0.5490369200706482 0.33990830183029175 -0.43684229254722595 0.9999853372573853
0.5545068383216858 0.31872838735580444 -0.4036804437637329 0.9999581575393677
0.5586484670639038 0.3187525272369385 -0.4037577211856842 0.9999691247940063
0.5627343654632568 0.318967342376709 -0.40394702553749084 0.9999526739120483
0.5388413071632385 0.31875383853912354 -0.40962278842926025 0.9999500513076782
0.5330440402030945 0.3190386891365051 -0.40961751341819763 0.9999538660049438
0.5272137522697449 0.31929337978363037 -0.409704327583313 0.9999254941940308
0.5672529935836792 0.32923948764801025 -0.21768368780612946 0.9999618530273438
0.5174799561500549 0.33137136697769165 -0.2487775832414627 0.999980092048645
0.5568024516105652 0.36550650000572205 -0.3675463795661926 0.9999938011169434
0.5379509329795837 0.36371394991874695 -0.3772040903568268 0.9999955892562866
0.5988530516624451 0.46856892108917236 -0.1358529031276703 0.9999831914901733
0.47577694058418274 0.479476660490036 -0.11316831409931183 0.9998713731765747
0.6582183241844177 0.5847703218460083 -0.3529292047023773 0.9989365935325623
0.44891566038131714 0.6750535368919373 -0.05987890437245369 0.9465010762214661
0.6108443140983582 0.39496979117393494 -0.6629129648208618 0.9972245693206787
0.417822003364563 0.8564262986183167 -0.16883446276187897 0.8968265652656555
0.5978038907051086 0.3593491017818451 -0.7271061539649963 0.9852714538574219
0.40725353360176086 0.9134283661842346 -0.18674980103969574 0.8192964792251587
0.5919545292854309 0.3559911251068115 -0.6909440755844116 0.9836797118186951
0.4127452075481415 0.9191555976867676 -0.22962893545627594 0.837704598903656
0.5922034978866577 0.3674088418483734 -0.6547987461090088 0.9736748337745667
0.41810259222984314 0.9009296298027039 -0.18610280752182007 0.8211090564727783
0.5828526020050049 0.7740757465362549 0.0018731640884652734 0.9981324076652527
0.49319469928741455 0.7795090079307556 -0.0015472249360755086 0.9957305788993835
0.6250419616699219 0.9549804925918579 -0.44019782543182373 0.7050216794013977
0.48315954208374023 0.9376347064971924 -0.5097692012786865 0.6857311129570007
0.618661105632782 1.1164840459823608 -0.07953356206417084 0.04609530419111252
0.5054373145103455 1.1276205778121948 -0.15086592733860016 0.061130721122026443
0.6145330667495728 1.136627197265625 -0.04760293290019035 0.14013101160526276
0.5096940398216248 1.1514064073562622 -0.11906576156616211 0.08994162082672119
0.6240131855010986 1.1933521032333374 -0.19239221513271332 0.04420469328761101
0.5142396688461304 1.2085351943969727 -0.2828301191329956 0.04539162665605545
