0.5445606708526611 0.3375665545463562 -0.37839776277542114 0.9999886751174927
0.5516805648803711 0.3166307806968689 -0.3455010950565338 0.9999744892120361
0.5560504198074341 0.31717967987060547 -0.3456002473831177 0.9999793767929077
0.5600573420524597 0.31764650344848633 -0.34579935669898987 0.9999748468399048
0.535403311252594 0.3168529272079468 -0.3512355089187622 0.9999699592590332
0.5297895073890686 0.317208468914032 -0.3511907458305359 0.999969482421875
0.5242485404014587 0.3180287480354309 -0.3512602746486664 0.9999583959579468
0.5663750171661377 0.33022940158843994 -0.16835221648216248 0.9999815225601196
0.5166792273521423 0.33174562454223633 -0.19745831191539764 0.9999868869781494
0.5538958311080933 0.36384427547454834 -0.31291866302490234 0.999996542930603
0.5329676270484924 0.36292359232902527 -0.3218248188495636 0.9999970197677612
0.5991086363792419 0.46082809567451477 -0.10131018608808517 0.9999903440475464
0.4761161804199219 0.48044049739837646 -0.08001606166362762 0.9999035596847534
0.6597104668617249 0.5593379735946655 -0.32162654399871826 0.9991205334663391
0.4495493471622467 0.6774619817733765 -0.03842175379395485 0.948125958442688
0.6093871593475342 0.38265061378479004 -0.6278077363967896 0.9976630210876465
0.419227659702301 0.8552905321121216 -0.1508185714483261 0.9014293551445007
0.6000991463661194 0.34206855297088623 -0.6917791962623596 0.9886825084686279
0.4084008038043976 0.9150365591049194 -0.17012950778007507 0.8415398597717285
0.5946387052536011 0.33685213327407837 -0.6542321443557739 0.9871425628662109
0.41388797760009766 0.9204612374305725 -0.2108093649148941 0.8551015853881836
0.5942890644073486 0.35251253843307495 -0.6192467212677002 0.9792714715003967
0.41883164644241333 0.9017081260681152 -0.16776269674301147 0.8407946825027466
0.5826687216758728 0.7743046283721924 0.0034673199988901615 0.9990322589874268
0.49330660700798035 0.782477855682373 -0.0031623069662600756 0.9974289536476135
0.6287615299224854 0.9566973447799683 -0.4459168016910553 0.779135525226593
0.48171931505203247 0.9336670637130737 -0.5016149878501892 0.7419421076774597
0.6178462505340576 1.0725526809692383 -0.06976815313100815 0.07651510089635849
0.5021946430206299 1.0908236503601074 -0.12932956218719482 0.0692761167883873
0.6118703484535217 1.0848877429962158 -0.03408822789788246 0.17242556810379028
0.5061113238334656 1.1050083637237549 -0.09385409206151962 0.1009741798043251
0.6203503012657166 1.143937349319458 -0.15906620025634766 0.06589444726705551
0.511062502861023 1.1700937747955322 -0.23328155279159546 0.04731862619519234
