0.5440260171890259 0.3415566682815552 -0.48365575075149536 0.9999759197235107
0.550614595413208 0.32014667987823486 -0.4556291997432709 0.9999403953552246
0.5549072623252869 0.3195061683654785 -0.45573508739471436 0.9999544620513916
0.5589772462844849 0.31872230768203735 -0.45595648884773254 0.9999436140060425
0.5346164107322693 0.32213276624679565 -0.458149790763855 0.9999303817749023
0.5293053984642029 0.3229515552520752 -0.45809614658355713 0.9999171495437622
0.5239378809928894 0.3238139748573303 -0.4581815004348755 0.9998847246170044
0.5644368529319763 0.3277903199195862 -0.27830439805984497 0.9999409914016724
0.5158581733703613 0.3366871476173401 -0.2927766442298889 0.9999599456787109
0.5544898509979248 0.36743980646133423 -0.41588065028190613 0.9999873638153076
0.5346246957778931 0.3665672242641449 -0.420685738325119 0.9999915361404419
0.5979975461959839 0.4606102406978607 -0.18269982933998108 0.9999828338623047
0.4761781096458435 0.4826640486717224 -0.14621448516845703 0.9999281167984009
0.641361653804779 0.5953671932220459 -0.3824261426925659 0.9975652694702148
0.4488533139228821 0.6839919090270996 -0.06094204634428024 0.888931930065155
0.6011075377464294 0.4069328308105469 -0.6876976490020752 0.9950537085533142
0.4168650507926941 0.8641008734703064 -0.15213856101036072 0.7780166864395142
0.5936886072158813 0.3694683015346527 -0.7457962036132812 0.9817566871643066
0.40693598985671997 0.9232752323150635 -0.1667322814464569 0.6833524703979492
0.5873315334320068 0.3631838262081146 -0.7185683846473694 0.9792502522468567
0.41284245252609253 0.9275754690170288 -0.2083711177110672 0.7036494612693787
0.5856891870498657 0.3744752109050751 -0.6817928552627563 0.9661824703216553
0.4173663556575775 0.9088913202285767 -0.16853860020637512 0.6974658966064453
0.5812076926231384 0.7759567499160767 0.011034904047846794 0.9981521964073181
0.4914032816886902 0.7844931483268738 -0.01078482810407877 0.9974969029426575
0.6318603754043579 0.9666352272033691 -0.23057971894741058 0.6595556735992432
0.48781225085258484 0.9680702686309814 -0.3537895977497101 0.7319809794425964
0.6288374662399292 1.0225355625152588 0.23588667809963226 0.02992366999387741
0.5179901123046875 1.0990712642669678 0.07858235388994217 0.06445173174142838
0.624977171421051 1.017799973487854 0.28204140067100525 0.07930687069892883
0.521665096282959 1.1046762466430664 0.1210997924208641 0.08805032819509506
0.6271350979804993 1.094565987586975 0.19182437658309937 0.027354266494512558
0.5348264575004578 1.1889690160751343 -0.01191120408475399 0.05208355933427811
