0.5502593517303467 0.3418366014957428 -0.49063459038734436 0.9998964071273804
0.5551473498344421 0.3201526999473572 -0.4614346921443939 0.9997441172599792
0.5593118667602539 0.32039982080459595 -0.461551696062088 0.9997795224189758
0.5632849335670471 0.32082098722457886 -0.46172893047332764 0.9996950626373291
0.5398809909820557 0.3201548457145691 -0.46460485458374023 0.9997671246528625
0.533341646194458 0.32051563262939453 -0.4646804630756378 0.99977046251297
0.5274155735969543 0.32134056091308594 -0.46480587124824524 0.9997169375419617
0.5670472383499146 0.3323608338832855 -0.2863241136074066 0.9996986389160156
0.5157589912414551 0.33607056736946106 -0.30255478620529175 0.9999051094055176
0.5570957660675049 0.36714649200439453 -0.4244767427444458 0.9999613761901855
0.5392385125160217 0.3666122853755951 -0.42976370453834534 0.9999765157699585
0.5978240966796875 0.4625440537929535 -0.2126026153564453 0.9999037981033325
0.47522976994514465 0.4827316701412201 -0.1659674197435379 0.9998706579208374
0.6363036632537842 0.6023714542388916 -0.4547542333602905 0.9977916479110718
0.44761720299720764 0.6798518896102905 -0.1067412942647934 0.9466962218284607
0.576172411441803 0.4590854048728943 -0.7922112345695496 0.9913691878318787
0.4173671305179596 0.8560718894004822 -0.22430260479450226 0.8616535067558289
0.5580213665962219 0.4335087835788727 -0.8605539202690125 0.9690402150154114
0.4067218601703644 0.9117720127105713 -0.2531961500644684 0.7794255018234253
0.553345263004303 0.42527899146080017 -0.8274165987968445 0.9644284248352051
0.41230058670043945 0.9166991710662842 -0.29193824529647827 0.8009907603263855
0.555084764957428 0.43426749110221863 -0.7856599688529968 0.9435756206512451
0.41767194867134094 0.8981199860572815 -0.24127241969108582 0.7881329655647278
0.5816918015480042 0.7689171433448792 -0.002092397306114435 0.9967771172523499
0.49422121047973633 0.7750921845436096 0.002319679595530033 0.9966482520103455
0.6197092533111572 0.9771101474761963 -0.2510956823825836 0.5137724876403809
0.492451012134552 0.971619188785553 -0.3897677958011627 0.665652871131897
0.6279634237289429 1.0928988456726074 0.17023174464702606 0.02586561255156994
0.514926016330719 1.1286540031433105 0.029388874769210815 0.04782312735915184
0.6263193488121033 1.1072845458984375 0.20838585495948792 0.06433653086423874
0.5190134644508362 1.1465034484863281 0.06801705062389374 0.059852197766304016
0.6364315152168274 1.1696382761001587 0.07924207299947739 0.024974722415208817
0.5248991250991821 1.211127758026123 -0.09012692421674728 0.04131544008851051
