0.5453723073005676 0.3314000368118286 -0.26110634207725525 0.9999799728393555
0.5508825182914734 0.3109557032585144 -0.23020349442958832 0.9999595880508423
0.5549074411392212 0.3116394281387329 -0.23032046854496002 0.9999619722366333
0.5594387650489807 0.3123336434364319 -0.2305624932050705 0.9999654293060303
0.5351788997650146 0.3104686141014099 -0.23564650118350983 0.999962329864502
0.5294269323348999 0.31123024225234985 -0.23567061126232147 0.9999637603759766
0.5239750742912292 0.3121122121810913 -0.23569178581237793 0.9999698400497437
0.5644049048423767 0.32532578706741333 -0.08148611336946487 0.9999581575393677
0.5136703252792358 0.32846927642822266 -0.10604277998209 0.9999638795852661
0.5537958741188049 0.3589929938316345 -0.2069377899169922 0.9999860525131226
0.5334935784339905 0.3580626845359802 -0.21410593390464783 0.9999880790710449
0.6034379601478577 0.4740486741065979 -0.0137997567653656 0.9999570846557617
0.4733762741088867 0.48395729064941406 -0.04459776356816292 0.9999376535415649
0.6388798952102661 0.6453367471694946 0.019511954858899117 0.9466057419776917
0.44684311747550964 0.6841744780540466 -0.008970328606665134 0.9287810325622559
0.6648746132850647 0.7415194511413574 -0.08902566879987717 0.7029238939285278
0.41855117678642273 0.8573415875434875 -0.11055030673742294 0.725360095500946
0.6788398027420044 0.7838078141212463 -0.1183038055896759 0.5803524255752563
0.40867429971694946 0.9215274453163147 -0.1371418833732605 0.6631458401679993
0.6744070053100586 0.7779812216758728 -0.14909765124320984 0.6117613911628723
0.41420233249664307 0.9242460131645203 -0.17836244404315948 0.6894228458404541
0.6666489839553833 0.7698256373405457 -0.10434343665838242 0.6228610277175903
0.4193516969680786 0.9064902663230896 -0.12938377261161804 0.701923668384552
0.5846551656723022 0.7840004563331604 0.013134083710610867 0.9954555034637451
0.4920969009399414 0.7937623262405396 -0.012782461009919643 0.9956919550895691
0.622440755367279 0.9399906992912292 -0.413901150226593 0.7780675292015076
0.49007537961006165 0.95518559217453 -0.44567587971687317 0.7247472405433655
0.6233164668083191 0.9784322381019592 -0.150987908244133 0.045642029494047165
0.515783429145813 1.0487102270126343 -0.22751964628696442 0.05004051700234413
0.6214509606361389 0.9784104824066162 -0.12615729868412018 0.07081305235624313
0.5174770951271057 1.0554015636444092 -0.20744997262954712 0.06443937867879868
0.6164163947105408 1.020262598991394 -0.19984319806098938 0.03580570966005325
0.5322628021240234 1.1001036167144775 -0.3247053027153015 0.0409574918448925
