0.5524574518203735 0.3246147036552429 -0.4973384141921997 0.9999760389328003
0.5592440962791443 0.30390745401382446 -0.4689016342163086 0.9999656677246094
0.5639992356300354 0.3046111464500427 -0.4690532982349396 0.9999767541885376
0.5690155029296875 0.30535322427749634 -0.4693000018596649 0.9999675750732422
0.5417428612709045 0.3023434281349182 -0.4717424213886261 0.9999411106109619
0.5356032848358154 0.30268096923828125 -0.4717755615711212 0.9999433755874634
0.5300292372703552 0.30324608087539673 -0.471861869096756 0.9998986721038818
0.5736465454101562 0.3195744752883911 -0.2976932227611542 0.9999788999557495
0.5198550224304199 0.3211408257484436 -0.3129749298095703 0.999951958656311
0.5612497329711914 0.35116255283355713 -0.43378132581710815 0.9999960660934448
0.5398123264312744 0.35006284713745117 -0.43836110830307007 0.999994158744812
0.6073206067085266 0.47166386246681213 -0.2091941386461258 0.9999947547912598
0.47645846009254456 0.47812843322753906 -0.181566521525383 0.99991774559021
0.6360280513763428 0.664715051651001 -0.35575544834136963 0.9968575239181519
0.45133769512176514 0.683488667011261 -0.12270081788301468 0.9667180776596069
0.6053056716918945 0.6269863247871399 -0.7014862298965454 0.9953787326812744
0.4155833423137665 0.8594401478767395 -0.266872376203537 0.9049980640411377
0.5926609635353088 0.6127035021781921 -0.7728947997093201 0.9873822331428528
0.4038194417953491 0.9166076183319092 -0.296314537525177 0.8632427453994751
0.5916276574134827 0.5876814126968384 -0.7652500867843628 0.987522542476654
0.4081655442714691 0.9217872619628906 -0.33935272693634033 0.8794909715652466
0.592634916305542 0.5876157283782959 -0.7036901116371155 0.9778844714164734
0.4136201739311218 0.9038833379745483 -0.2852156460285187 0.863598644733429
0.588405430316925 0.7864673733711243 0.006731352303177118 0.999393105506897
0.496552050113678 0.7866705060005188 -0.006306231953203678 0.9982181191444397
0.6308189034461975 1.0063797235488892 -0.4264393150806427 0.7946326732635498
0.484944611787796 1.0298388004302979 -0.3499220013618469 0.7200945615768433
0.6222766637802124 1.1233649253845215 -0.01753242500126362 0.07124757766723633
0.5041298270225525 1.149165391921997 0.07585372030735016 0.03342301398515701
0.6196854114532471 1.1369653940200806 0.021189967170357704 0.17196515202522278
0.5070374608039856 1.1635223627090454 0.11477098613977432 0.04334712028503418
0.6211828589439392 1.196249008178711 -0.10500288754701614 0.058530956506729126
0.516404926776886 1.2192506790161133 -0.01421812828630209 0.022315364331007004
