0.5412222743034363 0.37170934677124023 -0.27733153104782104 0.998724639415741
0.5489004850387573 0.34834402799606323 -0.25247079133987427 0.9992433786392212
0.5532615184783936 0.34910452365875244 -0.25261902809143066 0.999188244342804
0.5572180151939392 0.3495023846626282 -0.252856582403183 0.9992853999137878
0.5318781137466431 0.3472999334335327 -0.25586238503456116 0.9992009997367859
0.525396466255188 0.34720706939697266 -0.2558131814002991 0.9989526271820068
0.5187681317329407 0.3469364643096924 -0.2559215724468231 0.9990382194519043
0.5632746815681458 0.36094969511032104 -0.10797838866710663 0.9991617202758789
0.508307695388794 0.3589136600494385 -0.12212272733449936 0.9988135099411011
0.549576461315155 0.40005549788475037 -0.22212505340576172 0.9995473027229309
0.5285760164260864 0.4008975923061371 -0.22656604647636414 0.9994055032730103
0.6036314368247986 0.496625155210495 -0.056712958961725235 0.9993212223052979
0.46560007333755493 0.4941370189189911 -0.07893361896276474 0.9986742734909058
0.6297452449798584 0.6935341358184814 -0.1894669532775879 0.9800429344177246
0.44767245650291443 0.6735934019088745 -0.2584473788738251 0.9620856046676636
0.5565981268882751 0.5983163118362427 -0.4403414726257324 0.9748510718345642
0.540961503982544 0.5877586603164673 -0.49668633937835693 0.9713393449783325
0.5409006476402283 0.5641807913780212 -0.48857128620147705 0.948588490486145
0.5532258749008179 0.558472216129303 -0.54481041431427 0.9329067468643188
0.5410405993461609 0.5398894548416138 -0.466437429189682 0.9453714489936829
0.5496947169303894 0.5370248556137085 -0.5212129354476929 0.9221035838127136
0.5451620221138 0.5486747622489929 -0.43342870473861694 0.9207082390785217
0.546187162399292 0.5453200340270996 -0.4899713099002838 0.9024510383605957
0.5896230936050415 0.8093383312225342 0.013037479482591152 0.9911178946495056
0.4913490414619446 0.8204657435417175 -0.013007033616304398 0.9878007173538208
0.6785966157913208 0.9545926451683044 -0.1481175422668457 0.9629034399986267
0.4225648045539856 1.0131869316101074 -0.1703713983297348 0.9322798848152161
0.6394259929656982 0.9943321943283081 0.2549538314342499 0.14289818704128265
0.4921075701713562 0.9925277233123779 0.21420885622501373 0.05483764037489891
0.6255133152008057 0.9806212186813354 0.30100008845329285 0.10308557748794556
0.5045726895332336 0.9791015386581421 0.2601982355117798 0.049139074981212616
0.6355252861976624 1.0621917247772217 0.2964805066585541 0.06859670579433441
0.4961322844028473 1.0257879495620728 0.2534030079841614 0.02460458315908909
