0.5442044138908386 0.37147825956344604 -0.21763497591018677 0.9971079230308533
0.5529643893241882 0.34629368782043457 -0.1900377869606018 0.9982439279556274
0.5568913817405701 0.34720784425735474 -0.1901974081993103 0.9980125427246094
0.5610653162002563 0.3481985926628113 -0.19043277204036713 0.9983311295509338
0.5351270437240601 0.3449150323867798 -0.19223180413246155 0.9983347058296204
0.5277531147003174 0.34510189294815063 -0.19214296340942383 0.9978275895118713
0.5208451151847839 0.34551000595092773 -0.1922396570444107 0.9980987906455994
0.567200243473053 0.3603127598762512 -0.04705978184938431 0.9979994893074036
0.5109893679618835 0.35825395584106445 -0.05500199645757675 0.9972749352455139
0.5517023205757141 0.3998449742794037 -0.16374614834785461 0.9987912774085999
0.5305889844894409 0.3998894691467285 -0.1664259433746338 0.9988264441490173
0.6064175963401794 0.5011429786682129 -0.00908586848527193 0.9988141059875488
0.46706533432006836 0.4916466474533081 -0.028321202844381332 0.9981188178062439
0.6328814029693604 0.6945799589157104 -0.13487239181995392 0.976219117641449
0.4430328607559204 0.6720320582389832 -0.2051270753145218 0.9526189565658569
0.5562828183174133 0.5934879779815674 -0.3515220582485199 0.9614229798316956
0.5422677993774414 0.5815396308898926 -0.4190061390399933 0.9574587345123291
0.5408667325973511 0.5559911131858826 -0.39524462819099426 0.9205741882324219
0.5554136037826538 0.5535479784011841 -0.4647875428199768 0.8996781706809998
0.542863667011261 0.532435953617096 -0.37201589345932007 0.9144875407218933
0.5511747002601624 0.5311856269836426 -0.43666812777519226 0.8833498358726501
0.5460234880447388 0.5416985750198364 -0.3439880609512329 0.8806571364402771
0.5474107265472412 0.5394192337989807 -0.409939706325531 0.8560661673545837
0.5877436399459839 0.8136217594146729 0.012609213590621948 0.9945905208587646
0.4869796633720398 0.8239439129829407 -0.012539227493107319 0.9909459352493286
0.6828699111938477 0.967002272605896 -0.13935299217700958 0.9519747495651245
0.43626829981803894 1.0320289134979248 -0.12946447730064392 0.8883822560310364
0.6195151209831238 0.9724639058113098 0.2964749336242676 0.06972881406545639
0.4795039892196655 0.9964258074760437 0.25803399085998535 0.035289689898490906
0.6044861078262329 0.9445574283599854 0.3474883437156677 0.05617872253060341
0.4882095158100128 0.9851691126823425 0.30495208501815796 0.03666435182094574
0.6025221347808838 1.031322956085205 0.35476696491241455 0.035376884043216705
0.48574188351631165 1.0180726051330566 0.2991291582584381 0.01802554540336132
