0.5415878891944885 0.37665313482284546 -0.2781584560871124 0.9993964433670044
0.5491558909416199 0.35059887170791626 -0.24928341805934906 0.9995368719100952
0.5537667870521545 0.3511950373649597 -0.2494664043188095 0.9995278120040894
0.5575986504554749 0.35176539421081543 -0.24972449243068695 0.9995495676994324
0.5323699712753296 0.35011327266693115 -0.25471144914627075 0.9994601607322693
0.5260125994682312 0.34988462924957275 -0.25469526648521423 0.9993657469749451
0.5192963480949402 0.34982287883758545 -0.25478821992874146 0.999392032623291
0.563883900642395 0.3635872006416321 -0.08711177855730057 0.999657154083252
0.5093546509742737 0.36208128929138184 -0.11076999455690384 0.9994993209838867
0.5503517389297485 0.40634289383888245 -0.21623025834560394 0.9998382329940796
0.5305357575416565 0.40689077973365784 -0.22315113246440887 0.9998180270195007
0.6025076508522034 0.5032767057418823 -0.013882552273571491 0.9998303651809692
0.46542394161224365 0.4976406991481781 -0.039385225623846054 0.99924635887146
0.6367563009262085 0.6976690292358398 -0.11585921794176102 0.9871141910552979
0.4420221745967865 0.6798619627952576 -0.19083379209041595 0.9770649671554565
0.5618717074394226 0.6658951044082642 -0.3858130872249603 0.9709585309028625
0.5349547863006592 0.6602272987365723 -0.4442211985588074 0.9721857905387878
0.5455045104026794 0.6461749076843262 -0.44700267910957336 0.9365607500076294
0.5521597266197205 0.6420239210128784 -0.49874192476272583 0.9374707341194153
0.545833170413971 0.6183120012283325 -0.42600110173225403 0.9363183379173279
0.5489230751991272 0.6187763214111328 -0.4823407530784607 0.9320306777954102
0.550064742565155 0.621206521987915 -0.3804873526096344 0.9083435535430908
0.5439064502716064 0.6219675540924072 -0.43987226486206055 0.911217212677002
0.5904496908187866 0.825407087802887 0.00982330460101366 0.987533450126648
0.4914218783378601 0.8373390436172485 -0.009517014026641846 0.9729385375976562
0.6838057041168213 0.9625656604766846 -0.20007258653640747 0.9517345428466797
0.448154091835022 1.0474903583526611 -0.15606452524662018 0.8633593916893005
0.6265724301338196 1.1229816675186157 0.2245481312274933 0.29594647884368896
0.49215763807296753 1.1112695932388306 0.2505266070365906 0.08845362812280655
0.6105959415435791 1.124467372894287 0.2687031924724579 0.2332102507352829
0.5026305317878723 1.112546443939209 0.293498694896698 0.0878124013543129
0.624137818813324 1.21863853931427 0.20677576959133148 0.13478778302669525
0.4959796965122223 1.1746395826339722 0.23472408950328827 0.033396895974874496
