0.5401868224143982 0.37054938077926636 -0.262367308139801 0.9993853569030762
0.5478112697601318 0.3461318612098694 -0.23422901332378387 0.9995898604393005
0.5526211261749268 0.3468867540359497 -0.234405979514122 0.9995806813240051
0.5563812851905823 0.34742093086242676 -0.23469294607639313 0.9995831847190857
0.5308583974838257 0.3460037112236023 -0.2385573834180832 0.9994833469390869
0.5244157910346985 0.3461377024650574 -0.2384863942861557 0.9993599057197571
0.51791912317276 0.3462017774581909 -0.23854392766952515 0.999377429485321
0.5632556676864624 0.35962700843811035 -0.07537538558244705 0.9997052550315857
0.5088204741477966 0.3598402142524719 -0.09384586662054062 0.9995123147964478
0.5495740175247192 0.39950573444366455 -0.20167739689350128 0.9998650550842285
0.5289551615715027 0.4006820321083069 -0.2070320099592209 0.999819815158844
0.6033474802970886 0.5015607476234436 -0.0014279130846261978 0.9998422861099243
0.4646049737930298 0.4944732189178467 -0.02430514059960842 0.9992232322692871
0.6348012685775757 0.6987760663032532 -0.1008310317993164 0.9842358827590942
0.441524863243103 0.6843481063842773 -0.17022274434566498 0.97014319896698
0.5576812624931335 0.6623756289482117 -0.37024277448654175 0.9649202823638916
0.533646285533905 0.659103274345398 -0.42232444882392883 0.9654206037521362
0.5420812964439392 0.642218828201294 -0.431192010641098 0.9283535480499268
0.5518613457679749 0.6412197947502136 -0.47717389464378357 0.9291359186172485
0.5437706708908081 0.6141935586929321 -0.41161543130874634 0.926821768283844
0.5482558608055115 0.6158940196037292 -0.4623014032840729 0.9211522936820984
0.5477805733680725 0.6166830062866211 -0.3654473125934601 0.8973371982574463
0.5434862971305847 0.6187129020690918 -0.41883882880210876 0.8981921672821045
0.5891918540000916 0.8164152503013611 0.012274528853595257 0.9923980832099915
0.4921115040779114 0.825236439704895 -0.011904970742762089 0.9769358038902283
0.6806423664093018 0.9577862620353699 -0.22913993895053864 0.9585753679275513
0.42695653438568115 1.013819932937622 -0.15179286897182465 0.8654378056526184
0.6355502605438232 1.113585352897644 0.15723839402198792 0.3515009582042694
0.48217859864234924 1.0639368295669556 0.2538451850414276 0.06937243789434433
0.6187242865562439 1.119755744934082 0.19769589602947235 0.2994979918003082
0.49332553148269653 1.0636515617370605 0.2973819375038147 0.08583106100559235
0.6412412524223328 1.2090730667114258 0.13633984327316284 0.1522914469242096
0.47980546951293945 1.1157370805740356 0.2504348158836365 0.024792956188321114
