0.5580069422721863 0.3384395241737366 -0.166005477309227 0.9999982118606567
0.5645306706428528 0.3185397982597351 -0.13968349993228912 0.999995231628418
0.569179117679596 0.31915009021759033 -0.13965457677841187 0.9999972581863403
0.5737666487693787 0.3196592926979065 -0.1397290974855423 0.9999949932098389
0.5472822785377502 0.3187739849090576 -0.1513824164867401 0.999994158744812
0.5412878394126892 0.3202158808708191 -0.15148016810417175 0.9999961853027344
0.5350440740585327 0.32188504934310913 -0.15159164369106293 0.999994158744812
0.5772818326950073 0.3334484100341797 -0.0010672210482880473 0.9999974966049194
0.5245240330696106 0.33838367462158203 -0.058185335248708725 0.9999992847442627
0.5671344995498657 0.36814945936203003 -0.1125422790646553 0.9999983310699463
0.5460026860237122 0.36765387654304504 -0.12984496355056763 0.999998927116394
0.6154636144638062 0.473418265581131 0.05976035073399544 0.9999964237213135
0.48016685247421265 0.48472848534584045 0.021606890484690666 0.9999768733978271
0.6754300594329834 0.6124650835990906 -0.10284864157438278 0.9997323155403137
0.4674161374568939 0.6768196821212769 0.04029925912618637 0.9935808181762695
0.6595807671546936 0.42182642221450806 -0.33287081122398376 0.9996945858001709
0.4969059228897095 0.8453033566474915 -0.006848101504147053 0.9925306439399719
0.6536368131637573 0.35908424854278564 -0.37942907214164734 0.9980179071426392
0.49586817622184753 0.9076219797134399 -0.01290058996528387 0.9757118821144104
0.6509600877761841 0.34991317987442017 -0.3380453884601593 0.9978565573692322
0.514776885509491 0.8961383700370789 -0.020068030804395676 0.9776122570037842
0.6491597294807434 0.36695653200149536 -0.3223845660686493 0.9978796243667603
0.5176098346710205 0.8750726580619812 -0.007173136807978153 0.9807919859886169
0.6130804419517517 0.7859777808189392 -0.0056093838065862656 0.9999332427978516
0.519084632396698 0.8058520555496216 0.006762896664440632 0.9999319314956665
0.6223397850990295 1.057412028312683 -0.12994900345802307 0.6702131628990173
0.5030097365379333 1.0412675142288208 -0.17857626080513 0.7556140422821045
0.6294772624969482 1.2657150030136108 0.22754721343517303 0.000918544945307076
0.5214076638221741 1.2727309465408325 0.12116172164678574 0.004667219705879688
0.6345866918563843 1.3037370443344116 0.2600928843021393 0.005105635151267052
0.5232419371604919 1.3138372898101807 0.14679397642612457 0.007869969122111797
0.6149056553840637 1.3577841520309448 0.12234321981668472 0.0007386516663245857
0.5368836522102356 1.357269525527954 -0.015754012390971184 0.0027546812780201435
