0.5608636736869812 0.33740341663360596 -0.32126384973526 0.9999972581863403
0.5672121644020081 0.3170427083969116 -0.28986337780952454 0.9999892711639404
0.5719521045684814 0.3180781602859497 -0.28984299302101135 0.9999929666519165
0.5767791867256165 0.319294273853302 -0.2899036705493927 0.999984860420227
0.5516526699066162 0.3155938982963562 -0.30934762954711914 0.999991774559021
0.5447227358818054 0.3165246248245239 -0.3094736635684967 0.9999948740005493
0.5387033820152283 0.317888081073761 -0.3096511662006378 0.9999915361404419
0.5809497833251953 0.33444052934646606 -0.1213170737028122 0.9999898672103882
0.5256398916244507 0.3342438340187073 -0.21365836262702942 0.9999991655349731
0.5687873363494873 0.36742791533470154 -0.2564114034175873 0.9999959468841553
0.5489034652709961 0.3647981882095337 -0.2838410437107086 0.9999983310699463
0.618163526058197 0.46930617094039917 -0.01822558604180813 0.9999761581420898
0.4800340533256531 0.4856128692626953 -0.13077032566070557 0.9999444484710693
0.684325098991394 0.5767884254455566 -0.17604698240756989 0.9996368885040283
0.4684368968009949 0.6760790348052979 -0.138858363032341 0.9947709441184998
0.6682747602462769 0.3722872734069824 -0.4269501566886902 0.9995705485343933
0.4983275830745697 0.8491520285606384 -0.23205630481243134 0.993742048740387
0.6602078676223755 0.30984312295913696 -0.479794979095459 0.9969103932380676
0.4950960874557495 0.9152470231056213 -0.25443169474601746 0.977165699005127
0.6547040343284607 0.295249879360199 -0.4401009678840637 0.9966655373573303
0.5151574015617371 0.9041054248809814 -0.26520323753356934 0.9800249934196472
0.6553874611854553 0.3199370503425598 -0.41866740584373474 0.9966458678245544
0.5186492204666138 0.8814665675163269 -0.2344319373369217 0.9817662239074707
0.6104335188865662 0.7949864268302917 0.010109135881066322 0.9995951056480408
0.5171199440956116 0.8125706911087036 -0.009157146327197552 0.9997467398643494
0.6216936707496643 1.0774149894714355 -0.06675360351800919 0.4781568646430969
0.504470944404602 1.0530447959899902 -0.2262440174818039 0.5804378390312195
0.6312975287437439 1.2779793739318848 0.31395405530929565 0.0005325812380760908
0.5360687375068665 1.2940021753311157 0.12042877823114395 0.003254098119214177
0.636847734451294 1.3159455060958862 0.34646663069725037 0.0035090481396764517
0.5404807925224304 1.3349040746688843 0.14967802166938782 0.0060821352526545525
0.618818998336792 1.368391990661621 0.2007984071969986 0.0006421638536266983
0.5524073243141174 1.385151743888855 -0.025711320340633392 0.0029967925511300564
