0.5609332323074341 0.335374653339386 -0.2770337164402008 0.9999982118606567
0.5679411292076111 0.31684601306915283 -0.2482963502407074 0.9999954700469971
0.5729491114616394 0.31756335496902466 -0.248202383518219 0.9999970197677612
0.577453076839447 0.31852269172668457 -0.24819006025791168 0.9999945163726807
0.5520842671394348 0.3160784840583801 -0.26654326915740967 0.9999963045120239
0.5445298552513123 0.3166472315788269 -0.2665777802467346 0.9999974966049194
0.5384829044342041 0.31773048639297485 -0.2667275369167328 0.9999960660934448
0.5816680192947388 0.32924413681030273 -0.08961113542318344 0.9999949932098389
0.5245823860168457 0.33139002323150635 -0.17456291615962982 0.9999995231628418
0.5698381662368774 0.3651280403137207 -0.21627016365528107 0.9999967813491821
0.5491618514060974 0.36225324869155884 -0.2413587123155594 0.9999985694885254
0.6174456477165222 0.46780386567115784 0.02421082742512226 0.9999920129776001
0.4797554612159729 0.48457199335098267 -0.10270316153764725 0.9999810457229614
0.6869408488273621 0.5738083124160767 -0.07793959230184555 0.9999216794967651
0.46997103095054626 0.6825049519538879 -0.045064233243465424 0.9990559220314026
0.6852585077285767 0.3760167360305786 -0.2895256280899048 0.9999473094940186
0.5013852715492249 0.8504387140274048 -0.039641667157411575 0.9991106390953064
0.6807727813720703 0.3070700764656067 -0.33182674646377563 0.9996416568756104
0.4981537461280823 0.9159033894538879 -0.041945960372686386 0.996868908405304
0.6720930933952332 0.29296284914016724 -0.30385473370552063 0.9995681643486023
0.5166605710983276 0.9054819345474243 -0.06106317788362503 0.9969035983085632
0.6722183227539062 0.3199557065963745 -0.2846555709838867 0.9996484518051147
0.519956111907959 0.8829401731491089 -0.041649263352155685 0.997426450252533
0.6150351762771606 0.8143169283866882 0.025317631661891937 0.9999529123306274
0.5203500986099243 0.8325030207633972 -0.02415759302675724 0.9999305009841919
0.6218761801719666 1.113124132156372 0.07504177838563919 0.2753596901893616
0.5121631622314453 1.1002497673034668 -0.03164086490869522 0.358710914850235
0.6220978498458862 1.34602952003479 0.41931068897247314 0.0002276659506605938
0.5192620158195496 1.345157504081726 0.2574576437473297 0.0010156575590372086
0.6259226202964783 1.3851370811462402 0.4482094347476959 0.000958441523835063
0.5176039338111877 1.3858872652053833 0.28092271089553833 0.0021286418195813894
0.6086347103118896 1.4355592727661133 0.3094215393066406 0.00031778740230947733
0.5404679179191589 1.432347059249878 0.10772261023521423 0.0009255462791770697
