0.5723560452461243 0.41454046964645386 -0.2645898163318634 0.9997878670692444
0.5671244263648987 0.3928583264350891 -0.2370014190673828 0.9995173215866089
0.5671937465667725 0.39304280281066895 -0.23713098466396332 0.9996869564056396
0.5670197010040283 0.3932534456253052 -0.23721082508563995 0.9995823502540588
0.5610571503639221 0.39157575368881226 -0.2662414312362671 0.9995765089988708
0.5569560527801514 0.3908799886703491 -0.2663268744945526 0.9996578693389893
0.551943838596344 0.3901481628417969 -0.26658445596694946 0.999496579170227
0.5514163970947266 0.40217965841293335 -0.09666495025157928 0.9997566342353821
0.526553213596344 0.39958274364471436 -0.22925084829330444 0.9998430013656616
0.5709351897239685 0.43903443217277527 -0.21158616244792938 0.9998859167098999
0.5616689324378967 0.43775489926338196 -0.25028398633003235 0.9999203681945801
0.5961045622825623 0.5436723232269287 -0.024454882368445396 0.9999340772628784
0.45267173647880554 0.5361404418945312 -0.15317681431770325 0.9996852874755859
0.6672161817550659 0.6630010008811951 -0.15400199592113495 0.9978704452514648
0.41852328181266785 0.7387654781341553 -0.1384078413248062 0.992615818977356
0.7051271200180054 0.5078912377357483 -0.44769757986068726 0.9964064955711365
0.39641135931015015 0.9051036238670349 -0.20697379112243652 0.9791803956031799
0.71624356508255 0.45921191573143005 -0.5033634305000305 0.981205940246582
0.3835933804512024 0.9501422047615051 -0.2198696881532669 0.9489153623580933
0.7105478644371033 0.44357186555862427 -0.48952993750572205 0.9818655848503113
0.3937796652317047 0.9641121029853821 -0.2577017545700073 0.9543113708496094
0.7056960463523865 0.4613337516784668 -0.4529804587364197 0.9797963500022888
0.4015560746192932 0.95069420337677 -0.22169117629528046 0.9456215500831604
0.5779314041137695 0.8729032874107361 0.0122615285217762 0.9861207604408264
0.4807109534740448 0.8802706003189087 -0.011621306650340557 0.9789736866950989
0.5984741449356079 1.109108328819275 -0.17260153591632843 0.5393893122673035
0.4825538098812103 1.1349480152130127 -0.10880754142999649 0.3749029040336609
0.5832018256187439 1.3495707511901855 0.06499963998794556 0.03540429845452309
0.4903069734573364 1.3750652074813843 0.05040721595287323 0.04097576439380646
0.5797812938690186 1.3802859783172607 0.08285413682460785 0.08822996914386749
0.49054139852523804 1.4117515087127686 0.05857819691300392 0.06055009365081787
0.5750300884246826 1.4429653882980347 -0.06759505718946457 0.0414433628320694
0.5034389495849609 1.453672170639038 -0.11022680252790451 0.030735960230231285
