0.5747525095939636 0.41205841302871704 -0.2574666142463684 0.999600350856781
0.5688022375106812 0.3908569812774658 -0.22545066475868225 0.9990794658660889
0.5689077377319336 0.3911181688308716 -0.2256462723016739 0.9994493126869202
0.5687514543533325 0.3912959098815918 -0.22583402693271637 0.9993485808372498
0.5624755620956421 0.3901839852333069 -0.25227585434913635 0.9990931749343872
0.5578516125679016 0.3899644613265991 -0.2523159086704254 0.999264657497406
0.5523808002471924 0.3895161747932434 -0.25256025791168213 0.9988734126091003
0.5519592761993408 0.4000937342643738 -0.07379929721355438 0.9995296001434326
0.5263668298721313 0.39845794439315796 -0.19777198135852814 0.9994766116142273
0.5735276341438293 0.4400743842124939 -0.2008930742740631 0.9997112154960632
0.5644529461860657 0.43945521116256714 -0.23700913786888123 0.9997561573982239
0.5973206162452698 0.5405793190002441 -0.007751076947897673 0.9999456405639648
0.452470600605011 0.5323513746261597 -0.11277854442596436 0.9989593029022217
0.6638955473899841 0.6763805150985718 -0.06934548169374466 0.996526300907135
0.4179324507713318 0.7419224381446838 -0.09594447910785675 0.9662041664123535
0.7306193113327026 0.5461182594299316 -0.29217493534088135 0.9953717589378357
0.3965325355529785 0.910570502281189 -0.1723288893699646 0.898028552532196
0.7529908418655396 0.511737585067749 -0.3347662091255188 0.978421151638031
0.3849429488182068 0.9588835835456848 -0.18823567032814026 0.7997449040412903
0.7487365007400513 0.49400612711906433 -0.33906954526901245 0.9811704754829407
0.3943803906440735 0.969695508480072 -0.22234122455120087 0.8196170330047607
0.7416141033172607 0.5011705160140991 -0.30271783471107483 0.9771051406860352
0.40215855836868286 0.9541308283805847 -0.1873299479484558 0.7901492714881897
0.5822382569313049 0.8738921284675598 0.012184765189886093 0.9735620617866516
0.4810512661933899 0.883131742477417 -0.011581349186599255 0.9491269588470459
0.614904522895813 1.1140531301498413 -0.17127849161624908 0.4538959860801697
0.4857781231403351 1.1268147230148315 -0.16224239766597748 0.3397420644760132
0.6012688279151917 1.349358320236206 0.11300311982631683 0.038296911865472794
0.5030612945556641 1.3733255863189697 0.017154164612293243 0.07211095839738846
0.5968075394630432 1.3764618635177612 0.13628245890140533 0.096101775765419
0.5046084523200989 1.4075491428375244 0.02851875312626362 0.0919148400425911
0.595632016658783 1.4515615701675415 -0.008783926256000996 0.045757632702589035
0.5207314491271973 1.4586410522460938 -0.14162400364875793 0.0597904734313488
