0.5483534336090088 0.42211928963661194 -0.5494187474250793 0.9999456405639648
0.5512285232543945 0.3977746367454529 -0.5261474251747131 0.9997994303703308
0.5540981292724609 0.398077130317688 -0.5262589454650879 0.9998606443405151
0.5576165318489075 0.39850205183029175 -0.5264257788658142 0.9997889399528503
0.5389468669891357 0.39555680751800537 -0.5375673770904541 0.9998328685760498
0.5329761505126953 0.3950807452201843 -0.5376129150390625 0.9998824596405029
0.5265553593635559 0.39481401443481445 -0.537753701210022 0.9998145699501038
0.5566271543502808 0.4052662253379822 -0.3498933017253876 0.999862790107727
0.5102789402008057 0.4050288200378418 -0.40213000774383545 0.9999381303787231
0.5523338913917542 0.44589611887931824 -0.47940555214881897 0.9999544620513916
0.5364983081817627 0.44457998871803284 -0.49452686309814453 0.9999704360961914
0.593781054019928 0.538080632686615 -0.19229422509670258 0.9999786615371704
0.4534572958946228 0.5347886681556702 -0.24256505072116852 0.9999135732650757
0.6571606993675232 0.7022527456283569 -0.09684693068265915 0.9977092742919922
0.42106956243515015 0.7344221472740173 -0.19640468060970306 0.9917568564414978
0.7510222792625427 0.7161457538604736 -0.2582618296146393 0.9959486126899719
0.40265265107154846 0.8989676237106323 -0.3441203534603119 0.9671974778175354
0.7833443284034729 0.7109518647193909 -0.2937396764755249 0.9833338856697083
0.3892592787742615 0.9470921754837036 -0.3720252215862274 0.9158236980438232
0.7853426337242126 0.6911110877990723 -0.3382798731327057 0.9874783754348755
0.3962502181529999 0.9576038718223572 -0.4251575767993927 0.9310469031333923
0.7745696902275085 0.6946067214012146 -0.28189781308174133 0.9860122799873352
0.40406104922294617 0.9426354765892029 -0.36707958579063416 0.9240081310272217
0.5809272527694702 0.8660290837287903 -0.0007683943840675056 0.9635717272758484
0.48419469594955444 0.8680850863456726 0.0015456589171662927 0.9649178385734558
0.5936729311943054 1.125218391418457 -0.22257402539253235 0.3133566379547119
0.48086702823638916 1.1058778762817383 -0.2818262279033661 0.3720899820327759
0.5904787182807922 1.353072166442871 0.03485418111085892 0.013796824961900711
0.5030940175056458 1.3614007234573364 -0.10290367156267166 0.03293392434716225
0.5897678136825562 1.3829699754714966 0.04989713802933693 0.027746571227908134
0.5052441358566284 1.3965160846710205 -0.09327457845211029 0.043294236063957214
0.5793436765670776 1.4421101808547974 -0.13162626326084137 0.011664120480418205
0.5134598612785339 1.4439167976379395 -0.29105955362319946 0.026613300666213036
