0.5571702122688293 0.42408299446105957 -0.5666749477386475 0.9999146461486816
0.5575904846191406 0.3986578583717346 -0.5450868010520935 0.9997316002845764
0.5602923631668091 0.3988097310066223 -0.5451368093490601 0.9997865557670593
0.5627186894416809 0.3988926410675049 -0.5452858209609985 0.9997077584266663
0.5471422672271729 0.3974764943122864 -0.5616236329078674 0.9997729659080505
0.5411925911903381 0.3965318202972412 -0.5616629719734192 0.99981290102005
0.5344154238700867 0.3961641788482666 -0.5618076324462891 0.9996906518936157
0.556682288646698 0.40275996923446655 -0.3717886507511139 0.9998093247413635
0.5131710767745972 0.40349894762039185 -0.44675788283348083 0.999850869178772
0.5605042576789856 0.44826874136924744 -0.49728596210479736 0.9999254941940308
0.547414243221283 0.44703227281570435 -0.5190615057945251 0.9999346733093262
0.5926346182823181 0.5328933000564575 -0.2168760746717453 0.999984860420227
0.45399513840675354 0.5349632501602173 -0.3034483790397644 0.9998894929885864
0.6490422487258911 0.7004520297050476 -0.10520588606595993 0.9972884654998779
0.4203505516052246 0.7425090074539185 -0.26820823550224304 0.993501603603363
0.7486906051635742 0.7190914750099182 -0.2410682588815689 0.9961349964141846
0.39818716049194336 0.9104644060134888 -0.3935489356517792 0.9587859511375427
0.7779610753059387 0.7106395959854126 -0.27137574553489685 0.984119176864624
0.3859291672706604 0.9593676328659058 -0.4171470105648041 0.9021012783050537
0.7813974022865295 0.6932234764099121 -0.32124873995780945 0.987630307674408
0.3935089409351349 0.9698511362075806 -0.47369757294654846 0.9185553789138794
0.7727346420288086 0.6976686120033264 -0.2666698098182678 0.9871822595596313
0.4013160169124603 0.9562203884124756 -0.41749849915504456 0.913929283618927
0.5825081467628479 0.8716741800308228 0.005060513503849506 0.9678071737289429
0.48562103509902954 0.8837882876396179 -0.00411591911688447 0.9457834362983704
0.5976298451423645 1.1335179805755615 -0.15476283431053162 0.12696769833564758
0.4945313036441803 1.1498535871505737 -0.04342849180102348 0.08041908591985703
0.5925635695457458 1.3696954250335693 0.09607049077749252 0.0059136864729225636
0.5053190588951111 1.3849797248840332 0.1346314400434494 0.00900257844477892
0.5908275246620178 1.3988827466964722 0.11085681617259979 0.009235459379851818
0.5050727725028992 1.418007254600525 0.14364179968833923 0.012775558978319168
0.585204541683197 1.4638094902038574 -0.06542222946882248 0.004773629363626242
0.515312671661377 1.4665881395339966 -0.04312177002429962 0.008611764758825302
