0.5744465589523315 0.4127110242843628 -0.25658243894577026 0.9996671676635742
0.5682783126831055 0.3907521367073059 -0.22685089707374573 0.999022364616394
0.568193256855011 0.3909420371055603 -0.22702045738697052 0.9994230270385742
0.5678375363349915 0.39106863737106323 -0.22718502581119537 0.9992039799690247
0.5624764561653137 0.39045852422714233 -0.2568530738353729 0.9992623925209045
0.558258593082428 0.3905792236328125 -0.25689518451690674 0.9994701743125916
0.5535069704055786 0.39073365926742554 -0.2571371793746948 0.9991365075111389
0.5500379800796509 0.4022197127342224 -0.08497767150402069 0.9995052814483643
0.5276307463645935 0.4026179909706116 -0.22188620269298553 0.9997051358222961
0.5732792019844055 0.44130849838256836 -0.20249737799167633 0.9996693134307861
0.5650855302810669 0.4408506751060486 -0.24246414005756378 0.9997503161430359
0.5970984101295471 0.5437226295471191 -0.0037580153439193964 0.9999233484268188
0.45232337713241577 0.5365357995033264 -0.15715596079826355 0.9994359612464905
0.6611786484718323 0.683832049369812 0.0018651571590453386 0.997054934501648
0.4178994297981262 0.7396881580352783 -0.1482113003730774 0.9763770699501038
0.7427122592926025 0.5922633409500122 -0.15273389220237732 0.9963332414627075
0.3982655704021454 0.9021743535995483 -0.2010304182767868 0.9480904936790466
0.7636180520057678 0.5476623773574829 -0.1792369931936264 0.9841493964195251
0.3875884413719177 0.9486296772956848 -0.21387691795825958 0.8938722014427185
0.7590627670288086 0.5306612253189087 -0.1915716528892517 0.9864278435707092
0.39430713653564453 0.9585423469543457 -0.2511415183544159 0.9056470394134521
0.7530397772789001 0.5452723503112793 -0.16579100489616394 0.9842996597290039
0.40144604444503784 0.9442625641822815 -0.21683162450790405 0.8913013339042664
0.581698477268219 0.8622656464576721 0.018128259107470512 0.9770225286483765
0.48157086968421936 0.8686779737472534 -0.017671724781394005 0.9732495546340942
0.6100656390190125 1.1084895133972168 -0.13148921728134155 0.5297961831092834
0.4892250597476959 1.1198341846466064 -0.19847474992275238 0.4182296097278595
0.6014190316200256 1.349133014678955 0.0972537100315094 0.060664769262075424
0.5068894028663635 1.3763586282730103 -0.0448177233338356 0.12936502695083618
0.5973215699195862 1.3763139247894287 0.11385709792375565 0.11275047063827515
0.5093865394592285 1.4119186401367188 -0.03633172810077667 0.16260099411010742
0.5984134674072266 1.4436569213867188 -0.03201744332909584 0.06714020669460297
0.518747866153717 1.452258586883545 -0.21036462485790253 0.09079699218273163
