0.577563464641571 0.42283469438552856 -0.32355961203575134 0.9993528723716736
0.571410596370697 0.40077143907546997 -0.29796919226646423 0.998079776763916
0.5711281299591064 0.40103548765182495 -0.29809850454330444 0.9987761378288269
0.5705646276473999 0.40126287937164307 -0.29827597737312317 0.9983673691749573
0.5659447312355042 0.3995516896247864 -0.3310840427875519 0.9984899759292603
0.5616667866706848 0.39862191677093506 -0.33117321133613586 0.9988079071044922
0.5570462346076965 0.39758825302124023 -0.331437885761261 0.9980334639549255
0.5526249408721924 0.4080396890640259 -0.16036900877952576 0.9990511536598206
0.5308806896209717 0.4033772945404053 -0.3129623234272003 0.9993245601654053
0.5733526945114136 0.4488374888896942 -0.269765704870224 0.9996209144592285
0.565833330154419 0.4481634497642517 -0.3141734302043915 0.9997275471687317
0.5948459506034851 0.5413918495178223 -0.06557288765907288 0.9999203681945801
0.4526389241218567 0.5381754636764526 -0.22970432043075562 0.9993873834609985
0.6679725646972656 0.668686032295227 -0.06760327517986298 0.9973664879798889
0.4191807210445404 0.7475825548171997 -0.18754443526268005 0.9835457801818848
0.7338563203811646 0.54914790391922 -0.23466934263706207 0.9958570599555969
0.4008059799671173 0.9189020395278931 -0.20944370329380035 0.9565665125846863
0.7486197352409363 0.5097366571426392 -0.26502543687820435 0.9780936241149902
0.3899778127670288 0.9644578695297241 -0.21466200053691864 0.9059208631515503
0.7433050870895386 0.49558666348457336 -0.2702823579311371 0.9802548289299011
0.3997138738632202 0.9737773537635803 -0.2513223886489868 0.9152652025222778
0.7382988333702087 0.5049129724502563 -0.24391773343086243 0.9772506356239319
0.40623167157173157 0.9600926041603088 -0.2224990576505661 0.8950299024581909
0.5800729990005493 0.8653525710105896 0.026241546496748924 0.9750729203224182
0.48114213347435 0.8749493360519409 -0.02569512650370598 0.9548850655555725
0.6128113269805908 1.0922462940216064 -0.1585683822631836 0.646869957447052
0.4886992871761322 1.1286976337432861 -0.0909191370010376 0.3664719760417938
0.6007182002067566 1.316506028175354 0.14509998261928558 0.06404329091310501
0.4969829320907593 1.350676417350769 0.13584597408771515 0.0758260115981102
0.5951133370399475 1.3441884517669678 0.1708853840827942 0.14158934354782104
0.49797117710113525 1.3844102621078491 0.1513437181711197 0.10131771862506866
0.6004173755645752 1.412377119064331 0.03485340625047684 0.06070676073431969
0.5103164315223694 1.428676962852478 -0.014422031119465828 0.04907171055674553
