0.5711554288864136 0.40563154220581055 -0.3636854290962219 0.9997875094413757
0.5651341080665588 0.3852064609527588 -0.33251941204071045 0.999270498752594
0.5650206804275513 0.3854045867919922 -0.33263668417930603 0.9995457530021667
0.5646206140518188 0.3855629563331604 -0.33275505900382996 0.9993101358413696
0.5596280694007874 0.3846690058708191 -0.3672266900539398 0.9994370341300964
0.5555761456489563 0.3846502900123596 -0.3673062026500702 0.9995918869972229
0.5511342883110046 0.38482993841171265 -0.36752861738204956 0.9992990493774414
0.5463024973869324 0.3972323536872864 -0.1716156154870987 0.9995890259742737
0.5276330709457397 0.3984706997871399 -0.33019229769706726 0.9997972846031189
0.5689582824707031 0.4316090941429138 -0.30235692858695984 0.9998600482940674
0.5623788237571716 0.4322390556335449 -0.348481148481369 0.9999102354049683
0.5929241180419922 0.539851725101471 -0.06920114904642105 0.9999582767486572
0.45530515909194946 0.5417835712432861 -0.24560771882534027 0.9996142387390137
0.6550462245941162 0.6816761493682861 -0.09660813957452774 0.9988803267478943
0.42307302355766296 0.7462906837463379 -0.24125255644321442 0.9929543137550354
0.7295565009117126 0.5899938344955444 -0.3315793573856354 0.9990869760513306
0.4029887020587921 0.9152504205703735 -0.3429733216762543 0.9891091585159302
0.7453161478042603 0.5476357936859131 -0.3784341514110565 0.9949289560317993
0.39075857400894165 0.9590685963630676 -0.3729218542575836 0.9713703989982605
0.7404934167861938 0.5295543670654297 -0.39008957147598267 0.9954167604446411
0.3976212441921234 0.9687221050262451 -0.4115853011608124 0.9747810363769531
0.7358525395393372 0.5449607372283936 -0.34647560119628906 0.9950864911079407
0.40526294708251953 0.9562917947769165 -0.35996848344802856 0.9712319374084473
0.5846404433250427 0.8764252662658691 0.021902961656451225 0.989403247833252
0.4921855628490448 0.8876819610595703 -0.02108900621533394 0.985680341720581
0.6109647154808044 1.1344857215881348 -0.0764010101556778 0.41106143593788147
0.48985448479652405 1.1368989944458008 -0.15583285689353943 0.3896060585975647
0.6129109263420105 1.3650761842727661 0.25422146916389465 0.00886930525302887
0.4973754286766052 1.3803229331970215 0.09867897629737854 0.03939623385667801
0.6117890477180481 1.398033618927002 0.27926158905029297 0.021449102088809013
0.4974732995033264 1.4209015369415283 0.11590175330638885 0.047184187918901443
0.6091433763504028 1.452974796295166 0.12411240488290787 0.01245915424078703
0.511368453502655 1.453603744506836 -0.07160280644893646 0.031901728361845016
