0.5516687035560608 0.3250717520713806 -0.27020344138145447 0.9988090991973877
0.5591307282447815 0.30749261379241943 -0.23980270326137543 0.9994745850563049
0.5629974603652954 0.30903559923171997 -0.23981621861457825 0.9992350339889526
0.5676533579826355 0.3110070824623108 -0.23999227583408356 0.9994242191314697
0.5423252582550049 0.30498582124710083 -0.24300788342952728 0.9993727803230286
0.5362251400947571 0.30512869358062744 -0.24301324784755707 0.9989792108535767
0.530282735824585 0.30573415756225586 -0.243081197142601 0.9991808533668518
0.574329674243927 0.3285726010799408 -0.08999063074588776 0.999460756778717
0.5211514830589294 0.3241174817085266 -0.10429059714078903 0.9989436268806458
0.5603340268135071 0.3539125323295593 -0.21478265523910522 0.9997790455818176
0.5395013689994812 0.3505316376686096 -0.21918104588985443 0.9997681975364685
0.6074005961418152 0.4768220782279968 -0.04573063924908638 0.9995874762535095
0.48280856013298035 0.4754487872123718 -0.062060918658971786 0.9977450966835022
0.6475337147712708 0.6716585159301758 -0.21915823221206665 0.9908139109611511
0.4401768445968628 0.6560152769088745 -0.28769248723983765 0.968271791934967
0.5635772943496704 0.5489526987075806 -0.46325069665908813 0.9903880953788757
0.5140388011932373 0.5555717945098877 -0.5350372791290283 0.9714412689208984
0.5540770888328552 0.4843612611293793 -0.5122069120407104 0.967591404914856
0.5266584157943726 0.4858052134513855 -0.5784265398979187 0.9045303463935852
0.5554841160774231 0.47304368019104004 -0.4725393056869507 0.9635525941848755
0.5273030400276184 0.4771546423435211 -0.5453927516937256 0.8820227384567261
0.5565687417984009 0.49010106921195984 -0.4505433142185211 0.9513749480247498
0.5260711312294006 0.49799099564552307 -0.5247801542282104 0.8524571657180786
0.5907142758369446 0.7772107124328613 0.018285086378455162 0.9992464780807495
0.4973182678222656 0.7757137417793274 -0.018112067133188248 0.9981241822242737
0.6358552575111389 0.9684672951698303 -0.26687249541282654 0.8563815951347351
0.47375285625457764 0.9793007373809814 -0.21557728946208954 0.6322975158691406
0.6021541953086853 1.0317643880844116 0.17334434390068054 0.010248693637549877
0.4846135377883911 1.0668971538543701 0.18592266738414764 0.004687806125730276
0.5917762517929077 1.024367332458496 0.22280767560005188 0.020617114380002022
0.4857393205165863 1.0768183469772339 0.23025959730148315 0.005907696206122637
0.5900643467903137 1.1036094427108765 0.1916249841451645 0.009710896760225296
0.49292439222335815 1.1284294128417969 0.18633665144443512 0.004939356353133917
