0.5526456832885742 0.31678444147109985 -0.18378184735774994 0.9945874214172363
0.5584822297096252 0.3005390167236328 -0.1531176120042801 0.997992753982544
0.5624614953994751 0.30171841382980347 -0.15318246185779572 0.9969832301139832
0.5666273832321167 0.30304741859436035 -0.15340420603752136 0.9979586601257324
0.5425776243209839 0.2992252707481384 -0.15635785460472107 0.9977723956108093
0.5361472964286804 0.3000931739807129 -0.15635381639003754 0.9962796568870544
0.5304200649261475 0.3012876510620117 -0.15643709897994995 0.9973760843276978
0.571441650390625 0.3200021982192993 -0.009505988098680973 0.9982036352157593
0.5205700993537903 0.3235059380531311 -0.022053174674510956 0.9966599941253662
0.5622833371162415 0.3481283485889435 -0.1308523267507553 0.9987525939941406
0.5420872569084167 0.34431424736976624 -0.1348249316215515 0.9986724853515625
0.6084877252578735 0.47708383202552795 0.024637799710035324 0.9985544085502625
0.4816182255744934 0.47539058327674866 0.0021428531035780907 0.9956676959991455
0.6437393426895142 0.667977511882782 -0.1384071707725525 0.9439409971237183
0.44290393590927124 0.6580489277839661 -0.20585677027702332 0.9269850254058838
0.5600370764732361 0.5835795998573303 -0.36096855998039246 0.9197977781295776
0.5258318781852722 0.5806299448013306 -0.4209175705909729 0.9191327095031738
0.5483964085578918 0.5250852704048157 -0.4087003767490387 0.8189985156059265
0.5376419425010681 0.5296266674995422 -0.46115055680274963 0.7893816232681274
0.5505101084709167 0.4915942847728729 -0.3728088140487671 0.8053171038627625
0.5352733135223389 0.49966979026794434 -0.43265044689178467 0.7580349445343018
0.551264226436615 0.5103524923324585 -0.3502073585987091 0.7894904613494873
0.5343036651611328 0.5202449560165405 -0.41228821873664856 0.7332348823547363
0.5889776945114136 0.7719445824623108 0.01405053399503231 0.9995245933532715
0.4976470172405243 0.7748358845710754 -0.013799636624753475 0.9987620115280151
0.6333160400390625 0.9723146557807922 -0.18737660348415375 0.8506603240966797
0.4851456880569458 1.0180109739303589 -0.05322737991809845 0.6211146712303162
0.6028625965118408 1.0648232698440552 0.25392207503318787 0.012404726818203926
0.48919275403022766 1.1118683815002441 0.3329561650753021 0.006758765783160925
0.5935202240943909 1.0632548332214355 0.30303922295570374 0.02465316466987133
0.49170398712158203 1.1253911256790161 0.3754902184009552 0.006787433754652739
0.5958259105682373 1.1422532796859741 0.2681415379047394 0.010425602085888386
0.48896434903144836 1.183911681175232 0.3294002413749695 0.005756858270615339
