0.5515140891075134 0.31227177381515503 -0.13020260632038116 0.9978792667388916
0.5578383207321167 0.29663199186325073 -0.0999656692147255 0.9986972212791443
0.5618916749954224 0.29848259687423706 -0.10005802661180496 0.9986518025398254
0.5661424994468689 0.30044203996658325 -0.10022985190153122 0.9986530542373657
0.541759729385376 0.2947874069213867 -0.10192830115556717 0.9985748529434204
0.5356178283691406 0.29588669538497925 -0.10198602825403214 0.9984580278396606
0.5300261378288269 0.2974279522895813 -0.10208957642316818 0.9985411167144775
0.5725071430206299 0.31955552101135254 0.03809631988406181 0.9989726543426514
0.5201075077056885 0.3206073045730591 0.029947442933917046 0.9986051917076111
0.5610424280166626 0.34349381923675537 -0.07984055578708649 0.9986242055892944
0.5406703352928162 0.3397178649902344 -0.08241543173789978 0.998740017414093
0.6078998446464539 0.4749773442745209 0.0665152370929718 0.9990686774253845
0.48108938336372375 0.4773366153240204 0.0510135255753994 0.9978253841400146
0.6425574421882629 0.6668382287025452 -0.08926720917224884 0.9798563718795776
0.44378766417503357 0.660706102848053 -0.14459490776062012 0.9688767790794373
0.5593480467796326 0.5702979564666748 -0.29766181111335754 0.9722645282745361
0.5253300666809082 0.5764102935791016 -0.3535226285457611 0.9753639698028564
0.546707808971405 0.5224140882492065 -0.34217455983161926 0.9345486760139465
0.5366630554199219 0.5203280448913574 -0.39247778058052063 0.9212790727615356
0.5500012636184692 0.47784343361854553 -0.30647003650665283 0.9312455654144287
0.5339551568031311 0.48633942008018494 -0.3615274727344513 0.9093223810195923
0.551366925239563 0.49809208512306213 -0.28684380650520325 0.93182373046875
0.5330486297607422 0.5101611614227295 -0.3436887860298157 0.9085279107093811
0.5911241769790649 0.7797836065292358 0.015027737244963646 0.999862551689148
0.4982970952987671 0.7801441550254822 -0.01458581443876028 0.9996494054794312
0.6345863938331604 0.9844539165496826 -0.1328178197145462 0.8600178360939026
0.4913603961467743 1.0345487594604492 -0.01730959862470627 0.6844177842140198
0.6050544381141663 1.1234245300292969 0.30432775616645813 0.005074566695839167
0.4924167990684509 1.1543395519256592 0.3781695067882538 0.00407702662050724
0.5994566679000854 1.1301794052124023 0.35216766595840454 0.015191024169325829
0.492026150226593 1.1733720302581787 0.42112186551094055 0.005777692887932062
0.5974104404449463 1.2025152444839478 0.309710830450058 0.0033877415116876364
0.5003465414047241 1.2252036333084106 0.3668022155761719 0.0029637643601745367
