0.5503765344619751 0.3119659423828125 -0.11050105839967728 0.9990717172622681
0.557676374912262 0.2952120900154114 -0.07805841416120529 0.9994155168533325
0.561692476272583 0.29713624715805054 -0.07815701514482498 0.9994387030601501
0.5652403235435486 0.29961782693862915 -0.07837334275245667 0.9994826316833496
0.5416789650917053 0.2943398356437683 -0.07952798157930374 0.9992050528526306
0.5358054041862488 0.29538118839263916 -0.07955362647771835 0.999190628528595
0.5302123427391052 0.2966998815536499 -0.07964674383401871 0.9993070363998413
0.5723296999931335 0.3203541040420532 0.06359802186489105 0.9995529055595398
0.52130526304245 0.3188219666481018 0.05743067339062691 0.9993001222610474
0.5597657561302185 0.3424088954925537 -0.05921760946512222 0.9993213415145874
0.5377684831619263 0.34048300981521606 -0.06140785291790962 0.9992077946662903
0.6071701049804688 0.47628992795944214 0.0794484093785286 0.9993811845779419
0.48158013820648193 0.4772736728191376 0.07806108891963959 0.9980704188346863
0.6405302286148071 0.6674361228942871 -0.10581422597169876 0.9842660427093506
0.4479829967021942 0.6569820642471313 -0.14863723516464233 0.9703075885772705
0.5617841482162476 0.5605231523513794 -0.32877394556999207 0.9852858185768127
0.5206999778747559 0.5442948937416077 -0.3864539563655853 0.9927903413772583
0.5520471930503845 0.5046839714050293 -0.3759443163871765 0.9647314548492432
0.5289703607559204 0.4886598289012909 -0.4312390387058258 0.9746654033660889
0.5531237721443176 0.4863923192024231 -0.33384957909584045 0.9630975723266602
0.5281165242195129 0.47234317660331726 -0.39557674527168274 0.9697890281677246
0.5539714097976685 0.5008283853530884 -0.31618404388427734 0.9614991545677185
0.5270233154296875 0.49145767092704773 -0.37640464305877686 0.9677735567092896
0.5929081439971924 0.783664345741272 0.010714207775890827 0.9992572665214539
0.4986810088157654 0.7792516946792603 -0.01020768191665411 0.9987778067588806
0.6344527006149292 0.9812173247337341 -0.1996547430753708 0.7676198482513428
0.49333655834198 1.0172936916351318 -0.17968042194843292 0.6903559565544128
0.6134425401687622 1.171239972114563 0.2330382764339447 0.004256882704794407
0.49654874205589294 1.1960835456848145 0.174728661775589 0.006974922958761454
0.6088183522224426 1.1848130226135254 0.2773028314113617 0.009594266302883625
0.4963088035583496 1.2227593660354614 0.21135300397872925 0.00648827850818634
0.6052111387252808 1.2639594078063965 0.2023148536682129 0.0019799231085926294
0.5042943358421326 1.2753987312316895 0.10764656960964203 0.003327095415443182
