0.5538753867149353 0.3183364272117615 -0.3523326516151428 0.9961236119270325
0.5597912073135376 0.30054521560668945 -0.3252313435077667 0.997780978679657
0.5639755129814148 0.30203884840011597 -0.32529908418655396 0.9975749850273132
0.5686925649642944 0.3035241365432739 -0.3255001902580261 0.9974767565727234
0.5441604256629944 0.2992233633995056 -0.32877328991889954 0.9979372024536133
0.5375931262969971 0.30023443698883057 -0.32879990339279175 0.9977049231529236
0.5319610834121704 0.3017159104347229 -0.32896116375923157 0.9979404807090759
0.5740149021148682 0.3203403949737549 -0.180299311876297 0.997740626335144
0.5214459300041199 0.3217759132385254 -0.1961686611175537 0.9984556436538696
0.562525749206543 0.34830206632614136 -0.2979882061481476 0.9992048144340515
0.5421116352081299 0.34624308347702026 -0.3028101623058319 0.999453604221344
0.6108575463294983 0.47275352478027344 -0.12131595611572266 0.9985167384147644
0.4816846251487732 0.4748835861682892 -0.1412772387266159 0.9986300468444824
0.6451041102409363 0.6696593761444092 -0.28455808758735657 0.9646575450897217
0.4419029653072357 0.6584034562110901 -0.3427061438560486 0.9650963544845581
0.5666987299919128 0.6024484634399414 -0.5592796802520752 0.9485877156257629
0.5179280042648315 0.5967156887054443 -0.6054985523223877 0.954501211643219
0.551706075668335 0.5594799518585205 -0.6120694875717163 0.8976283669471741
0.5326754450798035 0.5581213235855103 -0.6545765399932861 0.8925144076347351
0.5523411631584167 0.5338345170021057 -0.581974446773529 0.8934913873672485
0.5331929922103882 0.5324203968048096 -0.6260655522346497 0.8797177076339722
0.5543940663337708 0.5443493127822876 -0.5510636568069458 0.8660059571266174
0.5309757590293884 0.5429873466491699 -0.5970925688743591 0.8536462783813477
0.5906010866165161 0.7777140140533447 0.01363740861415863 0.9935802221298218
0.49752095341682434 0.7738423347473145 -0.013391413725912571 0.9942890405654907
0.6333332061767578 0.9709979891777039 -0.21523769199848175 0.6603714227676392
0.4803614318370819 0.9984187483787537 -0.21264418959617615 0.5793315768241882
0.614136278629303 1.0871092081069946 0.23082521557807922 0.009510884061455727
0.4872507154941559 1.1334095001220703 0.15986548364162445 0.011084086261689663
0.608483612537384 1.0866780281066895 0.2765290439128876 0.016485940665006638
0.4901028871536255 1.1499156951904297 0.19837895035743713 0.010753381997346878
0.6065008044242859 1.172062873840332 0.22716614603996277 0.005746395792812109
0.4900076985359192 1.212641716003418 0.12378017604351044 0.007137529086321592
