0.5458007454872131 0.37387511134147644 -0.3432113230228424 0.9999884366989136
0.5526983141899109 0.34666478633880615 -0.31643685698509216 0.9999939203262329
0.557200014591217 0.3463849425315857 -0.31655314564704895 0.9999924898147583
0.562502920627594 0.34635066986083984 -0.3168094754219055 0.9999924898147583
0.5346112847328186 0.3458576798439026 -0.32390502095222473 0.9999918937683105
0.5263805985450745 0.3457701802253723 -0.3238511383533478 0.9999884366989136
0.5195544362068176 0.3465886116027832 -0.323856920003891 0.9999887943267822
0.5665876269340515 0.3578893542289734 -0.14761419594287872 0.999995231628418
0.5099732875823975 0.3622282147407532 -0.18419553339481354 0.9999938011169434
0.5527095794677734 0.40600767731666565 -0.2781601846218109 0.9999979734420776
0.5327017307281494 0.4065631628036499 -0.28900831937789917 0.9999977350234985
0.6010428071022034 0.5013387203216553 -0.04910014942288399 0.9999576807022095
0.4656558632850647 0.49728766083717346 -0.0951828882098198 0.9998773336410522
0.6511363983154297 0.6722909212112427 -0.2012796401977539 0.9840646386146545
0.4256522059440613 0.6743243932723999 -0.27630487084388733 0.9838050007820129
0.6206494569778442 0.5930036306381226 -0.5589133501052856 0.9853046536445618
0.45929643511772156 0.6030095815658569 -0.6063617467880249 0.9926086068153381
0.6073941588401794 0.5765490531921387 -0.6259503960609436 0.9703698754310608
0.47412845492362976 0.5799281597137451 -0.6655706763267517 0.982956051826477
0.602458655834198 0.5487402677536011 -0.6089109778404236 0.969900369644165
0.4743189811706543 0.5500878095626831 -0.6533414721488953 0.9810973405838013
0.6015432476997375 0.5524197220802307 -0.5583861470222473 0.9541269540786743
0.474812775850296 0.5526553392410278 -0.6062608957290649 0.9731671214103699
0.5913763642311096 0.8118683695793152 0.019565682858228683 0.9980171918869019
0.4927203357219696 0.8265685439109802 -0.019507134333252907 0.9960082769393921
0.6793230772018433 0.9736918210983276 -0.25051477551460266 0.9746764898300171
0.45153123140335083 1.0408384799957275 -0.2163737416267395 0.9430504441261292
0.6320470571517944 1.1101489067077637 0.17427553236484528 0.36064720153808594
0.5090621709823608 1.1235283613204956 0.23043595254421234 0.1245790645480156
0.6138419508934021 1.114793300628662 0.21786466240882874 0.32116034626960754
0.5211378931999207 1.1218138933181763 0.27735546231269836 0.1052209734916687
0.6414881348609924 1.2098345756530762 0.1461411565542221 0.19237883388996124
0.5174127817153931 1.2049949169158936 0.20902694761753082 0.04720405489206314
