0.5413044691085815 0.37862998247146606 -0.5122718214988708 0.9998217225074768
0.550354540348053 0.35007333755493164 -0.49040454626083374 0.9998791217803955
0.5546687841415405 0.3496261239051819 -0.49044713377952576 0.9998816251754761
0.5586336255073547 0.3495498299598694 -0.49069252610206604 0.9998821020126343
0.5311580896377563 0.34927845001220703 -0.49338826537132263 0.999821126461029
0.5237118601799011 0.3489862084388733 -0.4933953583240509 0.9997707009315491
0.5175172090530396 0.34882426261901855 -0.4934510588645935 0.9997269511222839
0.5655771493911743 0.3594813942909241 -0.332267165184021 0.9999209642410278
0.5088497400283813 0.3583810329437256 -0.3444026708602905 0.9997833371162415
0.5499953031539917 0.40711018443107605 -0.45008495450019836 0.9999572038650513
0.5294308066368103 0.40544286370277405 -0.4538995623588562 0.9999289512634277
0.6010798215866089 0.4826931357383728 -0.2495191991329193 0.9998444318771362
0.46572044491767883 0.48437026143074036 -0.2728499174118042 0.9992382526397705
0.6372078061103821 0.6720731258392334 -0.4748922288417816 0.9976370334625244
0.4397258460521698 0.6624079346656799 -0.5298582911491394 0.9904316067695618
0.5903263688087463 0.5116027593612671 -0.7744397521018982 0.9979158043861389
0.49965915083885193 0.49929311871528625 -0.8227574825286865 0.9943349361419678
0.5757499933242798 0.47484493255615234 -0.831571638584137 0.993331253528595
0.5120847821235657 0.459388792514801 -0.8788675665855408 0.9830213785171509
0.576303243637085 0.45417094230651855 -0.7983367443084717 0.9923352599143982
0.512735903263092 0.4414016604423523 -0.8459899425506592 0.9783828854560852
0.577496349811554 0.4671555757522583 -0.76563960313797 0.9866337776184082
0.5094489455223083 0.4529315233230591 -0.8145818710327148 0.9668214321136475
0.5913633108139038 0.8066713809967041 0.01608355902135372 0.9937300682067871
0.4907190501689911 0.8186320662498474 -0.01594385877251625 0.9889695644378662
0.6795707941055298 0.9728384613990784 -0.25909122824668884 0.9703800082206726
0.42278391122817993 1.0055532455444336 -0.23818084597587585 0.9015571475028992
0.613577127456665 1.0299078226089478 0.11623045802116394 0.21753118932247162
0.49497872591018677 1.0316247940063477 0.14990584552288055 0.06963050365447998
0.5969115495681763 1.0205156803131104 0.15653575956821442 0.19926764070987701
0.5044147968292236 1.025781273841858 0.1917247474193573 0.07265408337116241
0.6034579873085022 1.1139941215515137 0.10865692794322968 0.12165998667478561
0.5086057782173157 1.0741262435913086 0.1418837606906891 0.03603683039546013
