0.5437294244766235 0.3753107786178589 -0.5591251254081726 0.9999382495880127
0.5529607534408569 0.34707915782928467 -0.5347995162010193 0.9999610185623169
0.5576807260513306 0.3468918204307556 -0.5349111557006836 0.9999648332595825
0.5634657144546509 0.34682029485702515 -0.535172164440155 0.9999520778656006
0.533585786819458 0.3446277976036072 -0.5384588837623596 0.9999396800994873
0.5257229804992676 0.34360140562057495 -0.538523256778717 0.9999352693557739
0.5189878344535828 0.3436148762702942 -0.5385987162590027 0.999910831451416
0.5685306191444397 0.3563937544822693 -0.3547361493110657 0.9999721050262451
0.5099266171455383 0.3554096817970276 -0.37574130296707153 0.9999512434005737
0.5510762333869934 0.4063291847705841 -0.4891052544116974 0.9999879598617554
0.5304335355758667 0.40591514110565186 -0.4956285059452057 0.9999866485595703
0.6088074445724487 0.5054580569267273 -0.22349900007247925 0.9999052286148071
0.46280673146247864 0.4959845542907715 -0.24091224372386932 0.9997302889823914
0.6389785408973694 0.6948187351226807 -0.39590999484062195 0.9856159687042236
0.42446058988571167 0.6823397874832153 -0.4399433434009552 0.9823926687240601
0.6365905404090881 0.6321806907653809 -0.7860004901885986 0.9895052313804626
0.45811721682548523 0.6212127208709717 -0.8163467645645142 0.9887722134590149
0.6307463049888611 0.5932531356811523 -0.8575342297554016 0.9790837168693542
0.4721720516681671 0.5895889401435852 -0.8792102932929993 0.9739623069763184
0.6314371824264526 0.563618540763855 -0.8425873517990112 0.9785234928131104
0.47148510813713074 0.5594257116317749 -0.864281415939331 0.9704378247261047
0.6284176111221313 0.5710903406143188 -0.7860586047172546 0.9613487720489502
0.4726707339286804 0.5630804300308228 -0.815687358379364 0.9544677734375
0.591195821762085 0.811916708946228 0.012031403370201588 0.9892650842666626
0.4895229935646057 0.8322556614875793 -0.011914979666471481 0.9814374446868896
0.6801847219467163 0.9625772833824158 -0.27748969197273254 0.9565972685813904
0.44768306612968445 1.0565928220748901 -0.2231970727443695 0.9220893979072571
0.6501150131225586 1.144965648651123 0.1433253437280655 0.3809749484062195
0.4888879656791687 1.15708589553833 0.21300123631954193 0.16119970381259918
0.6327220797538757 1.1610190868377686 0.18185992538928986 0.3142622411251068
0.4986131489276886 1.1643515825271606 0.2544035315513611 0.13120271265506744
0.6678908467292786 1.251461148262024 0.06525835394859314 0.17254738509655
0.4925128221511841 1.236046552658081 0.14076462388038635 0.05397499352693558
