0.5444735288619995 0.3734362721443176 -0.6146243214607239 0.999961256980896
0.5512966513633728 0.347500741481781 -0.5921832323074341 0.999963641166687
0.5554971694946289 0.34766459465026855 -0.5922483205795288 0.9999700784683228
0.5602393746376038 0.3482258915901184 -0.5924902558326721 0.9999468326568604
0.5335120558738708 0.34678077697753906 -0.594833493232727 0.9999629259109497
0.5262783169746399 0.3464656472206116 -0.5949509143829346 0.9999700784683228
0.5198191404342651 0.3469041585922241 -0.5950202941894531 0.9999579191207886
0.5644352436065674 0.35786348581314087 -0.4258102476596832 0.9999669790267944
0.5108992457389832 0.3590068221092224 -0.43983572721481323 0.9999819993972778
0.5519947409629822 0.40241214632987976 -0.5504873394966125 0.9999896287918091
0.5323627591133118 0.40384945273399353 -0.5547122955322266 0.9999934434890747
0.6057242155075073 0.5058267712593079 -0.3012699782848358 0.9998255372047424
0.4643290340900421 0.5036024451255798 -0.30972957611083984 0.9998856782913208
0.6421087980270386 0.6969113945960999 -0.44352251291275024 0.9699236750602722
0.43082720041275024 0.6859888434410095 -0.47297653555870056 0.9913660287857056
0.6420062780380249 0.6848798394203186 -0.7997161746025085 0.9539188742637634
0.44291239976882935 0.6908689141273499 -0.8228276371955872 0.9825390577316284
0.6461637616157532 0.6848817467689514 -0.8727215528488159 0.9316713809967041
0.45300230383872986 0.6947223544120789 -0.8866907954216003 0.9692209362983704
0.6446654200553894 0.6627718806266785 -0.8727379441261292 0.9285849332809448
0.4545232355594635 0.6572700142860413 -0.8865934014320374 0.9662541747093201
0.6394227147102356 0.6597110629081726 -0.8066033124923706 0.8785557746887207
0.45404303073883057 0.6522734761238098 -0.828002393245697 0.9426818490028381
0.5927557349205017 0.7984733581542969 0.004081227816641331 0.9814820289611816
0.4939546287059784 0.8156784772872925 -0.0039290981367230415 0.9817620515823364
0.6725176572799683 0.9470271468162537 -0.3736107647418976 0.9460790753364563
0.4319319725036621 0.9938610792160034 -0.309516966342926 0.9039482474327087
0.6387606859207153 1.1120330095291138 -0.007909368723630905 0.42543119192123413
0.48056861758232117 1.1205298900604248 0.06904969364404678 0.21240995824337006
0.6209756731987 1.1321070194244385 0.02244565635919571 0.3739301264286041
0.4904980957508087 1.1360996961593628 0.1016993522644043 0.16814309358596802
0.6593931913375854 1.220034122467041 -0.10276448726654053 0.22005093097686768
0.47623521089553833 1.1949163675308228 -0.018181752413511276 0.08231250941753387
