0.5449888110160828 0.3744751811027527 -0.4322871267795563 0.9999880790710449
0.5516251921653748 0.34939128160476685 -0.4107489585876465 0.9999895095825195
0.5556116104125977 0.3493856191635132 -0.41085609793663025 0.9999905824661255
0.5602031350135803 0.3497036099433899 -0.4111061692237854 0.999987006187439
0.5345293283462524 0.3482202887535095 -0.41352301836013794 0.9999868869781494
0.527458131313324 0.3478248715400696 -0.41355499625205994 0.9999867677688599
0.5209136009216309 0.34833770990371704 -0.41364341974258423 0.9999831914901733
0.5638967156410217 0.35893094539642334 -0.25365954637527466 0.9999935626983643
0.5114193558692932 0.3605612516403198 -0.26914530992507935 0.9999926090240479
0.552374005317688 0.4041997790336609 -0.37099120020866394 0.9999966621398926
0.5333818793296814 0.40595823526382446 -0.37556320428848267 0.9999977350234985
0.6057035326957703 0.5112442970275879 -0.14262905716896057 0.9999459981918335
0.4626496136188507 0.5030778646469116 -0.1456478387117386 0.9999210834503174
0.6374021172523499 0.7137312889099121 -0.21932227909564972 0.972834050655365
0.43270185589790344 0.6932961940765381 -0.2696872651576996 0.9861786365509033
0.6454080939292908 0.6960548162460327 -0.5388770699501038 0.9819127321243286
0.4393315613269806 0.7073725461959839 -0.6064594984054565 0.9884867668151855
0.6576853394508362 0.7072587609291077 -0.6076784133911133 0.9696812629699707
0.4446873068809509 0.7173562049865723 -0.6648668646812439 0.9799118638038635
0.6581748723983765 0.6814770698547363 -0.62055903673172 0.9724823236465454
0.44849464297294617 0.6786704063415527 -0.6773622035980225 0.9806226491928101
0.6504549384117126 0.6750251650810242 -0.5503777861595154 0.9597222805023193
0.44891175627708435 0.6705976128578186 -0.6166834235191345 0.9730048775672913
0.5896568298339844 0.8111301064491272 0.0035615982487797737 0.9872775673866272
0.48877057433128357 0.8229478597640991 -0.0030999332666397095 0.9865025281906128
0.6697036623954773 0.9606487154960632 -0.4201395809650421 0.9694097638130188
0.4522170424461365 1.041835069656372 -0.2645552456378937 0.9569184184074402
0.6193363666534424 1.2162431478500366 -0.1555311232805252 0.5124875903129578
0.4816245436668396 1.2621784210205078 -0.008969724178314209 0.45570337772369385
0.6041473746299744 1.2456319332122803 -0.1354464590549469 0.5303727388381958
0.49143752455711365 1.2943965196609497 0.009658600203692913 0.293592631816864
0.6324079036712646 1.3160289525985718 -0.28140339255332947 0.29514697194099426
0.476203590631485 1.352310299873352 -0.13865214586257935 0.16743089258670807
