0.5389539003372192 0.3565365672111511 -0.5502026677131653 0.999991774559021
0.5480538010597229 0.33421653509140015 -0.5226882100105286 0.9999698400497437
0.5526079535484314 0.334647536277771 -0.5227882266044617 0.9999895095825195
0.5566188097000122 0.3359152674674988 -0.5229687094688416 0.9999727010726929
0.5303918123245239 0.33383363485336304 -0.5254594683647156 0.9999450445175171
0.5245359539985657 0.3342512249946594 -0.5255953669548035 0.9999735355377197
0.5188850164413452 0.3354766368865967 -0.5257322192192078 0.9999222755432129
0.5636519193649292 0.3492569923400879 -0.3421175181865692 0.9999868869781494
0.5108993649482727 0.34941500425338745 -0.3586704432964325 0.9999876022338867
0.5488086342811584 0.3860503137111664 -0.48103567957878113 0.9999946355819702
0.5278751850128174 0.38659700751304626 -0.48646560311317444 0.9999951124191284
0.6063156127929688 0.49909892678260803 -0.20969067513942719 0.9999942779541016
0.46078386902809143 0.4970264434814453 -0.1839350312948227 0.999951958656311
0.6346099972724915 0.7141919136047363 -0.3717907965183258 0.9995408058166504
0.4320705235004425 0.6976245045661926 -0.09749679267406464 0.9947801828384399
0.6335163712501526 0.5554841756820679 -0.7353466153144836 0.9992625117301941
0.41530758142471313 0.878655731678009 -0.2026471048593521 0.9855177402496338
0.6279348731040955 0.5161997079849243 -0.8075005412101746 0.9972820281982422
0.40203994512557983 0.9415285587310791 -0.2193915694952011 0.9606475830078125
0.6271094083786011 0.49010059237480164 -0.7877987623214722 0.9973701238632202
0.4116046130657196 0.9497807025909424 -0.2577696442604065 0.9661256074905396
0.6258032917976379 0.5070312023162842 -0.7337431311607361 0.9960861206054688
0.4194403290748596 0.9304426908493042 -0.21637210249900818 0.9664266109466553
0.5852764844894409 0.813567042350769 0.004592949524521828 0.9992861151695251
0.4877457320690155 0.8207117915153503 -0.0037962670903652906 0.9979889392852783
0.6321749091148376 1.009293556213379 -0.31847620010375977 0.7790013551712036
0.49076715111732483 1.0711207389831543 -0.25349166989326477 0.7351911067962646
0.6110728979110718 1.2958741188049316 0.10895375907421112 0.00978135410696268
0.5003436207771301 1.3014483451843262 0.07475633174180984 0.021993029862642288
0.609717607498169 1.3314638137817383 0.14473602175712585 0.031214173883199692
0.49734973907470703 1.341289758682251 0.09973254799842834 0.04158816486597061
0.6021967530250549 1.392577886581421 -0.030804982408881187 0.004615360405296087
0.5200344324111938 1.3861467838287354 -0.1021084263920784 0.011442089453339577
