0.5418357849121094 0.35930293798446655 -0.4356197118759155 0.9999736547470093
0.5484058260917664 0.33917540311813354 -0.40556153655052185 0.999935507774353
0.5523151755332947 0.3404191732406616 -0.40562212467193604 0.9999508857727051
0.5563095211982727 0.3418705463409424 -0.40581169724464417 0.9999287128448486
0.5336192846298218 0.33649712800979614 -0.4144620895385742 0.9999306201934814
0.5269837379455566 0.3360738158226013 -0.4144734740257263 0.9999346733093262
0.5212477445602417 0.33626991510391235 -0.41460272669792175 0.9998977184295654
0.5612610578536987 0.35498368740081787 -0.23021367192268372 0.9999477863311768
0.5098267793655396 0.35010361671447754 -0.27417418360710144 0.999974250793457
0.5486466884613037 0.3895254135131836 -0.3694482743740082 0.9999909400939941
0.5287614464759827 0.3852761685848236 -0.3826468288898468 0.9999942779541016
0.5917389392852783 0.496787965297699 -0.14357031881809235 0.9999809265136719
0.4570102095603943 0.5008432865142822 -0.15091140568256378 0.9999306201934814
0.6394361853599548 0.6220022439956665 -0.3514329195022583 0.998188316822052
0.4323273301124573 0.6994425058364868 -0.12190224975347519 0.980424702167511
0.6013538837432861 0.4049724340438843 -0.6991017460823059 0.9970468878746033
0.41481727361679077 0.8830569386482239 -0.23347561061382294 0.939479649066925
0.599783718585968 0.35578304529190063 -0.7723850011825562 0.9870805144309998
0.4007502794265747 0.9454979300498962 -0.25082796812057495 0.8728235960006714
0.5958843231201172 0.3531320095062256 -0.737027108669281 0.9861802458763123
0.41155144572257996 0.9547963738441467 -0.2877364754676819 0.8856725692749023
0.5920628309249878 0.37006962299346924 -0.6926856637001038 0.9779314398765564
0.42004480957984924 0.9352170825004578 -0.2470371127128601 0.8707523941993713
0.5814042687416077 0.8129610419273376 0.008153705857694149 0.9990113973617554
0.4875188171863556 0.827377200126648 -0.00782630406320095 0.997197151184082
0.6378875970840454 0.9952855110168457 -0.41713154315948486 0.8895265460014343
0.4830262064933777 1.0651729106903076 -0.2639314532279968 0.7290732860565186
0.5987510681152344 1.2058277130126953 -0.04849008843302727 0.1191176101565361
0.5101653933525085 1.2421250343322754 0.1068054661154747 0.054357413202524185
0.5894071459770203 1.2289402484893799 -0.015315654687583447 0.201026052236557
0.5138469338417053 1.2650582790374756 0.1386341154575348 0.06840663403272629
0.5988813042640686 1.300661325454712 -0.15888628363609314 0.09496580809354782
0.5212214589118958 1.3301608562469482 -0.003929554019123316 0.0335964560508728
