0.5471241474151611 0.36004239320755005 -0.31329208612442017 0.9999949932098389
0.5533323287963867 0.3380957245826721 -0.28246772289276123 0.9999873638153076
0.5578790307044983 0.3386075496673584 -0.282577782869339 0.9999934434890747
0.5617355704307556 0.33921146392822266 -0.28275272250175476 0.9999886751174927
0.538615882396698 0.3367729187011719 -0.2923048436641693 0.9999842643737793
0.5319709777832031 0.3367612361907959 -0.292265385389328 0.9999892711639404
0.5247222185134888 0.33704066276550293 -0.29237180948257446 0.9999804496765137
0.5637292265892029 0.3498428463935852 -0.11038525402545929 0.9999951124191284
0.5106716752052307 0.3486095070838928 -0.15969209372997284 0.9999967813491821
0.55281662940979 0.38966137170791626 -0.24802206456661224 0.9999964237213135
0.5361265540122986 0.39034461975097656 -0.26259204745292664 0.999997615814209
0.5932114720344543 0.4909456670284271 -0.034262463450431824 0.9999954700469971
0.4598565697669983 0.495687872171402 -0.03482448682188988 0.9999719858169556
0.6403573751449585 0.5881146192550659 -0.21469469368457794 0.9995424747467041
0.43106067180633545 0.6934242844581604 0.0163909662514925 0.9924678206443787
0.6200125813484192 0.37023305892944336 -0.5130727291107178 0.9989790916442871
0.4194587767124176 0.8699241280555725 -0.06212219223380089 0.9723930358886719
0.6165825128555298 0.30898863077163696 -0.5822573900222778 0.9958881735801697
0.40467435121536255 0.9364280104637146 -0.07593849301338196 0.9382566213607788
0.6133242845535278 0.30265700817108154 -0.5467813611030579 0.9958239793777466
0.4165724515914917 0.9429492950439453 -0.11248285323381424 0.9444538354873657
0.6090189814567566 0.3238031268119812 -0.5070905685424805 0.9938887357711792
0.42451345920562744 0.9266806244850159 -0.07552620023488998 0.9428885579109192
0.5811315178871155 0.8082515001296997 0.004165262915194035 0.9991779923439026
0.4851668179035187 0.8188257217407227 -0.0035696206614375114 0.9981040954589844
0.6400229930877686 0.9996673464775085 -0.3558446764945984 0.935636043548584
0.4809645116329193 1.0538650751113892 -0.3244413435459137 0.8822596073150635
0.604240357875824 1.2449384927749634 -0.02231581136584282 0.12049204856157303
0.5076728463172913 1.2790098190307617 -0.05287080258131027 0.09141363948583603
0.5982717275619507 1.2681559324264526 0.008387623354792595 0.21503782272338867
0.5086230039596558 1.3054306507110596 -0.02926795557141304 0.1811216026544571
0.595699667930603 1.3393996953964233 -0.12760715186595917 0.04929516837000847
0.5257098078727722 1.3676881790161133 -0.1820140779018402 0.033448949456214905
