0.5367332696914673 0.3484196066856384 -0.36985859274864197 0.9997897744178772
0.5454642176628113 0.33109045028686523 -0.33841606974601746 0.9996364116668701
0.5500308275222778 0.3317793011665344 -0.338591992855072 0.9997667670249939
0.5536377429962158 0.3326295018196106 -0.33879584074020386 0.999698281288147
0.5282071232795715 0.3297104239463806 -0.34346088767051697 0.9996188879013062
0.5218505859375 0.3301955461502075 -0.3435889184474945 0.9997346997261047
0.5162106156349182 0.33114081621170044 -0.34383997321128845 0.9996815919876099
0.5604028701782227 0.34535062313079834 -0.16508784890174866 0.9997145533561707
0.5070716142654419 0.346953809261322 -0.18783360719680786 0.9998437166213989
0.5469443798065186 0.37711864709854126 -0.3051184117794037 0.9998995065689087
0.5244916677474976 0.37594491243362427 -0.3122926354408264 0.9999260902404785
0.6046748757362366 0.507285475730896 -0.0756015032529831 0.9998376369476318
0.4568708837032318 0.5032217502593994 -0.08600691705942154 0.999808132648468
0.6433888077735901 0.7094941735267639 -0.27102893590927124 0.9858858585357666
0.42984139919281006 0.7077699303627014 -0.05405028909444809 0.9393879175186157
0.6200631260871887 0.573120653629303 -0.6352401971817017 0.9048621654510498
0.4148039221763611 0.8881222009658813 -0.16375470161437988 0.6598151922225952
0.6088548302650452 0.583048939704895 -0.7011168599128723 0.797475278377533
0.39980077743530273 0.9499952793121338 -0.19348947703838348 0.5010579824447632
0.607451319694519 0.5569844245910645 -0.6794556379318237 0.8011559247970581
0.4117031395435333 0.9551662802696228 -0.2235817313194275 0.5380622744560242
0.6093980073928833 0.5487505197525024 -0.6350679397583008 0.7536879777908325
0.4201839566230774 0.9405561089515686 -0.17733782529830933 0.5436447858810425
0.5846681594848633 0.8266239166259766 0.013115392066538334 0.985872209072113
0.48565873503685 0.8322063684463501 -0.012593141756951809 0.9846300482749939
0.6368269324302673 1.027793049812317 -0.2379765808582306 0.49602705240249634
0.491935133934021 0.9967831969261169 -0.30696365237236023 0.5069401860237122
0.6248331069946289 1.2861145734786987 0.1487240344285965 0.018734605982899666
0.5047318935394287 1.3015451431274414 -0.026729637756943703 0.07197663933038712
0.6221919655799866 1.3104585409164429 0.1813843548297882 0.038662925362586975
0.5036547780036926 1.3367650508880615 -0.0038704269099980593 0.08147572726011276
0.6188414096832275 1.3892346620559692 0.02111176960170269 0.012480705045163631
0.5186861753463745 1.3920493125915527 -0.2021941840648651 0.04868127778172493
