0.5453973412513733 0.3476935029029846 -0.22200752794742584 0.9998385906219482
0.5532137751579285 0.3267081081867218 -0.19723470509052277 0.9997825026512146
0.5580525994300842 0.32671475410461426 -0.1973036676645279 0.9998675584793091
0.5627728700637817 0.32690688967704773 -0.1973935067653656 0.999750554561615
0.5363237261772156 0.3287406861782074 -0.19843898713588715 0.9996703863143921
0.5298224687576294 0.3300902545452118 -0.19865629076957703 0.9997825026512146
0.5244829058647156 0.3317275941371918 -0.19876249134540558 0.999603807926178
0.5730680823326111 0.3413638174533844 -0.05742279067635536 0.9999188184738159
0.5168108344078064 0.3480997085571289 -0.06213829666376114 0.9998660087585449
0.5566688776016235 0.3761895000934601 -0.16855962574481964 0.999767005443573
0.5344065427780151 0.37855198979377747 -0.17029570043087006 0.9996188879013062
0.6114892959594727 0.4828978478908539 -0.010763159953057766 0.9997970461845398
0.484276682138443 0.4872041344642639 -0.01702423207461834 0.9994300007820129
0.6375941038131714 0.6460001468658447 -0.22109387814998627 0.9993402361869812
0.47072505950927734 0.6711992025375366 -0.2174498289823532 0.9946421384811401
0.6041157245635986 0.4862390458583832 -0.49023866653442383 0.9994401335716248
0.5084298253059387 0.5759150981903076 -0.4877885580062866 0.9989044666290283
0.5883888006210327 0.43931344151496887 -0.5443042516708374 0.9985301494598389
0.513621985912323 0.5352994203567505 -0.5342342257499695 0.9964176416397095
0.58913654088974 0.4173383116722107 -0.5103437304496765 0.9984533786773682
0.5097846388816833 0.5137814879417419 -0.5142873525619507 0.9960588216781616
0.5898080468177795 0.43082281947135925 -0.48224589228630066 0.9986920952796936
0.5109118223190308 0.5228660106658936 -0.4847138524055481 0.9966917037963867
0.604598879814148 0.7905190587043762 0.0055230651050806046 0.9999725818634033
0.5089756846427917 0.7960206270217896 -0.004941008985042572 0.9999617338180542
0.6179389953613281 1.0359418392181396 -0.08522124588489532 0.7889039516448975
0.5096079111099243 1.053818941116333 -0.10099126398563385 0.7852819561958313
0.6196211576461792 1.1718833446502686 0.36667710542678833 0.0004872761492151767
0.5000960826873779 1.1907340288162231 0.32603833079338074 0.0006886060582473874
0.6211210489273071 1.193683385848999 0.41291332244873047 0.002945125102996826
0.49866384267807007 1.215535283088684 0.3703743815422058 0.002145371399819851
0.616115927696228 1.250152349472046 0.35656797885894775 0.00023874285398051143
0.5041371583938599 1.2636728286743164 0.2972269356250763 0.00046758828102611005
