0.5479590892791748 0.3493102788925171 -0.24859683215618134 0.9998216032981873
0.5554279685020447 0.3297812044620514 -0.22421392798423767 0.9997084736824036
0.5606757402420044 0.3307536542415619 -0.2242986559867859 0.9998242259025574
0.564581036567688 0.33201247453689575 -0.22441472113132477 0.9996917247772217
0.5385938286781311 0.3284550607204437 -0.2277466207742691 0.9995653033256531
0.5322743654251099 0.3293282091617584 -0.22797611355781555 0.9996973276138306
0.5270370841026306 0.3308204114437103 -0.22809454798698425 0.9994747042655945
0.5727593302726746 0.3461091220378876 -0.08494783937931061 0.9999032020568848
0.5174649357795715 0.34675803780555725 -0.1012628823518753 0.9998517036437988
0.5589010119438171 0.3761233985424042 -0.19481103122234344 0.9998247027397156
0.5363909006118774 0.3760840892791748 -0.20001673698425293 0.9997578263282776
0.6098372340202332 0.4810012876987457 -0.029819833114743233 0.9997561573982239
0.4833201766014099 0.4913182556629181 -0.03506668657064438 0.9991065859794617
0.6353933215141296 0.635374903678894 -0.22853651642799377 0.9990944862365723
0.47771087288856506 0.6818975806236267 -0.18943992257118225 0.9861422181129456
0.6019105315208435 0.47238975763320923 -0.4868999421596527 0.9990687966346741
0.5053409934043884 0.6065260171890259 -0.4383015036582947 0.9954361319541931
0.5862457156181335 0.4255579710006714 -0.5372940301895142 0.9969772100448608
0.5075300931930542 0.5672203302383423 -0.48263999819755554 0.9868582487106323
0.5860341191291809 0.4067230224609375 -0.5039280652999878 0.9966482520103455
0.504087507724762 0.5421898365020752 -0.4665248692035675 0.9858070611953735
0.5887233018875122 0.41966521739959717 -0.4783725440502167 0.9968094229698181
0.5056519508361816 0.5514522790908813 -0.43657970428466797 0.986624002456665
0.6022626161575317 0.7789587378501892 0.006415882613509893 0.9997487664222717
0.5094452500343323 0.7896469235420227 -0.005735455080866814 0.999739944934845
0.6223248839378357 1.0143215656280518 -0.07855761051177979 0.7849242687225342
0.5025166273117065 0.9845215678215027 -0.14841563999652863 0.7972314953804016
0.6137188673019409 1.1635924577713013 0.3430340588092804 0.0016148269642144442
0.5080760717391968 1.1913251876831055 0.23483388125896454 0.006102390121668577
0.6130067110061646 1.1887747049331665 0.3830670714378357 0.009053535759449005
0.5089428424835205 1.2204221487045288 0.27091172337532043 0.011622844263911247
0.6082178354263306 1.2460095882415771 0.29189565777778625 0.001061385264620185
0.5152118802070618 1.2696665525436401 0.14960233867168427 0.004218533169478178
