0.5506373643875122 0.3426284193992615 -0.31510815024375916 0.9998779296875
0.559864342212677 0.3220142126083374 -0.29099103808403015 0.9996906518936157
0.5652063488960266 0.3226555585861206 -0.2910747230052948 0.9998587369918823
0.569851279258728 0.32318753004074097 -0.2911587059497833 0.9995750784873962
0.5408099889755249 0.32167619466781616 -0.2958887815475464 0.9996341466903687
0.5345473885536194 0.32252371311187744 -0.2961099445819855 0.9998241066932678
0.53041011095047 0.32321012020111084 -0.29625633358955383 0.9995275735855103
0.5791296362876892 0.3396412432193756 -0.14507775008678436 0.9998866319656372
0.521996021270752 0.3412582576274872 -0.17027758061885834 0.9999428987503052
0.5619470477104187 0.37313422560691833 -0.2586495578289032 0.9997915625572205
0.5386225581169128 0.37102046608924866 -0.2663181722164154 0.9998384714126587
0.6126665472984314 0.47900259494781494 -0.07809840142726898 0.9993976354598999
0.48282498121261597 0.4869484305381775 -0.10013217478990555 0.9993141889572144
0.6368517279624939 0.6370148658752441 -0.2787186801433563 0.9993348717689514
0.478426992893219 0.679117739200592 -0.24632354080677032 0.9864712357521057
0.5990236401557922 0.46455568075180054 -0.5563862919807434 0.9992990493774414
0.511060893535614 0.6620131134986877 -0.5095945000648499 0.9957138299942017
0.5879460573196411 0.40503770112991333 -0.6177690625190735 0.9982789754867554
0.5170700550079346 0.6579359173774719 -0.5567732453346252 0.9905810952186584
0.5914320349693298 0.3847240209579468 -0.5845509171485901 0.9981794357299805
0.5162068009376526 0.6284201741218567 -0.549611508846283 0.9905881881713867
0.5925924777984619 0.4089699983596802 -0.5494966506958008 0.9984394907951355
0.516294002532959 0.6261752247810364 -0.5107135772705078 0.9921801090240479
0.6023982167243958 0.7824692130088806 0.010580779984593391 0.9998852014541626
0.5057900547981262 0.7926879525184631 -0.009944495745003223 0.9998770952224731
0.6072286367416382 1.0582025051116943 -0.013596604578197002 0.777610182762146
0.5043637752532959 1.0216069221496582 -0.09797759354114532 0.7899296879768372
0.6164787411689758 1.2359631061553955 0.4296192526817322 0.0009033835376612842
0.5015254020690918 1.2491559982299805 0.33308276534080505 0.0018976035062223673
0.6199347376823425 1.268729567527771 0.4703863263130188 0.004979124292731285
0.4995148479938507 1.2830151319503784 0.3730570077896118 0.0050980402156710625
0.6102721691131592 1.3208709955215454 0.3709064722061157 0.0003451607481110841
0.5086714625358582 1.3246502876281738 0.24826139211654663 0.0010426774388179183
