0.5475903153419495 0.35978150367736816 -0.27232417464256287 0.9999572038650513
0.553063690662384 0.33918607234954834 -0.24147272109985352 0.9999622106552124
0.5564932227134705 0.3397268056869507 -0.2416350394487381 0.9999699592590332
0.560603678226471 0.34035611152648926 -0.24192160367965698 0.9999725818634033
0.5365435481071472 0.3373746871948242 -0.24690398573875427 0.9999409914016724
0.5284138917922974 0.3370548486709595 -0.24683021008968353 0.9999256134033203
0.5215487480163574 0.3373257517814636 -0.24691849946975708 0.9999051094055176
0.5636906027793884 0.3523557186126709 -0.08089856058359146 0.9999833106994629
0.5097826719284058 0.3534579873085022 -0.10567296296358109 0.9999572038650513
0.5530071258544922 0.39086082577705383 -0.21188290417194366 0.9999873638153076
0.5330619812011719 0.39286088943481445 -0.21938996016979218 0.999983549118042
0.5985676646232605 0.4910810589790344 -0.025611748918890953 0.999987006187439
0.46248504519462585 0.5041507482528687 -0.004594685975462198 0.9997465014457703
0.6396558880805969 0.6390672922134399 -0.2036871612071991 0.9952580332756042
0.43334877490997314 0.6932445168495178 0.040759723633527756 0.8907514214515686
0.5874238610267639 0.5269807577133179 -0.5193637013435364 0.9920788407325745
0.42865148186683655 0.8542925119400024 -0.027505958452820778 0.6113059520721436
0.5716792345046997 0.5051419138908386 -0.5876082181930542 0.9773948788642883
0.42001551389694214 0.8998860716819763 -0.04581084102392197 0.4879019856452942
0.5674872994422913 0.4899919331073761 -0.5590038895606995 0.9764624238014221
0.4301553964614868 0.901340126991272 -0.07452629506587982 0.5066288709640503
0.5698368549346924 0.4983823299407959 -0.5138975977897644 0.9609686732292175
0.43651148676872253 0.8859984278678894 -0.03927832841873169 0.4927026927471161
0.5858193635940552 0.8069411516189575 0.005370227620005608 0.9985501170158386
0.48490074276924133 0.8216685056686401 -0.004864478018134832 0.9957625269889832
0.6753775477409363 0.9689666628837585 -0.2961089313030243 0.9292773604393005
0.45889008045196533 1.047864556312561 -0.17313089966773987 0.8194957971572876
0.6091068983078003 1.174507975578308 0.10254328697919846 0.21731896698474884
0.4800609350204468 1.2349889278411865 0.1667320728302002 0.18515491485595703
0.5934025645256042 1.1861143112182617 0.14248912036418915 0.2763981223106384
0.485906183719635 1.2580912113189697 0.19839809834957123 0.1659642457962036
0.6046696305274963 1.2788317203521729 0.02717701718211174 0.12860406935214996
0.4847479462623596 1.328160285949707 0.06544312834739685 0.07703851163387299
