0.54844069480896 0.36699748039245605 -0.4572448134422302 0.9998747110366821
0.5521165728569031 0.3450065851211548 -0.4273638427257538 0.9998620748519897
0.5560432076454163 0.34579998254776 -0.4275151789188385 0.999895453453064
0.5602659583091736 0.34694337844848633 -0.4277866780757904 0.999873161315918
0.5370579361915588 0.3426489233970642 -0.43587931990623474 0.9998430013656616
0.5301576852798462 0.3423774838447571 -0.435906320810318 0.999839186668396
0.5237517356872559 0.3428250551223755 -0.4360535442829132 0.9997658133506775
0.5615654587745667 0.3575822710990906 -0.2529308497905731 0.9999325275421143
0.511319637298584 0.35683465003967285 -0.29084664583206177 0.9999101161956787
0.5533846020698547 0.3963471055030823 -0.3912014961242676 0.999977707862854
0.5358290076255798 0.39524659514427185 -0.40241414308547974 0.9999804496765137
0.5997907519340515 0.5027245283126831 -0.15091750025749207 0.9999545812606812
0.46049872040748596 0.5061236619949341 -0.16789230704307556 0.9997603297233582
0.6408774256706238 0.6835384368896484 -0.2726729214191437 0.9834505319595337
0.4309806227684021 0.6960294842720032 -0.15485607087612152 0.9544527530670166
0.619275689125061 0.6435477137565613 -0.6023324728012085 0.9295719861984253
0.42762917280197144 0.8629643321037292 -0.2929980456829071 0.6213520169258118
0.6148815155029297 0.640472412109375 -0.6711968183517456 0.8500053882598877
0.41876742243766785 0.9083192944526672 -0.32190296053886414 0.49885624647140503
0.6091018319129944 0.6117532253265381 -0.6614556908607483 0.8542694449424744
0.42686158418655396 0.9092870354652405 -0.35547301173210144 0.5324005484580994
0.6065227389335632 0.6121352910995483 -0.6049549579620361 0.7861284017562866
0.43199798464775085 0.8915971517562866 -0.30731937289237976 0.506214439868927
0.5870937705039978 0.7979466915130615 0.007928506471216679 0.9871616959571838
0.4887799322605133 0.8141770362854004 -0.007318096701055765 0.9779039621353149
0.6727911829948425 0.9603233933448792 -0.40404659509658813 0.9371740221977234
0.4521258771419525 1.0047552585601807 -0.21843752264976501 0.8200989961624146
0.6262561082839966 1.160447597503662 -0.07987071573734283 0.3313411772251129
0.5002107620239258 1.2157734632492065 0.0976201593875885 0.1927305907011032
0.6124729514122009 1.1807094812393188 -0.051566578447818756 0.3768463134765625
0.5069718956947327 1.2438210248947144 0.12316479533910751 0.18137598037719727
0.6292712092399597 1.25306236743927 -0.20027080178260803 0.1851656287908554
0.5018631815910339 1.298393964767456 -0.02736988663673401 0.0745672732591629
