0.540829062461853 0.4064444601535797 -0.4322133958339691 0.9999388456344604
0.5453949570655823 0.38507938385009766 -0.4088018834590912 0.9998599290847778
0.5487375259399414 0.385974645614624 -0.40885037183761597 0.999911904335022
0.5519354343414307 0.38682103157043457 -0.40902140736579895 0.9998522996902466
0.5325331687927246 0.38331103324890137 -0.41725996136665344 0.9998039603233337
0.5263811945915222 0.38292568922042847 -0.41741353273391724 0.999863862991333
0.5205134153366089 0.38338345289230347 -0.4175741970539093 0.9997674822807312
0.5515395402908325 0.3971014618873596 -0.25310003757476807 0.9999196529388428
0.5051283240318298 0.39606451988220215 -0.294536292552948 0.9999414682388306
0.5453911423683167 0.43308061361312866 -0.37162673473358154 0.9999866485595703
0.5297547578811646 0.4320734739303589 -0.38418668508529663 0.9999885559082031
0.5906507968902588 0.5297472476959229 -0.15388765931129456 0.9999821186065674
0.4506465196609497 0.5373706817626953 -0.1608872413635254 0.9998999834060669
0.6396017074584961 0.716277539730072 -0.3212970495223999 0.9990339279174805
0.41608983278274536 0.7159665822982788 -0.14714676141738892 0.9942481517791748
0.6263955235481262 0.5948185920715332 -0.6753583550453186 0.9984169006347656
0.4264494478702545 0.8447608351707458 -0.3115125298500061 0.9893614649772644
0.613352358341217 0.5582938194274902 -0.7450812458992004 0.9934145212173462
0.41945886611938477 0.8973995447158813 -0.34535449743270874 0.9681872725486755
0.6139885783195496 0.5370935201644897 -0.7251367568969727 0.993293046951294
0.43427345156669617 0.88772052526474 -0.36030516028404236 0.972005307674408
0.615073561668396 0.5487937927246094 -0.6743212938308716 0.9912376403808594
0.439950168132782 0.8689972162246704 -0.3182980716228485 0.9685442447662354
0.5728522539138794 0.8411304354667664 -0.003291698405519128 0.9991010427474976
0.4816191494464874 0.8497149348258972 0.003916161134839058 0.9984515905380249
0.5915888547897339 1.0907047986984253 -0.15254849195480347 0.5714483261108398
0.47628965973854065 1.0934851169586182 -0.06309983879327774 0.5374739766120911
0.5882998704910278 1.2760114669799805 0.3185720443725586 0.004755023866891861
0.4872812032699585 1.2902559041976929 0.29737794399261475 0.01580645889043808
0.5872603058815002 1.3056601285934448 0.3617030084133148 0.013673197478055954
0.486365407705307 1.3257434368133545 0.32845109701156616 0.019182641059160233
0.5815218091011047 1.3712794780731201 0.21728333830833435 0.0030724634416401386
0.5049558281898499 1.3739197254180908 0.160318985581398 0.013234910555183887
