0.541739821434021 0.40799450874328613 -0.33648672699928284 0.9999599456787109
0.5448086261749268 0.3855865001678467 -0.308888703584671 0.9999185800552368
0.5478370189666748 0.3859071731567383 -0.30889952182769775 0.9999109506607056
0.5508478283882141 0.3866116404533386 -0.3089599311351776 0.9998996257781982
0.5323320031166077 0.3852415084838867 -0.3187403380870819 0.999932050704956
0.5256155133247375 0.38525980710983276 -0.31874629855155945 0.9999241828918457
0.5195059776306152 0.3854852318763733 -0.3189006745815277 0.9999147653579712
0.5510497689247131 0.3996886610984802 -0.1522742062807083 0.9998918771743774
0.5047299265861511 0.3980039358139038 -0.1971101462841034 0.9999656677246094
0.5460197329521179 0.4348275661468506 -0.27679890394210815 0.9999874830245972
0.5294532179832458 0.4322601854801178 -0.29058554768562317 0.9999926090240479
0.5852167010307312 0.5268863439559937 -0.07149069011211395 0.9999557733535767
0.4527323842048645 0.5375276803970337 -0.10636995732784271 0.999843955039978
0.643414318561554 0.6657901406288147 -0.24706533551216125 0.997991681098938
0.41487395763397217 0.7239386439323425 -0.13908544182777405 0.9959307312965393
0.585096538066864 0.5158522129058838 -0.5466298460960388 0.9957606196403503
0.46406877040863037 0.8168526291847229 -0.2701048254966736 0.976961076259613
0.5744978189468384 0.4736843407154083 -0.6112502813339233 0.975092887878418
0.474822074174881 0.857198178768158 -0.29815474152565 0.9145613312721252
0.5681073069572449 0.4626810550689697 -0.5721157789230347 0.9722326397895813
0.48916807770729065 0.8382889032363892 -0.29803356528282166 0.9216989278793335
0.5671654939651489 0.47709032893180847 -0.5375950336456299 0.9687111973762512
0.4879975914955139 0.8225994110107422 -0.2693386673927307 0.914371132850647
0.5746819972991943 0.8382372856140137 0.00526769645512104 0.9991118311882019
0.4845569431781769 0.8488286137580872 -0.004315970931202173 0.9974428415298462
0.5822983384132385 1.0823218822479248 -0.22898295521736145 0.5752607583999634
0.492986798286438 1.109053611755371 0.01422159094363451 0.22376491129398346
0.5811535120010376 1.2912335395812988 0.12219130247831345 0.004153574351221323
0.4920864701271057 1.3115788698196411 0.32733476161956787 0.0063444324769079685
0.5809916257858276 1.326246976852417 0.15237751603126526 0.008406750857830048
0.4885278344154358 1.3491322994232178 0.3528866171836853 0.006472492590546608
0.5718126893043518 1.3858203887939453 -0.011754540726542473 0.0037022193428128958
0.5078797936439514 1.3937442302703857 0.17691127955913544 0.006265685427933931
