0.5365452170372009 0.4125576615333557 -0.42413046956062317 0.999976634979248
0.5411463379859924 0.38978931307792664 -0.397628515958786 0.9999033212661743
0.5447114706039429 0.39042556285858154 -0.39761701226234436 0.999922513961792
0.5482682585716248 0.3912678062915802 -0.39768972992897034 0.9998406171798706
0.5273275971412659 0.38745445013046265 -0.40570762753486633 0.9999347925186157
0.5207121968269348 0.38672828674316406 -0.40583595633506775 0.9999547004699707
0.5148913860321045 0.38652488589286804 -0.40597912669181824 0.9999287128448486
0.5508468747138977 0.4006938338279724 -0.23266826570034027 0.999904990196228
0.5029832720756531 0.3983219861984253 -0.2703939974308014 0.9999885559082031
0.5419244170188904 0.4384646713733673 -0.36029747128486633 0.9999860525131226
0.5252739787101746 0.4362305998802185 -0.37205618619918823 0.9999940395355225
0.5843531489372253 0.5299829840660095 -0.13484631478786469 0.9998970031738281
0.45309075713157654 0.5337091684341431 -0.15551315248012543 0.9998863935470581
0.6444764733314514 0.6360642910003662 -0.3104795515537262 0.999157190322876
0.41962242126464844 0.7095829844474792 -0.16118958592414856 0.9964916110038757
0.590998649597168 0.45383206009864807 -0.5932030081748962 0.9965895414352417
0.4652325212955475 0.822374701499939 -0.2918878197669983 0.9872037768363953
0.5726904273033142 0.42377546429634094 -0.6565282344818115 0.9767210483551025
0.47501441836357117 0.8707075119018555 -0.31909963488578796 0.9479798078536987
0.5674185156822205 0.42165157198905945 -0.6155609488487244 0.9741193056106567
0.4886184632778168 0.851840078830719 -0.32375991344451904 0.9535526633262634
0.5693863034248352 0.4311409890651703 -0.5831212401390076 0.9726428389549255
0.4875526428222656 0.835768461227417 -0.2924676835536957 0.9520206451416016
0.5741211175918579 0.8284842371940613 -0.0029698254074901342 0.9987227320671082
0.48354560136795044 0.8398823142051697 0.0038416313473135233 0.9980564713478088
0.5813008546829224 1.0746068954467773 -0.1629427969455719 0.6246917843818665
0.4876488447189331 1.083083152770996 -0.043714892119169235 0.5602660179138184
0.5925140380859375 1.2669610977172852 0.24093419313430786 0.0029530480969697237
0.5029600262641907 1.2836987972259521 0.3035125136375427 0.010524710640311241
0.5946103930473328 1.3038392066955566 0.2753087878227234 0.006689665839076042
0.5030218362808228 1.321335792541504 0.33227643370628357 0.011641329154372215
0.5860892534255981 1.355471134185791 0.11566486209630966 0.0019420525059103966
0.5202367305755615 1.3667148351669312 0.1543859839439392 0.008281649090349674
