0.537253737449646 0.4136083722114563 -0.37564027309417725 0.999987006187439
0.541929304599762 0.39054471254348755 -0.35075056552886963 0.9999688863754272
0.5454734563827515 0.39111050963401794 -0.350755900144577 0.9999727010726929
0.5489675998687744 0.3916648328304291 -0.3508182466030121 0.9999560117721558
0.5276450514793396 0.38805994391441345 -0.3568390905857086 0.9999759197235107
0.5209274291992188 0.38739314675331116 -0.3568885028362274 0.9999804496765137
0.5149403214454651 0.3871312439441681 -0.35700416564941406 0.9999734163284302
0.5519840717315674 0.4020479619503021 -0.19553163647651672 0.9999715089797974
0.5032036900520325 0.4004182815551758 -0.22308626770973206 0.9999947547912598
0.5430671572685242 0.43972769379615784 -0.3158227205276489 0.9999929666519165
0.5255401730537415 0.438054621219635 -0.3245111405849457 0.9999961853027344
0.5864524245262146 0.5233874320983887 -0.10276798158884048 0.9999674558639526
0.4535864293575287 0.5343687534332275 -0.10982959717512131 0.9999358654022217
0.6467838287353516 0.6356073617935181 -0.2640366852283478 0.9996761083602905
0.4169073700904846 0.7172681093215942 -0.09066888689994812 0.9979535341262817
0.5964753031730652 0.4677903950214386 -0.5378654599189758 0.9985528588294983
0.4665125608444214 0.8215478658676147 -0.2011832445859909 0.9918934106826782
0.5753925442695618 0.4380964934825897 -0.5975532531738281 0.9911030530929565
0.47706738114356995 0.8713095188140869 -0.22132223844528198 0.9711084961891174
0.570023238658905 0.43267425894737244 -0.5612814426422119 0.9899774789810181
0.4899076819419861 0.8506439924240112 -0.22678957879543304 0.9736043214797974
0.5725593566894531 0.44153910875320435 -0.5290687084197998 0.9898852109909058
0.4884968400001526 0.8356292843818665 -0.20116429030895233 0.9747825264930725
0.5748555660247803 0.8268314003944397 -0.002640914637595415 0.9995738863945007
0.4848598837852478 0.8430235981941223 0.0035907148849219084 0.9990491271018982
0.580554723739624 1.0784668922424316 -0.13942772150039673 0.5820918083190918
0.4900911748409271 1.0924512147903442 0.028274601325392723 0.4425514042377472
0.5840356349945068 1.2748494148254395 0.22637274861335754 0.0017593755619600415
0.4961525499820709 1.2853244543075562 0.33291754126548767 0.003570751752704382
0.5854567885398865 1.3073759078979492 0.2582702338695526 0.004013818223029375
0.4934860169887543 1.3200628757476807 0.3591192662715912 0.006132323294878006
0.5760979056358337 1.3662428855895996 0.11166642606258392 0.001015153480693698
0.5152695178985596 1.367179274559021 0.19958987832069397 0.0031718655955046415
