0.5399687886238098 0.4169639050960541 -0.3733256161212921 0.9999333620071411
0.543890655040741 0.39134830236434937 -0.3474959135055542 0.9998247027397156
0.5471712350845337 0.3911283612251282 -0.34746330976486206 0.9998213648796082
0.5502927303314209 0.39065906405448914 -0.3475470542907715 0.9997370839118958
0.5287802219390869 0.3905607759952545 -0.35623714327812195 0.9998766183853149
0.5216351747512817 0.3898243308067322 -0.3562718331813812 0.9998900890350342
0.5159507393836975 0.38959893584251404 -0.3564223051071167 0.9998748302459717
0.5515020489692688 0.39966362714767456 -0.1873062402009964 0.9998096823692322
0.5054395198822021 0.4014364778995514 -0.2258988916873932 0.9999722242355347
0.5458841919898987 0.44042694568634033 -0.31084391474723816 0.999963641166687
0.527612566947937 0.4408038258552551 -0.32255545258522034 0.9999845027923584
0.5834781527519226 0.5116227865219116 -0.09275457262992859 0.9999266862869263
0.4530635476112366 0.5339787006378174 -0.12144730985164642 0.999879002571106
0.6453794240951538 0.6248927116394043 -0.241769477725029 0.9989618062973022
0.41571539640426636 0.7150885462760925 -0.12449824810028076 0.9967777132987976
0.5823314785957336 0.4540882408618927 -0.4947327673435211 0.9949870109558105
0.46534422039985657 0.825376570224762 -0.24396230280399323 0.9856739640235901
0.5722134709358215 0.4118261933326721 -0.5505111217498779 0.9669798016548157
0.47647541761398315 0.8741074800491333 -0.2688901126384735 0.9467153549194336
0.5667030215263367 0.4059075713157654 -0.5127791166305542 0.9622496962547302
0.4891982674598694 0.8516491651535034 -0.27280884981155396 0.9517214298248291
0.5664907097816467 0.42155468463897705 -0.48556768894195557 0.9643052220344543
0.4876294434070587 0.8356815576553345 -0.24420566856861115 0.9533061385154724
0.5734589695930481 0.8294849991798401 0.0014074811479076743 0.9985775947570801
0.4850359261035919 0.8421779274940491 -0.0004280142893549055 0.9976004958152771
0.5785925984382629 1.0906428098678589 -0.0598936453461647 0.32334253191947937
0.48832792043685913 1.0923082828521729 0.019872600212693214 0.1919192522764206
0.5752738118171692 1.277087688446045 0.35952866077423096 0.0011448173318058252
0.4908668100833893 1.2845271825790405 0.32742616534233093 0.0030863098800182343
0.5748580694198608 1.3088382482528687 0.39666834473609924 0.003022776683792472
0.4879184365272522 1.320772647857666 0.3538793921470642 0.004584120586514473
0.5676249861717224 1.3714914321899414 0.25925230979919434 0.0008930927724577487
0.5067725777626038 1.3695780038833618 0.1896737664937973 0.003580008400604129
