0.5375925302505493 0.4147016704082489 -0.3221033215522766 0.9998999834060669
0.5412798523902893 0.39090806245803833 -0.29888591170310974 0.9998283386230469
0.5445746779441833 0.3910631537437439 -0.2988453805446625 0.9997712969779968
0.5481287837028503 0.391090989112854 -0.29891732335090637 0.9997677206993103
0.5277456045150757 0.39002418518066406 -0.3061366379261017 0.999874472618103
0.5214908719062805 0.3898624777793884 -0.3061422109603882 0.9998457431793213
0.5158655047416687 0.39002856612205505 -0.3062836527824402 0.9998732805252075
0.5510441064834595 0.4016214609146118 -0.15505164861679077 0.9997077584266663
0.5039961934089661 0.40316468477249146 -0.1873340755701065 0.9999570846557617
0.5436615347862244 0.4398302435874939 -0.26627182960510254 0.9999642372131348
0.5264094471931458 0.43767833709716797 -0.27618154883384705 0.9999855756759644
0.5855539441108704 0.5235164165496826 -0.07465168833732605 0.999910831451416
0.45242875814437866 0.5368489027023315 -0.08938983827829361 0.9998868703842163
0.6429064273834229 0.6515019536018372 -0.21668072044849396 0.9986205101013184
0.4181555509567261 0.7123181819915771 -0.06459695100784302 0.9932550191879272
0.5784370303153992 0.4974777102470398 -0.45035451650619507 0.9966633915901184
0.4627748727798462 0.8222416043281555 -0.1444018930196762 0.971430778503418
0.5690659880638123 0.4545665979385376 -0.5023719072341919 0.9746875166893005
0.47460946440696716 0.8743381500244141 -0.16363681852817535 0.902019202709198
0.5638557076454163 0.4441567063331604 -0.46519020199775696 0.9685513973236084
0.48786506056785583 0.8523861765861511 -0.1683342158794403 0.9070929884910583
0.563241720199585 0.4577236473560333 -0.44097810983657837 0.9709802269935608
0.48628827929496765 0.8370046019554138 -0.14479297399520874 0.9171537160873413
0.5746824741363525 0.8350145816802979 -0.0017223720205947757 0.9983739852905273
0.48538824915885925 0.8469666242599487 0.0028045806102454662 0.9978146553039551
0.5755868554115295 1.0951316356658936 0.020432952791452408 0.11178455501794815
0.487223744392395 1.0917236804962158 0.04772544652223587 0.07439316809177399
0.5745029449462891 1.2870153188705444 0.41196760535240173 0.00047226634342223406
0.4881596267223358 1.291263461112976 0.34497201442718506 0.001685117487795651
0.5747785568237305 1.3213527202606201 0.44653239846229553 0.0012782460544258356
0.48542487621307373 1.3287466764450073 0.37059709429740906 0.0022556688636541367
0.5671157240867615 1.3773398399353027 0.3077952563762665 0.0007645961595699191
0.5046794414520264 1.3758630752563477 0.2016596794128418 0.0028553595766425133
