0.5310591459274292 0.40528520941734314 -0.33549031615257263 0.9999762773513794
0.538014829158783 0.3840002119541168 -0.3094703257083893 0.9999352693557739
0.5413442254066467 0.38452425599098206 -0.30946847796440125 0.9999469518661499
0.5447425842285156 0.3854818344116211 -0.3094821870326996 0.9999115467071533
0.5220518112182617 0.3825041353702545 -0.31522515416145325 0.9999488592147827
0.5162638425827026 0.3823046386241913 -0.31538283824920654 0.9999650716781616
0.5105487704277039 0.38296157121658325 -0.31556475162506104 0.9999548196792603
0.548264741897583 0.39833658933639526 -0.15650147199630737 0.999937891960144
0.5010973215103149 0.3971766233444214 -0.1820508986711502 0.9999864101409912
0.5377874970436096 0.4297216236591339 -0.2774979770183563 0.9999890327453613
0.5190550088882446 0.43021896481513977 -0.28557077050209045 0.9999943971633911
0.5857624411582947 0.5348529815673828 -0.06220467388629913 0.999950647354126
0.45106765627861023 0.5403252840042114 -0.09350994229316711 0.999945878982544
0.6420258283615112 0.700252890586853 -0.22754403948783875 0.9995278120040894
0.41904300451278687 0.7203066945075989 -0.15296123921871185 0.9973258972167969
0.578906238079071 0.6007312536239624 -0.5416741967201233 0.9986810088157654
0.46468624472618103 0.8261933326721191 -0.36791640520095825 0.9932559728622437
0.5650292634963989 0.5644258260726929 -0.6068907380104065 0.9929012656211853
0.4743673503398895 0.8775486946105957 -0.41303330659866333 0.9778314828872681
0.5636775493621826 0.5448179841041565 -0.5736481547355652 0.9923349022865295
0.4895833730697632 0.8549438714981079 -0.41862812638282776 0.9799006581306458
0.563741147518158 0.5547022223472595 -0.5344111323356628 0.9918305277824402
0.48881790041923523 0.837818443775177 -0.37178274989128113 0.9805384278297424
0.5739122033119202 0.8388179540634155 0.007004865910857916 0.9993709921836853
0.4854889512062073 0.8504433035850525 -0.006154469680041075 0.9993578791618347
0.5861579179763794 1.0878785848617554 -0.1349923312664032 0.5154693722724915
0.4834446310997009 1.0833394527435303 -0.136417418718338 0.41406548023223877
0.5847018957138062 1.2886016368865967 0.22493399679660797 0.001415372476913035
0.4893757104873657 1.2979958057403564 0.1236167848110199 0.007638171315193176
0.5852554440498352 1.3232414722442627 0.2550080120563507 0.005225338041782379
0.48737961053848267 1.3381561040878296 0.1437401920557022 0.008884047158062458
0.5738356113433838 1.3776341676712036 0.11227475851774216 0.0012792727211490273
0.5028722286224365 1.3758416175842285 -0.025758368894457817 0.006961530540138483
