0.5309588313102722 0.4024404287338257 -0.32470065355300903 0.9999898672103882
0.5384424328804016 0.38224244117736816 -0.2977752089500427 0.9999666213989258
0.5418680906295776 0.3832007944583893 -0.29777011275291443 0.9999725818634033
0.5454394817352295 0.38432440161705017 -0.2977657914161682 0.9999512434005737
0.5225532650947571 0.38032758235931396 -0.30371734499931335 0.9999734163284302
0.5166043639183044 0.3800960183143616 -0.303866982460022 0.9999808073043823
0.5109102129936218 0.380323588848114 -0.30403390526771545 0.9999721050262451
0.5489625334739685 0.39945146441459656 -0.1481975018978119 0.9999641180038452
0.5011106729507446 0.3949810266494751 -0.17550510168075562 0.9999918937683105
0.5374526381492615 0.4272037744522095 -0.2688928544521332 0.9999959468841553
0.5181992053985596 0.42596763372421265 -0.27759867906570435 0.9999977350234985
0.5833135843276978 0.5346569418907166 -0.06382185965776443 0.9999754428863525
0.44972583651542664 0.538314700126648 -0.08481498807668686 0.99996018409729
0.6417977213859558 0.7031117677688599 -0.23472706973552704 0.9995618462562561
0.41530612111091614 0.7183046340942383 -0.13779301941394806 0.9974453449249268
0.5835378766059875 0.6079998016357422 -0.5558077096939087 0.9989017248153687
0.4628576636314392 0.8238556981086731 -0.34552186727523804 0.9922484159469604
0.5682222843170166 0.5751027464866638 -0.62144935131073 0.992828905582428
0.472798615694046 0.8719788193702698 -0.38632652163505554 0.9716743230819702
0.5664636492729187 0.551775336265564 -0.5866944789886475 0.9923122525215149
0.4865005910396576 0.8529697060585022 -0.38974058628082275 0.9745950102806091
0.5664536356925964 0.5600070953369141 -0.547851026058197 0.9912789463996887
0.4853954017162323 0.8356038331985474 -0.34808439016342163 0.9747547507286072
0.5733143091201782 0.831993579864502 -0.0005281353951431811 0.9993388056755066
0.48291048407554626 0.8452370166778564 0.0014993146760389209 0.9992140531539917
0.5794559717178345 1.074915885925293 -0.17542269825935364 0.47284048795700073
0.4858291447162628 1.0746098756790161 -0.1032341867685318 0.33368566632270813
0.5842491388320923 1.2746243476867676 0.15811342000961304 0.0011407943675294518
0.49649083614349365 1.2824852466583252 0.1795653998851776 0.004552754107862711
0.5862699151039124 1.3128083944320679 0.18506719172000885 0.0037732047494500875
0.4950607419013977 1.3220268487930298 0.2013169676065445 0.00496598519384861
0.5734233856201172 1.359002709388733 0.02972310222685337 0.0011950868647545576
0.5120102763175964 1.3612170219421387 0.030144697055220604 0.004713879432529211
