0.5312968492507935 0.3987390697002411 -0.5335434675216675 0.9974696636199951
0.5370922088623047 0.3768969178199768 -0.5091864466667175 0.9948784112930298
0.5401967763900757 0.37779903411865234 -0.5092805624008179 0.9948899745941162
0.5435367226600647 0.37879934906959534 -0.5094990134239197 0.9922245740890503
0.5224082469940186 0.3760957717895508 -0.5133400559425354 0.9967421889305115
0.5165568590164185 0.37651526927948 -0.5135688185691833 0.9976871013641357
0.5110837817192078 0.37782740592956543 -0.5137804746627808 0.9976422190666199
0.5464245080947876 0.39393138885498047 -0.35070228576660156 0.9925857186317444
0.5007519125938416 0.39448878169059753 -0.3686393201351166 0.998789370059967
0.5373214483261108 0.42399632930755615 -0.47286897897720337 0.9992044568061829
0.5187825560569763 0.42406415939331055 -0.47839805483818054 0.9996751546859741
0.5903649926185608 0.5491628646850586 -0.22888074815273285 0.9979313611984253
0.4472910165786743 0.5433164834976196 -0.25798499584198 0.9997957348823547
0.6374462246894836 0.7217394709587097 -0.3417670428752899 0.8411779999732971
0.41592293977737427 0.715752899646759 -0.2952422499656677 0.9716692566871643
0.620246171951294 0.7181825637817383 -0.6588876247406006 0.279695600271225
0.43194496631622314 0.8446994423866272 -0.5100536346435547 0.8128911852836609
0.617602527141571 0.7324860692024231 -0.7262935042381287 0.1782405972480774
0.4314734637737274 0.9007851481437683 -0.5623306632041931 0.6951148509979248
0.6156743168830872 0.7124922275543213 -0.7234537601470947 0.18356314301490784
0.4446360170841217 0.8836047649383545 -0.5751722455024719 0.7184909582138062
0.6134796738624573 0.7053553462028503 -0.6652641296386719 0.16931946575641632
0.44779646396636963 0.8628631830215454 -0.517758309841156 0.6787891387939453
0.5714240670204163 0.8365374803543091 -0.000740588700864464 0.9798104763031006
0.47852930426597595 0.8384690880775452 0.0010479568736627698 0.9925358295440674
0.6038625836372375 1.0744675397872925 -0.05936358496546745 0.4131004512310028
0.4780208468437195 1.0776679515838623 -0.005746160168200731 0.44802936911582947
0.6136941313743591 1.1978404521942139 0.44493454694747925 0.02271200902760029
0.487173467874527 1.249835729598999 0.3973700702190399 0.09171139448881149
0.6119360327720642 1.2167600393295288 0.4909924864768982 0.04575641453266144
0.48999693989753723 1.2766375541687012 0.43213415145874023 0.06497782468795776
0.6175978779792786 1.281869888305664 0.36020657420158386 0.02316867560148239
0.49355170130729675 1.3385378122329712 0.2707902491092682 0.06148365139961243
