0.5361909866333008 0.3716341555118561 -0.1855575144290924 0.999987006187439
0.5449666976928711 0.3491706848144531 -0.15702757239341736 0.9999895095825195
0.5501958131790161 0.35001450777053833 -0.15716682374477386 0.9999910593032837
0.5541768670082092 0.35070472955703735 -0.15749292075634003 0.9999922513961792
0.528058648109436 0.3479282855987549 -0.1598862260580063 0.999984860420227
0.5216953754425049 0.3478108048439026 -0.15977071225643158 0.9999798536300659
0.5157830715179443 0.348021924495697 -0.1598334014415741 0.9999779462814331
0.5612899661064148 0.3645763397216797 -0.0012259240029379725 0.9999945163726807
0.5072984099388123 0.3615521788597107 -0.016891280189156532 0.9999916553497314
0.546442449092865 0.4008922576904297 -0.12612013518810272 0.9999943971633911
0.5253106355667114 0.39947134256362915 -0.131026953458786 0.9999947547912598
0.6041299104690552 0.5006962418556213 0.056443776935338974 0.9999914169311523
0.46078383922576904 0.5005295872688293 0.08260563015937805 0.999923586845398
0.6438363194465637 0.6858100891113281 -0.09630612283945084 0.9921075701713562
0.43117770552635193 0.6890016794204712 0.1129014790058136 0.8535700440406799
0.638161301612854 0.5160864591598511 -0.38163721561431885 0.9933337569236755
0.4228023290634155 0.8482043743133545 0.022339479997754097 0.6603872776031494
0.6358455419540405 0.4627668857574463 -0.44112905859947205 0.9816988706588745
0.4157700836658478 0.8932068943977356 0.00903867557644844 0.5620127320289612
0.6351804733276367 0.4473588764667511 -0.4200603663921356 0.980792224407196
0.42198091745376587 0.8885180950164795 -0.018243594095110893 0.5686517953872681
0.6320182085037231 0.46844398975372314 -0.3796864449977875 0.968558669090271
0.42759189009666443 0.8784149885177612 0.01001005806028843 0.5691562294960022
0.5890089869499207 0.7992886900901794 0.005135200452059507 0.9980252981185913
0.48754680156707764 0.8093873262405396 -0.004697355441749096 0.9971373081207275
0.6882653832435608 0.9767916202545166 -0.2377815693616867 0.9235790371894836
0.4246148467063904 0.9932675957679749 -0.22590012848377228 0.8671030402183533
0.6241065859794617 1.1129183769226074 0.16941268742084503 0.15958172082901
0.47778892517089844 1.1721055507659912 0.11179577559232712 0.16940627992153168
0.6078566312789917 1.112807273864746 0.21338295936584473 0.2169235199689865
0.4875863790512085 1.1880489587783813 0.14681482315063477 0.16131654381752014
0.6161094307899475 1.212719440460205 0.14489799737930298 0.08668091893196106
0.4805118441581726 1.2668867111206055 0.04560163989663124 0.07082884758710861
