0.539284348487854 0.37063416838645935 -0.19656190276145935 0.9999728202819824
0.5469910502433777 0.3484395742416382 -0.1636285036802292 0.9999758005142212
0.5516473650932312 0.34973955154418945 -0.16376255452632904 0.9999794960021973
0.5559895634651184 0.35133105516433716 -0.16405580937862396 0.9999810457229614
0.5293919444084167 0.34594011306762695 -0.17067337036132812 0.9999679327011108
0.5224798917770386 0.34611380100250244 -0.17059333622455597 0.999954342842102
0.5160050988197327 0.3472326993942261 -0.1706678420305252 0.9999455213546753
0.5614899396896362 0.36480143666267395 0.002981868339702487 0.9999901056289673
0.5068402886390686 0.36115241050720215 -0.03156622126698494 0.999987006187439
0.5484122633934021 0.40127697587013245 -0.13397584855556488 0.9999862909317017
0.5269538164138794 0.3980952203273773 -0.1443689614534378 0.9999886751174927
0.5945360064506531 0.49407121539115906 0.043619465082883835 0.999982476234436
0.45834681391716003 0.5057663917541504 0.07653223723173141 0.999693751335144
0.62931227684021 0.6275812983512878 -0.14202560484409332 0.9924904704093933
0.42855483293533325 0.6952084302902222 0.1395888477563858 0.7259974479675293
0.604587972164154 0.4177180826663971 -0.42387786507606506 0.992658793926239
0.426119327545166 0.8752273321151733 0.10784129053354263 0.35566794872283936
0.5997650027275085 0.37220078706741333 -0.4861980378627777 0.978954017162323
0.4174942076206207 0.9234533309936523 0.10262572765350342 0.26419204473495483
0.5991540551185608 0.36212819814682007 -0.4596686065196991 0.9771589040756226
0.424387663602829 0.9312005639076233 0.07234592735767365 0.27322980761528015
0.5966799259185791 0.3795101046562195 -0.42030608654022217 0.9613806009292603
0.42875856161117554 0.9128140807151794 0.09584157913923264 0.28586480021476746
0.588121771812439 0.812357485294342 -0.0022673553321510553 0.9984172582626343
0.4862818717956543 0.8273170590400696 0.0027114301919937134 0.997320830821991
0.6914324164390564 0.9760105609893799 -0.27527710795402527 0.9672482013702393
0.4161827862262726 1.021191120147705 -0.24108131229877472 0.9310899376869202
0.6158117055892944 1.1707218885421753 0.09796003252267838 0.41551417112350464
0.487177312374115 1.2371251583099365 0.1142229363322258 0.3366418778896332
0.5979483127593994 1.1824885606765747 0.1362936943769455 0.4817834794521332
0.5005566477775574 1.2559983730316162 0.14851193130016327 0.3467687666416168
0.6135950088500977 1.2734501361846924 0.02971937134861946 0.23854270577430725
0.48541897535324097 1.3296728134155273 0.033927228301763535 0.12232685089111328
