0.5377606749534607 0.37408673763275146 -0.15709656476974487 0.9999830722808838
0.5446757078170776 0.3488701581954956 -0.12647810578346252 0.999985933303833
0.5492265820503235 0.34925878047943115 -0.12658414244651794 0.9999880790710449
0.5533470511436462 0.34943389892578125 -0.12688705325126648 0.9999895095825195
0.5274990200996399 0.3490561842918396 -0.12979260087013245 0.9999781847000122
0.520885169506073 0.34925365447998047 -0.12966051697731018 0.9999659061431885
0.5144969820976257 0.3497798442840576 -0.12969692051410675 0.9999610185623169
0.5590288043022156 0.36023178696632385 0.031699903309345245 0.9999940395355225
0.505977988243103 0.3649566173553467 0.014531818218529224 0.9999889135360718
0.5473762154579163 0.40153440833091736 -0.09721439331769943 0.9999920129776001
0.5265966057777405 0.40185320377349854 -0.10258294641971588 0.999991774559021
0.5978265404701233 0.49073508381843567 0.06663508713245392 0.9999912977218628
0.4605170488357544 0.5055029988288879 0.11667581647634506 0.9997988343238831
0.6351792812347412 0.6388539671897888 -0.11860585957765579 0.9912427663803101
0.4299953877925873 0.6875212788581848 0.19189323484897614 0.7492200136184692
0.6154428124427795 0.43269699811935425 -0.39945802092552185 0.9934988021850586
0.42651066184043884 0.8537251949310303 0.1748218685388565 0.42993077635765076
0.6121097207069397 0.3788038194179535 -0.4583272933959961 0.9825525283813477
0.41906124353408813 0.9020189642906189 0.17498984932899475 0.3364555537700653
0.6117576956748962 0.36712610721588135 -0.43390175700187683 0.9810155630111694
0.42721855640411377 0.9062409400939941 0.14682070910930634 0.3415564298629761
0.6084679961204529 0.3844909369945526 -0.3962143361568451 0.9674844741821289
0.43070948123931885 0.8953828811645508 0.16408786177635193 0.349875271320343
0.5890374779701233 0.81072598695755 -0.0036432098131626844 0.9994608759880066
0.48857393860816956 0.8260061144828796 0.004082470666617155 0.9987278580665588
0.6877667307853699 0.9749231338500977 -0.3227842152118683 0.9513379335403442
0.4222347140312195 1.004641056060791 -0.24424968659877777 0.9004577994346619
0.6072357892990112 1.1303585767745972 0.04807579517364502 0.2723003029823303
0.49047186970710754 1.1851232051849365 0.1542884260416031 0.15303859114646912
0.5884859561920166 1.1357293128967285 0.08894039690494537 0.4008467197418213
0.5038363337516785 1.196118950843811 0.1955421417951584 0.2048472911119461
0.6004980206489563 1.2297422885894775 -0.004216013941913843 0.16768237948417664
0.49371013045310974 1.2762022018432617 0.10408299416303635 0.059524405747652054
