0.5386790037155151 0.3697459101676941 -0.3218759596347809 0.9999748468399048
0.546607255935669 0.3462681174278259 -0.29090848565101624 0.9999828338623047
0.550679624080658 0.3464010953903198 -0.29105958342552185 0.9999837875366211
0.554627001285553 0.3465111255645752 -0.29136964678764343 0.9999858140945435
0.5278068780899048 0.3463791608810425 -0.29682669043540955 0.9999746084213257
0.5208337903022766 0.34740787744522095 -0.2967393100261688 0.999963641166687
0.5141271948814392 0.3489312529563904 -0.2967964708805084 0.999957799911499
0.5613555312156677 0.35959476232528687 -0.11881859600543976 0.999990701675415
0.5057727694511414 0.3642427623271942 -0.14866091310977936 0.9999878406524658
0.5484915971755981 0.3996419906616211 -0.25670599937438965 0.9999957084655762
0.526943027973175 0.3995644152164459 -0.2656579613685608 0.9999957084655762
0.6069565415382385 0.502618670463562 -0.04401043429970741 0.9999923706054688
0.45995786786079407 0.5038056969642639 -0.030959265306591988 0.999920129776001
0.6406717300415039 0.6952454447746277 -0.2159765213727951 0.9954973459243774
0.43062275648117065 0.6985658407211304 0.016910595819354057 0.8571130037307739
0.6191686987876892 0.5293277502059937 -0.5400782823562622 0.9925630688667297
0.42787155508995056 0.8656742572784424 -0.07129942625761032 0.4812662899494171
0.5999892950057983 0.5004330277442932 -0.6073628067970276 0.9785463213920593
0.42386913299560547 0.911055326461792 -0.0886157900094986 0.37387850880622864
0.5963290929794312 0.4822227656841278 -0.5823667049407959 0.9774410128593445
0.4229893088340759 0.9151402711868286 -0.1209709420800209 0.3820912837982178
0.5982033014297485 0.4935508370399475 -0.5370118618011475 0.961395800113678
0.4351790249347687 0.8963823318481445 -0.08486943691968918 0.38890618085861206
0.5905421376228333 0.8094172477722168 0.00712920306250453 0.9991211295127869
0.4896250367164612 0.8204314708709717 -0.006780335213989019 0.9980397820472717
0.6909129619598389 0.9805744290351868 -0.25632837414741516 0.8794625997543335
0.4210750162601471 0.9959403872489929 -0.2501189410686493 0.8075652122497559
0.6383798718452454 1.0927298069000244 0.16127760708332062 0.12716643512248993
0.4718574285507202 1.1406769752502441 0.12580004334449768 0.10287357866764069
0.6245063543319702 1.0927612781524658 0.20598827302455902 0.2064722180366516
0.482516348361969 1.1530203819274902 0.1646035760641098 0.1358468383550644
0.6381632089614868 1.1760432720184326 0.1279633790254593 0.07542753219604492
0.47315850853919983 1.221907615661621 0.06611891090869904 0.04881482943892479
