0.5367022156715393 0.3683529496192932 -0.3975839912891388 0.9997612833976746
0.5452709197998047 0.3456169366836548 -0.3669435381889343 0.9998096823692322
0.5504183173179626 0.34609168767929077 -0.3671022653579712 0.9998340606689453
0.5540464520454407 0.34711021184921265 -0.3674111068248749 0.9998519420623779
0.5277960896492004 0.3457745313644409 -0.37151163816452026 0.9997455477714539
0.5209677815437317 0.3472047448158264 -0.37147289514541626 0.9996721744537354
0.5148302912712097 0.34856486320495605 -0.3715685307979584 0.9996342658996582
0.5594079494476318 0.361005961894989 -0.19218896329402924 0.9999179840087891
0.5068262219429016 0.36243849992752075 -0.21127687394618988 0.9998082518577576
0.5469381809234619 0.39686670899391174 -0.3317412734031677 0.9999574422836304
0.5247507095336914 0.39666813611984253 -0.33722028136253357 0.9999442100524902
0.6030055284500122 0.5125547647476196 -0.09610192477703094 0.9999326467514038
0.4605722725391388 0.5019879937171936 -0.08901407569646835 0.9995139837265015
0.6475772261619568 0.6733688712120056 -0.20006708800792694 0.9766812920570374
0.4295210838317871 0.6876215934753418 -0.06556486338376999 0.9243795871734619
0.6299356818199158 0.6720288991928101 -0.5277341604232788 0.9137031435966492
0.4232562780380249 0.8391006588935852 -0.21504387259483337 0.6226627826690674
0.6239845156669617 0.6747438907623291 -0.598948061466217 0.8418912887573242
0.41596272587776184 0.8767016530036926 -0.25037431716918945 0.5243167877197266
0.6179108023643494 0.6518523097038269 -0.5976222157478333 0.8495853543281555
0.4226706624031067 0.8733199238777161 -0.2842119336128235 0.5459766387939453
0.611634373664856 0.6496293544769287 -0.5334729552268982 0.7900710105895996
0.4243083596229553 0.8507286906242371 -0.23085467517375946 0.5217512845993042
0.5900866985321045 0.8073554039001465 0.009136061184108257 0.9900811314582825
0.4882940948009491 0.8186782002449036 -0.008625931106507778 0.9824544787406921
0.6821368336677551 0.9635266065597534 -0.4114409387111664 0.9021768569946289
0.4285772442817688 0.9917483925819397 -0.31223055720329285 0.8522960543632507
0.6210852861404419 1.137281894683838 -0.04321131482720375 0.3095274567604065
0.49174556136131287 1.1961849927902222 0.05420810356736183 0.17701300978660583
0.604286253452301 1.1530503034591675 -0.008087413385510445 0.3892469108104706
0.5024022459983826 1.2142611742019653 0.08755683898925781 0.18967990577220917
0.6263382434844971 1.2302803993225098 -0.1374291032552719 0.16191397607326508
0.4921763837337494 1.283166527748108 -0.04435555636882782 0.0645923987030983
