0.5673574805259705 0.37369465827941895 -0.36319029331207275 0.9999964237213135
0.5790931582450867 0.35608726739883423 -0.33335384726524353 0.9999833106994629
0.5837783217430115 0.35783421993255615 -0.3333485424518585 0.999991774559021
0.5885399580001831 0.35963916778564453 -0.3333514630794525 0.9999756813049316
0.5599818825721741 0.35470980405807495 -0.3404439091682434 0.9999815225601196
0.5535563826560974 0.355618953704834 -0.34060630202293396 0.9999916553497314
0.5489959120750427 0.3563117980957031 -0.3407617211341858 0.9999788999557495
0.5965967774391174 0.3772217631340027 -0.179145947098732 0.999988317489624
0.5423547625541687 0.37347111105918884 -0.2133180797100067 0.999996542930603
0.5775553584098816 0.40521982312202454 -0.307303786277771 0.999996542930603
0.5539632439613342 0.4026643633842468 -0.31767699122428894 0.9999978542327881
0.6319490075111389 0.5457342863082886 -0.08723560720682144 0.9999840259552002
0.5043395161628723 0.523662805557251 -0.13251864910125732 0.9999455213546753
0.6901082992553711 0.7377989292144775 -0.24058818817138672 0.9998782873153687
0.47590023279190063 0.7064409852027893 -0.20355483889579773 0.9985312223434448
0.6751274466514587 0.6142861247062683 -0.5483980178833008 0.9998632669448853
0.5094504952430725 0.8210956454277039 -0.42326056957244873 0.998829185962677
0.6730374693870544 0.5728091597557068 -0.611719012260437 0.9991963505744934
0.5122246146202087 0.8690580129623413 -0.46509283781051636 0.9959108829498291
0.6670908331871033 0.5490982532501221 -0.5826871395111084 0.9991959929466248
0.5294463634490967 0.8563671112060547 -0.47032442688941956 0.9962651133537292
0.6630633473396301 0.5594298839569092 -0.5428308844566345 0.9991969466209412
0.5311601758003235 0.8421175479888916 -0.426329642534256 0.9965057373046875
0.616630494594574 0.8470158576965332 0.00024388913880102336 0.9997802376747131
0.5244059562683105 0.852069616317749 0.000727914972230792 0.9997830986976624
0.6246212720870972 1.0914192199707031 -0.0917242243885994 0.20706288516521454
0.5180869698524475 1.069886326789856 -0.13438525795936584 0.2827482223510742
0.6195868849754333 1.279482364654541 0.32763221859931946 0.00010238729737466201
0.5298994779586792 1.2790846824645996 0.22447624802589417 0.0006738008814863861
0.6221076846122742 1.3128223419189453 0.3638365864753723 0.0007535373442806304
0.528362512588501 1.3204609155654907 0.25512030720710754 0.0013869181275367737
0.6039280295372009 1.3726744651794434 0.23500369489192963 8.51491276989691e-05
0.5444461107254028 1.3565791845321655 0.09855799376964569 0.0006963198538869619
