0.5660938024520874 0.37182292342185974 -0.32221221923828125 0.9999969005584717
0.5761794447898865 0.35389840602874756 -0.29604050517082214 0.9999912977218628
0.5814379453659058 0.35455796122550964 -0.29611051082611084 0.9999912977218628
0.586260974407196 0.355681449174881 -0.2962113916873932 0.9999853372573853
0.5572586059570312 0.35436925292015076 -0.2975127100944519 0.9999890327453613
0.5508848428726196 0.3551458418369293 -0.29757481813430786 0.9999895095825195
0.5463612079620361 0.3559584319591522 -0.29770347476005554 0.999985933303833
0.5958887338638306 0.37311381101608276 -0.1617852747440338 0.9999866485595703
0.5386785268783569 0.3732546269893646 -0.16875995695590973 0.9999953508377075
0.5762151479721069 0.4044651985168457 -0.27412039041519165 0.9999994039535522
0.5533162355422974 0.40419527888298035 -0.27601179480552673 0.9999996423721313
0.623939573764801 0.5398784875869751 -0.08405282348394394 0.9999786615371704
0.5013397932052612 0.5236576795578003 -0.12532861530780792 0.9999300241470337
0.6484558582305908 0.7227034568786621 -0.16913534700870514 0.9902299046516418
0.4786732494831085 0.7115607857704163 -0.17315639555454254 0.9950136542320251
0.6454843878746033 0.6949810981750488 -0.4197002947330475 0.9943243265151978
0.5142208933830261 0.8284510374069214 -0.3087095320224762 0.9931163787841797
0.6527040004730225 0.7332889437675476 -0.47671666741371155 0.9879893064498901
0.5160054564476013 0.8763220310211182 -0.3479718863964081 0.9834598898887634
0.6390500664710999 0.7150328159332275 -0.48421409726142883 0.9889951944351196
0.532782256603241 0.8655969500541687 -0.3592761754989624 0.9841744303703308
0.632559061050415 0.7028794288635254 -0.4266582429409027 0.9863688945770264
0.533996045589447 0.8507311344146729 -0.3128266930580139 0.9819934964179993
0.5995928049087524 0.8042661547660828 0.019187580794095993 0.9991851449012756
0.5170139074325562 0.808411717414856 -0.01888677477836609 0.9990249872207642
0.6323829889297485 0.997512936592102 -0.33214709162712097 0.7380684018135071
0.5053322315216064 0.9673964977264404 -0.38930854201316833 0.8244909048080444
0.6092207431793213 1.1579842567443848 -0.012678200379014015 0.12332852929830551
0.5291091799736023 1.1764956712722778 -0.09674474596977234 0.27139803767204285
0.6010619401931763 1.1795833110809326 0.013099203817546368 0.2967001795768738
0.5347906351089478 1.2038960456848145 -0.07184893637895584 0.18665772676467896
0.6143971681594849 1.2471740245819092 -0.10558723658323288 0.1105191633105278
0.53032386302948 1.2705748081207275 -0.2053476721048355 0.19687335193157196
