0.5660187602043152 0.3689344823360443 -0.23485077917575836 0.9999980926513672
0.5763726830482483 0.3524300754070282 -0.2066642791032791 0.9999963045120239
0.5811622738838196 0.35321614146232605 -0.20673897862434387 0.9999960660934448
0.5860466361045837 0.3542465567588806 -0.2068389505147934 0.9999943971633911
0.557790994644165 0.3527454733848572 -0.20808002352714539 0.9999943971633911
0.5510454177856445 0.35358837246894836 -0.20808343589305878 0.9999939203262329
0.5465279817581177 0.3541719615459442 -0.20818094909191132 0.999992847442627
0.5954306721687317 0.37290748953819275 -0.07040558755397797 0.9999947547912598
0.5399071574211121 0.37188947200775146 -0.07696602493524551 0.9999966621398926
0.5757591724395752 0.40348926186561584 -0.18626685440540314 0.9999996423721313
0.5526229739189148 0.40166404843330383 -0.18806082010269165 0.9999997615814209
0.62464439868927 0.5398111343383789 -0.007001617923378944 0.9999877214431763
0.5024589896202087 0.5192171335220337 -0.041244182735681534 0.999941349029541
0.6424641013145447 0.7019553780555725 -0.10741240531206131 0.9877760410308838
0.47811880707740784 0.7013861536979675 -0.11343435943126678 0.9929543137550354
0.647363007068634 0.7382925748825073 -0.38221263885498047 0.9920744895935059
0.5127931833267212 0.8270531296730042 -0.27837616205215454 0.9897148013114929
0.6527619957923889 0.7802233099937439 -0.4480345547199249 0.9851844310760498
0.5149812698364258 0.8739610910415649 -0.32185930013656616 0.9774686694145203
0.6399365663528442 0.7687219977378845 -0.4596160650253296 0.9871715903282166
0.532180666923523 0.8655073046684265 -0.3372015953063965 0.9787948131561279
0.6326583623886108 0.7552624940872192 -0.3924594521522522 0.9849089980125427
0.5337183475494385 0.8501542210578918 -0.28505459427833557 0.9760342240333557
0.5973068475723267 0.8064131140708923 0.017932482063770294 0.9994698166847229
0.514750063419342 0.8134751915931702 -0.017611166462302208 0.9989904761314392
0.6399462223052979 0.9647247195243835 -0.3465040624141693 0.759421706199646
0.5100917816162109 0.9564411044120789 -0.38427984714508057 0.7962481379508972
0.6176533102989197 1.1632111072540283 -0.07757965475320816 0.19061821699142456
0.531636655330658 1.181418776512146 -0.12089220434427261 0.19726979732513428
0.6075437664985657 1.1922204494476318 -0.057243432849645615 0.3800734281539917
0.53682541847229 1.2137908935546875 -0.09922639280557632 0.15898600220680237
0.6296870708465576 1.2542245388031006 -0.18988405168056488 0.15582731366157532
0.5320221185684204 1.2743178606033325 -0.2436835914850235 0.1401894986629486
