0.5429472327232361 0.4086037278175354 -0.38503915071487427 0.9999969005584717
0.5476747155189514 0.3862006366252899 -0.35967689752578735 0.9999922513961792
0.5513097643852234 0.3870086669921875 -0.3596671223640442 0.9999953508377075
0.5547423958778381 0.3880474269390106 -0.35971319675445557 0.9999905824661255
0.5338329672813416 0.38509994745254517 -0.3655206859111786 0.9999918937683105
0.5274970531463623 0.38500654697418213 -0.36558499932289124 0.9999947547912598
0.521631121635437 0.3852514326572418 -0.3656938970088959 0.9999891519546509
0.5575969219207764 0.40289855003356934 -0.19952791929244995 0.9999960660934448
0.5102325677871704 0.4005453288555145 -0.22787299752235413 0.9999979734420776
0.5488345623016357 0.4350045919418335 -0.324177086353302 0.9999980926513672
0.5312024354934692 0.4331803321838379 -0.3331541419029236 0.9999984502792358
0.592337429523468 0.5408403277397156 -0.10699880868196487 0.999993085861206
0.45961084961891174 0.530881404876709 -0.09473805129528046 0.9999748468399048
0.6568784713745117 0.6649273633956909 -0.2694604992866516 0.9999167919158936
0.42524462938308716 0.6987749934196472 -0.03549593314528465 0.9975117444992065
0.6056848168373108 0.5180266499519348 -0.5550000667572021 0.9995561242103577
0.4313575029373169 0.8416202068328857 -0.129083052277565 0.9869280457496643
0.5895538926124573 0.4789218604564667 -0.6136962175369263 0.99714595079422
0.4257313907146454 0.8862443566322327 -0.143613800406456 0.9638252854347229
0.5874933004379272 0.4613174796104431 -0.5830386877059937 0.9968632459640503
0.44196146726608276 0.8784573674201965 -0.16543634235858917 0.9681552052497864
0.5869249105453491 0.47501587867736816 -0.5480561852455139 0.9963093400001526
0.44681277871131897 0.864823579788208 -0.13607682287693024 0.9720824956893921
0.5759100317955017 0.8422160148620605 -0.00524043757468462 0.9996976852416992
0.4874778389930725 0.8509800434112549 0.006285888608545065 0.9995465874671936
0.5851221084594727 1.09013032913208 -0.17127223312854767 0.7354342937469482
0.4771013557910919 1.089674472808838 -0.011276328936219215 0.6244126558303833
0.58245450258255 1.2840038537979126 0.16637973487377167 0.004443462006747723
0.4738999009132385 1.2920827865600586 0.2819010317325592 0.009878582321107388
0.5824207067489624 1.3151726722717285 0.19498910009860992 0.012631750665605068
0.47148218750953674 1.3288888931274414 0.3044237792491913 0.02283012494444847
0.5733726620674133 1.370091438293457 0.041911620646715164 0.0023962873965501785
0.48007461428642273 1.3669712543487549 0.14067138731479645 0.00597165385261178
