0.5479595065116882 0.4127836525440216 -0.2930995225906372 0.9999663829803467
0.5525655746459961 0.39044153690338135 -0.26875585317611694 0.9999138116836548
0.5559653043746948 0.39156877994537354 -0.2687576413154602 0.9999276399612427
0.5596828460693359 0.39272093772888184 -0.2688431739807129 0.9998867511749268
0.5384522080421448 0.3869516849517822 -0.2754456102848053 0.9999327659606934
0.531517505645752 0.38595831394195557 -0.2754576504230499 0.9999439716339111
0.5252997279167175 0.385770320892334 -0.2756314277648926 0.9999229907989502
0.5623660683631897 0.4048563838005066 -0.12224031984806061 0.999927282333374
0.5103622674942017 0.4000225365161896 -0.15296310186386108 0.9999854564666748
0.5525857210159302 0.439740389585495 -0.2368154525756836 0.9999867677688599
0.5342935919761658 0.43706920742988586 -0.2465844601392746 0.9999936819076538
0.5947336554527283 0.5422571897506714 -0.06184503063559532 0.9999508857727051
0.4570213556289673 0.5316758155822754 -0.053349968045949936 0.9999481439590454
0.6432867646217346 0.6601382493972778 -0.23789635300636292 0.9982979893684387
0.42861899733543396 0.6978976726531982 -0.054968252778053284 0.9924773573875427
0.5871334671974182 0.5010427832603455 -0.5090391635894775 0.9946738481521606
0.4483438730239868 0.8333685398101807 -0.17558087408542633 0.9654574990272522
0.5737043619155884 0.4589651823043823 -0.5681241154670715 0.9695470333099365
0.44848567247390747 0.8796291947364807 -0.19885897636413574 0.8921769261360168
0.5690950751304626 0.44778740406036377 -0.534347653388977 0.9672564268112183
0.4655809998512268 0.8717421293258667 -0.21050871908664703 0.9055922627449036
0.569284975528717 0.46247658133506775 -0.5021083950996399 0.9651180505752563
0.4700961410999298 0.8567661046981812 -0.18070854246616364 0.9119642376899719
0.5797557234764099 0.8399096131324768 -0.006450767163187265 0.9988491535186768
0.48933836817741394 0.8532720804214478 0.0074961199425160885 0.9986349940299988
0.5901802778244019 1.0908387899398804 -0.1513798087835312 0.48576614260673523
0.4765520989894867 1.088810920715332 -0.0132282804697752 0.30090779066085815
0.5879251956939697 1.281794548034668 0.20037157833576202 0.0025013694539666176
0.4851662516593933 1.2888957262039185 0.3039010763168335 0.006295782048255205
0.5874967575073242 1.3180227279663086 0.23104546964168549 0.007304350845515728
0.4857625663280487 1.3280659914016724 0.3299754858016968 0.009010630659759045
0.5796735882759094 1.3702151775360107 0.0821392685174942 0.0023614719975739717
0.4918769896030426 1.369281530380249 0.1729591190814972 0.005367963574826717
