0.5495755076408386 0.4170931279659271 -0.31592434644699097 0.9999850988388062
0.5519962310791016 0.39478039741516113 -0.28854385018348694 0.9999549388885498
0.5548508167266846 0.39561089873313904 -0.28854021430015564 0.999963641166687
0.5577865839004517 0.3965550363063812 -0.2885754704475403 0.9999260902404785
0.5404661893844604 0.3915315270423889 -0.2985062599182129 0.9999687671661377
0.5345167517662048 0.3904266655445099 -0.29853126406669617 0.9999767541885376
0.5279666781425476 0.3897511065006256 -0.2986796200275421 0.9999598264694214
0.5565556287765503 0.40747788548469543 -0.12799809873104095 0.9999614953994751
0.5112264156341553 0.4015320837497711 -0.17534980177879333 0.9999924898147583
0.5522255301475525 0.44116848707199097 -0.2545308470726013 0.9999915361404419
0.5375239849090576 0.43885448575019836 -0.26900985836982727 0.9999958276748657
0.5883113145828247 0.5446207523345947 -0.04885503277182579 0.9999514818191528
0.45669907331466675 0.5286433696746826 -0.0744284838438034 0.9999444484710693
0.6463647484779358 0.649362325668335 -0.22383461892604828 0.9988458156585693
0.4282243847846985 0.6993461847305298 -0.1080373153090477 0.9960873126983643
0.5854588747024536 0.48859700560569763 -0.5119961500167847 0.9965734481811523
0.44702044129371643 0.8381304144859314 -0.2645752727985382 0.9848921298980713
0.5712441802024841 0.45044007897377014 -0.5747953057289124 0.9807294011116028
0.44498956203460693 0.885002851486206 -0.29504963755607605 0.9519323706626892
0.5669196844100952 0.4421859085559845 -0.5385861992835999 0.9792056679725647
0.46273308992385864 0.8734045624732971 -0.30649736523628235 0.9580716490745544
0.5670517086982727 0.45450225472450256 -0.5045347809791565 0.9767797589302063
0.4665566384792328 0.8594076037406921 -0.26955005526542664 0.9567528367042542
0.575560450553894 0.830440104007721 -0.002269739517942071 0.999504804611206
0.4847565293312073 0.839372992515564 0.003255958203226328 0.9991292357444763
0.5818578004837036 1.0646777153015137 -0.22608338296413422 0.8542365431785583
0.47681519389152527 1.0837806463241577 -0.002588766859844327 0.6824472546577454
0.5856733322143555 1.2574689388275146 0.11024954169988632 0.013845308683812618
0.4804701805114746 1.2769074440002441 0.3318842351436615 0.020645346492528915
0.5856993794441223 1.29286789894104 0.1390416920185089 0.030420605093240738
0.4804750084877014 1.3132038116455078 0.35864394903182983 0.024993140250444412
0.5797136425971985 1.3419119119644165 -0.017837950959801674 0.00902048870921135
0.4862162172794342 1.3528738021850586 0.19737984240055084 0.009978745132684708
