0.545433759689331 0.3443424105644226 -0.23649317026138306 0.9994254112243652
0.5538003444671631 0.31918251514434814 -0.21053491532802582 0.9991559982299805
0.5593287944793701 0.31862688064575195 -0.21060726046562195 0.9995182752609253
0.5636479258537292 0.3185364603996277 -0.2106795608997345 0.9991338849067688
0.5369542241096497 0.32257065176963806 -0.2094135284423828 0.9988119602203369
0.5311253070831299 0.32455265522003174 -0.2096274495124817 0.9992963075637817
0.5264873504638672 0.3267068862915039 -0.20977798104286194 0.9987492561340332
0.5737704038619995 0.3335264325141907 -0.07234622538089752 0.9996514320373535
0.5196759700775146 0.34222060441970825 -0.06381312012672424 0.9995115995407104
0.5582772493362427 0.3678480088710785 -0.18436060845851898 0.9986488223075867
0.5370367169380188 0.3702930212020874 -0.18249931931495667 0.9971022009849548
0.6184642910957336 0.4760448932647705 -0.028599413111805916 0.9992953538894653
0.48055392503738403 0.4804878532886505 -0.040312521159648895 0.9988609552383423
0.6428186893463135 0.6533641815185547 -0.2544453740119934 0.9995926022529602
0.47931909561157227 0.6651633977890015 -0.2620145082473755 0.9985085129737854
0.597286581993103 0.48931676149368286 -0.5081366300582886 0.9996811151504517
0.5338932871818542 0.5244870185852051 -0.49315088987350464 0.9998530149459839
0.5903919339179993 0.44149482250213623 -0.5537436008453369 0.9991699457168579
0.5409098267555237 0.47508108615875244 -0.5340419411659241 0.9992275238037109
0.5912332534790039 0.4247492849826813 -0.5142199397087097 0.9991088509559631
0.5333990454673767 0.45610353350639343 -0.49945706129074097 0.9990620017051697
0.5893579125404358 0.4368797242641449 -0.497159868478775 0.9993521571159363
0.5347276926040649 0.47308361530303955 -0.48341405391693115 0.9992241859436035
0.6057255268096924 0.7937229871749878 0.007937462069094181 0.9999895095825195
0.5051948428153992 0.7935009598731995 -0.007351786829531193 0.9999868869781494
0.6018364429473877 1.0597578287124634 -0.012259298004209995 0.7626128196716309
0.5098811388015747 1.0711866617202759 -0.024118421599268913 0.8772821426391602
0.6128049492835999 1.2175674438476562 0.4375780522823334 0.00013788978685624897
0.4945046603679657 1.23220956325531 0.37380412220954895 0.0004448508261702955
0.6179999113082886 1.244710922241211 0.4831591546535492 0.00064488296629861
0.4914284944534302 1.2635000944137573 0.4149549901485443 0.0007351142121478915
0.6061044335365295 1.2986743450164795 0.423069566488266 5.759576743002981e-05
0.49894657731056213 1.3085904121398926 0.3336485028266907 0.00022733514197170734
