0.542935311794281 0.3540797233581543 -0.2633035480976105 0.9998695850372314
0.5509327054023743 0.3313199281692505 -0.23963424563407898 0.9998538494110107
0.5551088452339172 0.3317490816116333 -0.23966477811336517 0.9998779296875
0.5599822402000427 0.3324580192565918 -0.23967032134532928 0.9998816251754761
0.5331087112426758 0.3301217555999756 -0.2529967129230499 0.9998561143875122
0.5260412096977234 0.33007460832595825 -0.25306007266044617 0.9998681545257568
0.5204352736473083 0.3304765224456787 -0.25328439474105835 0.9998613595962524
0.5649837851524353 0.3451905846595764 -0.09253723174333572 0.9998849630355835
0.5106812715530396 0.3449464440345764 -0.15263505280017853 0.9999085664749146
0.5516844391822815 0.38468918204307556 -0.20618657767772675 0.9999322891235352
0.5309597849845886 0.385971337556839 -0.22414888441562653 0.999921441078186
0.6030138731002808 0.5010758638381958 0.004086694680154324 0.9998157620429993
0.4654904007911682 0.4940834939479828 -0.09830213338136673 0.9996738433837891
0.6386688947677612 0.6994615793228149 -0.1139778345823288 0.9913851022720337
0.44092291593551636 0.6890885829925537 -0.280248761177063 0.9947346448898315
0.609336256980896 0.6301530599594116 -0.400123655796051 0.9930061101913452
0.4884769022464752 0.6390342116355896 -0.5365479588508606 0.9969521760940552
0.5988808870315552 0.6100046634674072 -0.4495296776294708 0.9776362776756287
0.4977039098739624 0.6104241609573364 -0.5849786400794983 0.9873442649841309
0.5971929430961609 0.5805766582489014 -0.4322071969509125 0.9771952033042908
0.49732476472854614 0.582021951675415 -0.5706192255020142 0.9869087338447571
0.5962613224983215 0.5830917954444885 -0.39889973402023315 0.9777087569236755
0.4987894594669342 0.5863418579101562 -0.5345320105552673 0.9872809052467346
0.5889158248901367 0.8393993973731995 0.030105747282505035 0.9987834095954895
0.4855770468711853 0.8448821306228638 -0.029060084372758865 0.998852014541626
0.5948461890220642 1.1266762018203735 -0.011006751097738743 0.34587857127189636
0.4878091514110565 1.1141974925994873 -0.04062063246965408 0.1857447475194931
0.6034058928489685 1.3662418127059937 0.280417799949646 0.0005254423012956977
0.47000378370285034 1.3706953525543213 0.20805689692497253 0.0012340847169980407
0.606519341468811 1.405160665512085 0.30200889706611633 0.0015812214696779847
0.4631408452987671 1.417593002319336 0.226276233792305 0.0013617558870464563
0.590816855430603 1.4539363384246826 0.13095809519290924 0.00028669548919424415
0.4800996482372284 1.4445079565048218 0.022436635568737984 0.0008749982225708663
