0.5436443090438843 0.34791624546051025 -0.3310312330722809 0.9999947547912598
0.5520459413528442 0.3263174891471863 -0.3071017265319824 0.9999897480010986
0.5566461086273193 0.3270699381828308 -0.30708208680152893 0.9999920129776001
0.5613052248954773 0.32811975479125977 -0.3071477711200714 0.999988317489624
0.5344111323356628 0.325317919254303 -0.3102371096611023 0.9999879598617554
0.528017520904541 0.3255522847175598 -0.31028106808662415 0.9999902248382568
0.5223094820976257 0.32582545280456543 -0.31043541431427 0.9999856948852539
0.5667930841445923 0.3441465497016907 -0.1629721075296402 0.9999920129776001
0.5126546621322632 0.3412279486656189 -0.17878809571266174 0.9999959468841553
0.5524349808692932 0.3759079575538635 -0.277169793844223 0.9999984502792358
0.5305010676383972 0.3744252324104309 -0.2822388708591461 0.9999988079071045
0.6018834710121155 0.49281322956085205 -0.08116675168275833 0.9999927282333374
0.46364647150039673 0.48971298336982727 -0.08041734248399734 0.9999828338623047
0.6299604177474976 0.6994998455047607 -0.22871460020542145 0.9993764758110046
0.43351274728775024 0.6797400712966919 -0.10945700109004974 0.9966146349906921
0.5932856202125549 0.5900058150291443 -0.5538422465324402 0.9995080232620239
0.4605902433395386 0.8108716011047363 -0.30385729670524597 0.9917721152305603
0.5827704668045044 0.5687850713729858 -0.622658371925354 0.9978645443916321
0.45608553290367126 0.8701279163360596 -0.34248703718185425 0.9767234325408936
0.5850393772125244 0.5315161943435669 -0.6007616519927979 0.9977290034294128
0.4750162959098816 0.8613854646682739 -0.3560945689678192 0.9785494208335876
0.585671603679657 0.5389860272407532 -0.5515912771224976 0.9974673986434937
0.4800180494785309 0.8415804505348206 -0.3112097680568695 0.9814963936805725
0.5864664912223816 0.8086472749710083 0.00330434856005013 0.9997617602348328
0.4881994426250458 0.8183193206787109 -0.002213244093582034 0.9996128678321838
0.6009560823440552 1.0713071823120117 -0.12154872715473175 0.2739625573158264
0.4842241406440735 1.0784207582473755 -0.01403812412172556 0.1738874763250351
0.5977122187614441 1.2849196195602417 0.21651411056518555 0.0006762036355212331
0.48917657136917114 1.2933176755905151 0.2592427432537079 0.0009834469528868794
0.5985209941864014 1.3213512897491455 0.24532075226306915 0.0024429718032479286
0.4867404103279114 1.3340446949005127 0.28142276406288147 0.0016319365240633488
0.5841198563575745 1.3773322105407715 0.09599799662828445 0.000397570343920961
0.5028380751609802 1.3736605644226074 0.11773806065320969 0.0010207326849922538
