0.5473076701164246 0.3584855794906616 -0.5779197812080383 0.9999164342880249
0.5571902394294739 0.3332112431526184 -0.5472191572189331 0.9998962879180908
0.5626350045204163 0.3338523507118225 -0.5474116206169128 0.9999393224716187
0.5684500932693481 0.3342781066894531 -0.5477533340454102 0.999923586845398
0.5370032787322998 0.33072513341903687 -0.5512298941612244 0.9998043179512024
0.5287262201309204 0.33013832569122314 -0.5512589812278748 0.9998155236244202
0.5221021175384521 0.33007943630218506 -0.5513959527015686 0.9996544122695923
0.5741062164306641 0.3458290100097656 -0.348377525806427 0.9999678134918213
0.5115087628364563 0.3451958894729614 -0.3674786388874054 0.9999294281005859
0.5564419627189636 0.38989436626434326 -0.5014060139656067 0.9999845027923584
0.5323233008384705 0.38764655590057373 -0.5074081420898438 0.9999809265136719
0.6116169691085815 0.4943268895149231 -0.22697491943836212 0.9999889135360718
0.46433883905410767 0.48767757415771484 -0.18389274179935455 0.9997864365577698
0.6485572457313538 0.7153700590133667 -0.41650888323783875 0.9986122846603394
0.4286944568157196 0.6954792737960815 -0.12744876742362976 0.9424139261245728
0.6188695430755615 0.5762754678726196 -0.8165280818939209 0.9976436495780945
0.41570785641670227 0.8765994310379028 -0.2817956805229187 0.6704064607620239
0.6040406823158264 0.5443332195281982 -0.903005063533783 0.9914193153381348
0.40980789065361023 0.9291495680809021 -0.3108082115650177 0.543388843536377
0.6054025888442993 0.5140348076820374 -0.8793849349021912 0.9912269711494446
0.4119163751602173 0.9316452145576477 -0.3549911677837372 0.5614749193191528
0.6061752438545227 0.5192413926124573 -0.8141734600067139 0.9815426468849182
0.4167751371860504 0.9200336337089539 -0.30068814754486084 0.5220398902893066
0.590353786945343 0.8233807682991028 0.0011662953766062856 0.9930310845375061
0.48561525344848633 0.8256558179855347 -0.0005945845041424036 0.9864227175712585
0.6720335483551025 1.0000746250152588 -0.4201275408267975 0.9090071320533752
0.4235854744911194 1.0014336109161377 -0.3939869701862335 0.8886736035346985
0.6278766393661499 1.2590194940567017 0.00753368716686964 0.3476155996322632
0.45221784710884094 1.2822736501693726 -0.059476692229509354 0.37102657556533813
0.6127362847328186 1.284799337387085 0.04264966771006584 0.3620537221431732
0.45892828702926636 1.3152188062667847 -0.03460247069597244 0.2950681447982788
0.6334007978439331 1.359898328781128 -0.13361439108848572 0.17048202455043793
0.44898268580436707 1.3787755966186523 -0.2352256029844284 0.1666523963212967
