0.549879789352417 0.36176615953445435 -0.5865136981010437 0.9999322891235352
0.5597357153892517 0.33601903915405273 -0.5568552613258362 0.9999173879623413
0.5658243298530579 0.3360915184020996 -0.5570178627967834 0.9999511241912842
0.5708115696907043 0.33617061376571655 -0.5573573708534241 0.9999364614486694
0.5389502644538879 0.33342260122299194 -0.5612614750862122 0.9998396635055542
0.5296290516853333 0.3321002125740051 -0.5613039135932922 0.999847412109375
0.5224848389625549 0.33200156688690186 -0.5614243745803833 0.9997000694274902
0.5762531757354736 0.3473641872406006 -0.3618294596672058 0.9999721050262451
0.5119472146034241 0.3465040326118469 -0.3835158944129944 0.9999388456344604
0.5573269128799438 0.3949146568775177 -0.5110546946525574 0.9999866485595703
0.5343358516693115 0.3933085799217224 -0.5178383588790894 0.9999840259552002
0.6100863218307495 0.4883604347705841 -0.24020907282829285 0.9999912977218628
0.4637889266014099 0.4930732548236847 -0.1972355991601944 0.9997740387916565
0.6455191373825073 0.7129262685775757 -0.42229992151260376 0.9985827207565308
0.42857620120048523 0.7009623646736145 -0.11632787436246872 0.9345169067382812
0.6160864233970642 0.5643084049224854 -0.8111644387245178 0.9978289008140564
0.41948145627975464 0.8772581219673157 -0.23657704889774323 0.6682213544845581
0.5975374579429626 0.5275054574012756 -0.8942791819572449 0.992028534412384
0.41206687688827515 0.932742178440094 -0.2582738399505615 0.5430507659912109
0.6005904674530029 0.4990125894546509 -0.8718634843826294 0.9918909072875977
0.41514670848846436 0.9315450191497803 -0.30112212896347046 0.5667794942855835
0.6025969982147217 0.5072424411773682 -0.8086849451065063 0.9834716320037842
0.4202384352684021 0.9212482571601868 -0.25349900126457214 0.5340954065322876
0.5922322869300842 0.8254899978637695 0.00186840258538723 0.9956716299057007
0.48758548498153687 0.8258454203605652 -0.0013137023197486997 0.9893222451210022
0.667639970779419 0.9954492449760437 -0.39569634199142456 0.8934395909309387
0.4431999921798706 1.0510873794555664 -0.32588425278663635 0.8511167764663696
0.6226833462715149 1.2398686408996582 0.054814212024211884 0.2358051836490631
0.46383345127105713 1.2697666883468628 0.03038967214524746 0.24093741178512573
0.6083086133003235 1.261805534362793 0.09425226598978043 0.30403101444244385
0.4698127508163452 1.3002469539642334 0.05876798555254936 0.22199109196662903
0.6236407160758972 1.3431298732757568 -0.06937086582183838 0.12267754226922989
0.4640997648239136 1.365996241569519 -0.1261644810438156 0.10645165294408798
