0.5519954562187195 0.3623586893081665 -0.5483961701393127 0.9999477863311768
0.5607061386108398 0.33540183305740356 -0.5194960832595825 0.999934196472168
0.5664116740226746 0.33525407314300537 -0.5196900963783264 0.9999657869338989
0.5710073113441467 0.3356587886810303 -0.5200199484825134 0.9999536275863647
0.5413430333137512 0.3349608778953552 -0.524283766746521 0.9998636245727539
0.5320782661437988 0.33480459451675415 -0.5243449807167053 0.9998818635940552
0.5243074297904968 0.3349601626396179 -0.5244699716567993 0.9997527003288269
0.5760034322738647 0.3456559181213379 -0.32348546385765076 0.9999812841415405
0.5118942856788635 0.34885817766189575 -0.34752339124679565 0.9999518394470215
0.5586021542549133 0.3919851779937744 -0.4715431332588196 0.9999845027923584
0.5356758236885071 0.39026936888694763 -0.4790329039096832 0.9999802112579346
0.607370913028717 0.4842057526111603 -0.20326638221740723 0.9999927282333374
0.46295300126075745 0.48762160539627075 -0.15669454634189606 0.9997568726539612
0.6429608464241028 0.7026717662811279 -0.37768733501434326 0.9990848302841187
0.42966368794441223 0.6919497847557068 -0.040176283568143845 0.9344713091850281
0.6109905242919922 0.5469030737876892 -0.7566297054290771 0.9985682964324951
0.4248347878456116 0.8644989728927612 -0.12491662800312042 0.7010325193405151
0.591313362121582 0.5119822025299072 -0.8367531299591064 0.995303750038147
0.41932356357574463 0.9132711291313171 -0.14072366058826447 0.5858427286148071
0.5932013988494873 0.4814271032810211 -0.8161150217056274 0.9952794313430786
0.424167275428772 0.9160637259483337 -0.18311136960983276 0.608712375164032
0.595860481262207 0.4912189543247223 -0.7547054886817932 0.9910985827445984
0.42690837383270264 0.9051672220230103 -0.14072318375110626 0.5993748307228088
0.591912031173706 0.8218955993652344 0.0028458002489060163 0.998106837272644
0.487047016620636 0.8267146944999695 -0.0021967573557049036 0.9948790073394775
0.66963130235672 1.0032806396484375 -0.31094682216644287 0.9077854752540588
0.44662463665008545 1.0752100944519043 -0.2914262115955353 0.8724410533905029
0.6170063614845276 1.2604002952575684 0.15468533337116241 0.13988938927650452
0.46092844009399414 1.2941994667053223 0.0765383318066597 0.18037618696689606
0.6035153865814209 1.2800153493881226 0.19738541543483734 0.22194413840770721
0.4643935561180115 1.3224724531173706 0.10814420133829117 0.1970139443874359
0.612397313117981 1.3698875904083252 0.048669151961803436 0.061839759349823
0.4687366485595703 1.3941199779510498 -0.07063893973827362 0.07189972698688507
