0.5428149104118347 0.3670499920845032 -0.5683237314224243 0.9999679327011108
0.5535784959793091 0.3414391875267029 -0.5390625596046448 0.999957799911499
0.5590664148330688 0.341852068901062 -0.539200484752655 0.999974250793457
0.5647838115692139 0.3426726460456848 -0.5395155549049377 0.9999666213989258
0.5344967246055603 0.33941495418548584 -0.5433108806610107 0.9999196529388428
0.5264540314674377 0.33833199739456177 -0.5433114171028137 0.9999175071716309
0.5205273032188416 0.33795613050460815 -0.5434384942054749 0.999847412109375
0.5730293393135071 0.35392194986343384 -0.3436693549156189 0.9999850988388062
0.511763870716095 0.3487241864204407 -0.36473819613456726 0.9999719858169556
0.5521566867828369 0.3956582546234131 -0.49224627017974854 0.9999899864196777
0.5296130776405334 0.3919314742088318 -0.4988633990287781 0.9999897480010986
0.606876790523529 0.4836087226867676 -0.2255096137523651 0.9999911785125732
0.4642968773841858 0.4907408654689789 -0.17703738808631897 0.9997612833976746
0.6443944573402405 0.680963397026062 -0.4259759485721588 0.9979733824729919
0.4293769896030426 0.7001016139984131 -0.09723090380430222 0.9132175445556641
0.6185257434844971 0.4909522831439972 -0.8066844940185547 0.9980003237724304
0.4162950813770294 0.8805296421051025 -0.18842287361621857 0.6646332144737244
0.6090999841690063 0.43892544507980347 -0.8856656551361084 0.9924740195274353
0.4073305130004883 0.9272422790527344 -0.1992070972919464 0.5323652625083923
0.6066144108772278 0.4259413480758667 -0.8610532879829407 0.9923646450042725
0.41040581464767456 0.9333131313323975 -0.24276332557201385 0.5535641312599182
0.604782223701477 0.44188451766967773 -0.8039337992668152 0.9842809438705444
0.4173954725265503 0.9168330430984497 -0.20485767722129822 0.528537392616272
0.589057981967926 0.8126558065414429 -0.000501527450978756 0.9954504370689392
0.4877685010433197 0.817390501499176 0.0009601746569387615 0.9894338250160217
0.6643043756484985 0.9827405214309692 -0.42962267994880676 0.9377511739730835
0.4402093291282654 1.0301995277404785 -0.3848392367362976 0.9067283272743225
0.6211671829223633 1.218050241470337 -0.007208663038909435 0.41859138011932373
0.47264161705970764 1.2612568140029907 -0.04811747372150421 0.40893465280532837
0.6065847277641296 1.2379814386367798 0.029423601925373077 0.45076680183410645
0.480761855840683 1.2895983457565308 -0.021244900301098824 0.35865187644958496
0.6204007863998413 1.3221088647842407 -0.13410764932632446 0.23466137051582336
0.47349849343299866 1.3616728782653809 -0.2050018310546875 0.19239935278892517
