0.5560616850852966 0.38137561082839966 -0.681048572063446 0.9999650716781616
0.565401017665863 0.35363489389419556 -0.6529873013496399 0.9999613761901855
0.5698975324630737 0.35385435819625854 -0.6530870795249939 0.9999750852584839
0.5736606121063232 0.35398364067077637 -0.653431236743927 0.999964714050293
0.5477208495140076 0.34798264503479004 -0.659388542175293 0.9999401569366455
0.5386916399002075 0.34456872940063477 -0.6594480872154236 0.9999390840530396
0.5303952693939209 0.34169840812683105 -0.6595726013183594 0.9998776912689209
0.5774453282356262 0.3585811257362366 -0.43959730863571167 0.9999849796295166
0.5162402987480164 0.3478529453277588 -0.47014859318733215 0.999984860420227
0.5609575510025024 0.4091552197933197 -0.595270574092865 0.9999890327453613
0.5383277535438538 0.40283212065696716 -0.6049527525901794 0.9999896287918091
0.603499174118042 0.4763792157173157 -0.29832032322883606 0.9999926090240479
0.46330663561820984 0.4897819757461548 -0.24425005912780762 0.9998410940170288
0.647335946559906 0.6429917812347412 -0.49978283047676086 0.9977667331695557
0.4329553246498108 0.6885000467300415 -0.06793500483036041 0.863031268119812
0.600334882736206 0.445946604013443 -0.8930345773696899 0.9964296221733093
0.4166124165058136 0.8688127398490906 -0.059622641652822495 0.4844415783882141
0.5873590111732483 0.40705329179763794 -0.9758796691894531 0.9869229197502136
0.407107412815094 0.9169620871543884 -0.05497021600604057 0.3649016320705414
0.5860224962234497 0.3940418064594269 -0.9524179697036743 0.9864100813865662
0.4109106957912445 0.9312970042228699 -0.10667932033538818 0.38853365182876587
0.5862053632736206 0.4064556360244751 -0.8912023305892944 0.972682774066925
0.41485780477523804 0.9142540693283081 -0.07568152993917465 0.3749822676181793
0.5943682193756104 0.8204919099807739 -0.004984027706086636 0.9970513582229614
0.4952768385410309 0.8188022375106812 0.005453936289995909 0.9929656982421875
0.6691654920578003 0.9895879626274109 -0.3867327868938446 0.9428524374961853
0.4238624572753906 1.002094030380249 -0.32035529613494873 0.8921212553977966
0.6128404140472412 1.2054071426391602 0.08143164962530136 0.29029712080955505
0.4615764319896698 1.2332645654678345 0.07799030095338821 0.24888992309570312
0.5966702699661255 1.224135160446167 0.12473388016223907 0.3937631845474243
0.47097715735435486 1.2587671279907227 0.11256925016641617 0.2861906588077545
0.6163572669029236 1.310613751411438 -0.026931874454021454 0.16322273015975952
0.45766952633857727 1.3314011096954346 -0.05467195063829422 0.10107649117708206
