0.5502341985702515 0.3811253309249878 -0.7154773473739624 0.9999829530715942
0.5602120757102966 0.35430246591567993 -0.6878505945205688 0.9999769926071167
0.5650913715362549 0.3542896509170532 -0.6879138350486755 0.9999855756759644
0.5697574615478516 0.35421669483184814 -0.6882539987564087 0.9999773502349854
0.5410123467445374 0.35111868381500244 -0.6933988332748413 0.9999631643295288
0.5324897766113281 0.348327100276947 -0.6934862732887268 0.9999632835388184
0.5255175232887268 0.34618085622787476 -0.6936031579971313 0.9999191761016846
0.5756510496139526 0.3609658479690552 -0.4790404736995697 0.9999896287918091
0.5130620002746582 0.35102736949920654 -0.5078506469726562 0.9999908208847046
0.5583184957504272 0.4119098484516144 -0.632426917552948 0.9999947547912598
0.5340976715087891 0.4082513749599457 -0.6416744589805603 0.9999957084655762
0.6017877459526062 0.4798063039779663 -0.3335879147052765 0.9999934434890747
0.4592221677303314 0.4954235553741455 -0.28208306431770325 0.9998866319656372
0.6405174732208252 0.6742342114448547 -0.528077244758606 0.9983502626419067
0.42964988946914673 0.7059662342071533 -0.08745987713336945 0.8734995722770691
0.6044408679008484 0.46921011805534363 -0.9073664546012878 0.9973008036613464
0.4199999272823334 0.8814631104469299 -0.048062801361083984 0.5472918152809143
0.5929820537567139 0.42688825726509094 -0.9858314394950867 0.9891473054885864
0.41089269518852234 0.9407865405082703 -0.03906525298953056 0.39893636107444763
0.5885339379310608 0.41089943051338196 -0.9637155532836914 0.988657534122467
0.4110898971557617 0.9449913501739502 -0.08740951865911484 0.4261857867240906
0.587873637676239 0.425302654504776 -0.9053301215171814 0.9780396819114685
0.4186340272426605 0.9260127544403076 -0.061982735991477966 0.4247150421142578
0.5898948311805725 0.8173056244850159 -0.00016203676932491362 0.998141884803772
0.4895610809326172 0.8208281397819519 0.0006745430873706937 0.9959912896156311
0.6729608774185181 0.99625164270401 -0.33907872438430786 0.9529749751091003
0.44375067949295044 1.0626991987228394 -0.29215317964553833 0.9075778722763062
0.6256340742111206 1.224450707435608 0.14729391038417816 0.22979269921779633
0.4669758677482605 1.2637288570404053 0.1330399513244629 0.23254768550395966
0.6107882857322693 1.2481741905212402 0.19195771217346191 0.3482012450695038
0.4744736850261688 1.2935800552368164 0.1695791631937027 0.253920316696167
0.6319044232368469 1.334089994430542 0.0367286391556263 0.11287276446819305
0.4631846249103546 1.3589762449264526 -0.005620067939162254 0.08911076933145523
