0.550301730632782 0.36923956871032715 -0.5865848064422607 0.9999558925628662
0.5600020289421082 0.34028100967407227 -0.5582485795021057 0.999954104423523
0.5650135278701782 0.340065598487854 -0.5584186911582947 0.9999712705612183
0.5705540776252747 0.3399614691734314 -0.558734118938446 0.9999628067016602
0.5403229594230652 0.33973222970962524 -0.5623618960380554 0.999920129776001
0.5319979190826416 0.3389323353767395 -0.5623939037322998 0.9999216794967651
0.5247140526771545 0.3387799859046936 -0.5625073313713074 0.9998552799224854
0.5746681094169617 0.35045289993286133 -0.36327216029167175 0.9999840259552002
0.513130784034729 0.34926384687423706 -0.3823152780532837 0.9999707937240601
0.5580704212188721 0.39851340651512146 -0.5105087757110596 0.9999923706054688
0.5353001952171326 0.3976649343967438 -0.5164400339126587 0.9999908208847046
0.6076881885528564 0.48781484365463257 -0.24103499948978424 0.9999938011169434
0.4632396996021271 0.4910798668861389 -0.18982015550136566 0.9998805522918701
0.6427091956138611 0.6960546970367432 -0.4207065999507904 0.9985916018486023
0.4311177134513855 0.6870089769363403 -0.09194798767566681 0.9618372917175293
0.5969743728637695 0.5838693976402283 -0.8261258006095886 0.9975730776786804
0.42429739236831665 0.8613333106040955 -0.1955127716064453 0.7680861353874207
0.5806272029876709 0.5796169638633728 -0.9128475785255432 0.9920923113822937
0.4179791212081909 0.9146158695220947 -0.21668396890163422 0.6613129377365112
0.5753787755966187 0.5507519245147705 -0.8945661187171936 0.9920917749404907
0.4212304949760437 0.9161292314529419 -0.2594378888607025 0.6797586679458618
0.5780184268951416 0.5496151447296143 -0.8252465724945068 0.983109176158905
0.42718684673309326 0.8959562182426453 -0.21145261824131012 0.6395598649978638
0.5901588201522827 0.8167170286178589 -0.0015138712478801608 0.9958683252334595
0.4882240891456604 0.8184930086135864 0.0021079322323203087 0.989967942237854
0.6676188707351685 0.9920725226402283 -0.4270106554031372 0.9394146203994751
0.4452328085899353 1.0553865432739258 -0.3486150801181793 0.9154617190361023
0.6245316863059998 1.24264657497406 -0.02152823470532894 0.42268380522727966
0.4647570848464966 1.2648437023162842 0.0009196970495395362 0.316733717918396
0.6110643148422241 1.268858551979065 0.013091664761304855 0.4406324028968811
0.4713535010814667 1.2922797203063965 0.028875557705760002 0.25646451115608215
0.6320284008979797 1.3433042764663696 -0.15472282469272614 0.22885450720787048
0.4636031985282898 1.3616254329681396 -0.14765363931655884 0.13032940030097961
