0.5500909686088562 0.36704111099243164 -0.5719029307365417 0.9998749494552612
0.5584858655929565 0.3406097888946533 -0.5422815084457397 0.9998606443405151
0.5634683966636658 0.340570330619812 -0.54245525598526 0.9999116659164429
0.568896472454071 0.34058135747909546 -0.5427712798118591 0.9998893737792969
0.5403510332107544 0.3392632007598877 -0.5470952987670898 0.9997673630714417
0.5315682888031006 0.3385481834411621 -0.547131359577179 0.9997733235359192
0.5244044065475464 0.33810991048812866 -0.5472621321678162 0.9995929598808289
0.5730437636375427 0.35045987367630005 -0.34713295102119446 0.9999539852142334
0.5121927261352539 0.3503468632698059 -0.36848580837249756 0.9999047517776489
0.556941568851471 0.39554673433303833 -0.49625834822654724 0.9999814033508301
0.5346341729164124 0.3951416313648224 -0.5028851628303528 0.9999761581420898
0.6101205945014954 0.4893103241920471 -0.2310476154088974 0.9999887943267822
0.46202895045280457 0.49380916357040405 -0.18377675116062164 0.9997655749320984
0.6442471146583557 0.6894872188568115 -0.41235390305519104 0.9984204769134521
0.4294460713863373 0.6921213269233704 -0.10953942686319351 0.958143413066864
0.600890576839447 0.599703311920166 -0.8124986886978149 0.9958381652832031
0.4220190644264221 0.863713800907135 -0.24159106612205505 0.7282513380050659
0.5841249227523804 0.5983743667602539 -0.8978741765022278 0.9864389896392822
0.41545647382736206 0.9169712066650391 -0.2682599127292633 0.6106565594673157
0.577433705329895 0.567878007888794 -0.8764093518257141 0.9863932728767395
0.4191465973854065 0.9207516312599182 -0.30960673093795776 0.633282482624054
0.5801788568496704 0.5648840665817261 -0.8101237416267395 0.9723513126373291
0.4240875244140625 0.900995135307312 -0.2581460475921631 0.5897076725959778
0.5888996124267578 0.819736897945404 -0.00315127638168633 0.9934664368629456
0.48616844415664673 0.8222565054893494 0.0037589261773973703 0.9840413331985474
0.664387583732605 0.9858875274658203 -0.4351962208747864 0.8989806771278381
0.4425937533378601 1.0453237295150757 -0.3349907696247101 0.8659051060676575
0.6225967407226562 1.2310248613357544 -0.015608778223395348 0.3064730167388916
0.4635431468486786 1.255362629890442 0.021277504041790962 0.26042044162750244
0.6096963286399841 1.2575342655181885 0.020114291459321976 0.35050955414772034
0.4704294502735138 1.2843494415283203 0.0494002103805542 0.23416371643543243
0.630515992641449 1.3306583166122437 -0.14972108602523804 0.1541980803012848
0.4606437385082245 1.349698543548584 -0.13025124371051788 0.10272396355867386
