0.546963095664978 0.35680264234542847 -0.5552548170089722 0.9999406337738037
0.5559062957763672 0.3321666121482849 -0.5235596299171448 0.9999382495880127
0.5612210035324097 0.33279532194137573 -0.5237458348274231 0.9999614953994751
0.567135751247406 0.3335629105567932 -0.5240511298179626 0.9999548196792603
0.5365840792655945 0.3304275870323181 -0.5268757939338684 0.9998892545700073
0.5284188389778137 0.3300713300704956 -0.5269219279289246 0.9998934268951416
0.5220285058021545 0.33038926124572754 -0.5270702838897705 0.9998181462287903
0.5730323791503906 0.3477986454963684 -0.3260703980922699 0.9999788999557495
0.5111194849014282 0.34596753120422363 -0.34061530232429504 0.9999415874481201
0.5555604696273804 0.3872644603252411 -0.480119526386261 0.9999901056289673
0.5318872928619385 0.38510197401046753 -0.484658420085907 0.9999849796295166
0.6143592000007629 0.49708154797554016 -0.20665566623210907 0.9999886751174927
0.46270495653152466 0.49112921953201294 -0.1640690416097641 0.9997243285179138
0.6453699469566345 0.7088664770126343 -0.3769555985927582 0.9982590079307556
0.4294848144054413 0.6941379904747009 -0.10785572230815887 0.9602224230766296
0.6069450974464417 0.6294253468513489 -0.7800287008285522 0.9956414699554443
0.42129775881767273 0.8658238053321838 -0.2665265202522278 0.7335415482521057
0.5895832180976868 0.6368923187255859 -0.8646974563598633 0.9859923720359802
0.4150610864162445 0.9163063168525696 -0.298160195350647 0.605581521987915
0.5828269720077515 0.6076072454452515 -0.8468669652938843 0.9864373803138733
0.4182209372520447 0.9204311370849609 -0.33873066306114197 0.6271110773086548
0.5859455466270447 0.6042169332504272 -0.7790963649749756 0.9723925590515137
0.4240216910839081 0.9027475118637085 -0.2837640941143036 0.5811013579368591
0.591248095035553 0.8260164260864258 -0.001716642058454454 0.9943384528160095
0.4860680401325226 0.8258805274963379 0.0022831715177744627 0.9854576587677002
0.6688452959060669 0.9979360103607178 -0.46813929080963135 0.9201213121414185
0.44477444887161255 1.065839171409607 -0.365781307220459 0.870042085647583
0.624028205871582 1.266566276550293 -0.06850859522819519 0.4077727198600769
0.45733433961868286 1.2882111072540283 -0.02956685610115528 0.33039960265159607
0.6130911111831665 1.2933224439620972 -0.0353139229118824 0.4247056543827057
0.4620811343193054 1.3184044361114502 -0.003721012733876705 0.2706737518310547
0.627730131149292 1.3639423847198486 -0.21749837696552277 0.21487370133399963
0.45721641182899475 1.3798143863677979 -0.19688917696475983 0.1396031528711319
