0.5278878211975098 0.39581939578056335 -0.47194191813468933 0.9997724890708923
0.5347050428390503 0.375546932220459 -0.4429853856563568 0.9996947050094604
0.5389741659164429 0.37625277042388916 -0.44307783246040344 0.9997645020484924
0.543497622013092 0.37749728560447693 -0.44328880310058594 0.9995989203453064
0.5187651515007019 0.37560415267944336 -0.4473722577095032 0.9995916485786438
0.5125595331192017 0.376855731010437 -0.4475129544734955 0.9996992349624634
0.5071260333061218 0.3790118396282196 -0.44759875535964966 0.9995710253715515
0.5496989488601685 0.3945055902004242 -0.27362146973609924 0.999763548374176
0.49861690402030945 0.3967974781990051 -0.29503384232521057 0.9998539686203003
0.536209225654602 0.4220854640007019 -0.4087981879711151 0.9999207258224487
0.5153318643569946 0.42431288957595825 -0.4153940975666046 0.9999357461929321
0.589380145072937 0.5332229733467102 -0.16954508423805237 0.9996547698974609
0.4553167223930359 0.5382819175720215 -0.19170811772346497 0.9989873766899109
0.6357142329216003 0.6792824864387512 -0.35706624388694763 0.989654541015625
0.40586650371551514 0.7158871293067932 -0.38218778371810913 0.9896732568740845
0.6344531774520874 0.6185526251792908 -0.6972540020942688 0.9807901382446289
0.4508609175682068 0.6372365951538086 -0.7126181721687317 0.9911795258522034
0.6433122754096985 0.6202675104141235 -0.7621967196464539 0.9483119249343872
0.45889800786972046 0.6194628477096558 -0.7733039855957031 0.9726992845535278
0.6350465416908264 0.6000916361808777 -0.7443395853042603 0.949191689491272
0.4609917998313904 0.5754036903381348 -0.7553220987319946 0.9709992408752441
0.6288890838623047 0.5990598797798157 -0.6972258687019348 0.9386942386627197
0.46268904209136963 0.5841054916381836 -0.71094810962677 0.9620761275291443
0.5691746473312378 0.8199477195739746 0.004527952056378126 0.9939090013504028
0.4770672023296356 0.817105233669281 -0.004021863453090191 0.9946095943450928
0.5930650234222412 1.0394325256347656 -0.1791314333677292 0.48922276496887207
0.4747219681739807 0.9948338270187378 -0.23378394544124603 0.5620458126068115
0.5928738713264465 1.1983439922332764 0.24031028151512146 0.005994079168885946
0.48495662212371826 1.2124319076538086 0.13847176730632782 0.024012047797441483
0.5899791717529297 1.2228682041168213 0.27544450759887695 0.017520084977149963
0.48685094714164734 1.2417607307434082 0.16979144513607025 0.01998666487634182
0.5961456894874573 1.280997633934021 0.13711589574813843 0.003952333237975836
0.49147871136665344 1.2894617319107056 0.00034529503318481147 0.014716259203851223
