0.5336945652961731 0.4079001545906067 -0.27596327662467957 0.9972566962242126
0.5382469892501831 0.3873610496520996 -0.2552812993526459 0.9966180920600891
0.5416611433029175 0.38775211572647095 -0.2553485035896301 0.9973986148834229
0.545104444026947 0.3885623812675476 -0.25542721152305603 0.9971697926521301
0.5257437825202942 0.38628339767456055 -0.2703849971294403 0.9966356158256531
0.5196738839149475 0.3860699534416199 -0.270571768283844 0.997394323348999
0.5137169361114502 0.3861897587776184 -0.27076950669288635 0.9971933960914612
0.5452878475189209 0.39934030175209045 -0.12174726277589798 0.9979472756385803
0.5002368688583374 0.39556071162223816 -0.19017146527767181 0.998406708240509
0.5369120836257935 0.4317534267902374 -0.22202087938785553 0.9962279796600342
0.5220400094985962 0.4326217770576477 -0.24257655441761017 0.9961573481559753
0.5772529244422913 0.5226637721061707 -0.051681891083717346 0.9979851245880127
0.4529486298561096 0.529266357421875 -0.1609078347682953 0.9983622431755066
0.620981752872467 0.6701709032058716 -0.2320280820131302 0.9952154159545898
0.4246631860733032 0.6833957433700562 -0.3716070055961609 0.9979466795921326
0.5524939894676208 0.5488366484642029 -0.47640836238861084 0.9927733540534973
0.5101869106292725 0.558260977268219 -0.5641600489616394 0.9991034865379333
0.5458444952964783 0.5054130554199219 -0.523234486579895 0.9805228114128113
0.5206583142280579 0.5117611885070801 -0.612699568271637 0.9957523345947266
0.5402534008026123 0.4941158592700958 -0.48989903926849365 0.9787358641624451
0.5157340168952942 0.4978175461292267 -0.5760983824729919 0.9951144456863403
0.5396796464920044 0.5096554756164551 -0.4687632918357849 0.9824100732803345
0.5137617588043213 0.5172598361968994 -0.5522593855857849 0.9946203231811523
0.5681931972503662 0.8277485966682434 0.028843868523836136 0.9993403553962708
0.4779707193374634 0.8342548608779907 -0.02830052375793457 0.9992628693580627
0.5967725515365601 1.0785125494003296 0.027078140527009964 0.6563408374786377
0.4824739992618561 1.0914413928985596 -0.017934370785951614 0.7062779068946838
0.6032167077064514 1.2779185771942139 0.41225746273994446 0.001579631702043116
0.4806821942329407 1.3100371360778809 0.2637401819229126 0.009042026475071907
0.603259801864624 1.3076612949371338 0.44848504662513733 0.004199674353003502
0.47820472717285156 1.3454748392105103 0.2898485064506531 0.008016899228096008
0.602613627910614 1.3643651008605957 0.3413386046886444 0.0008122458821162581
0.4954575300216675 1.3893487453460693 0.14113479852676392 0.004091025795787573
