0.5349488854408264 0.40981265902519226 -0.30545559525489807 0.9997127652168274
0.5407314896583557 0.3871428966522217 -0.2840266823768616 0.9994480013847351
0.5446898341178894 0.38760849833488464 -0.28402283787727356 0.9996962547302246
0.548760175704956 0.3882427215576172 -0.28405889868736267 0.9994608759880066
0.524688720703125 0.385829359292984 -0.29187092185020447 0.9993996620178223
0.5177707076072693 0.38615626096725464 -0.2921260893344879 0.999669075012207
0.5113121271133423 0.3875496983528137 -0.2922443747520447 0.9994599223136902
0.5528246164321899 0.40169045329093933 -0.14913514256477356 0.9998307228088379
0.5009524822235107 0.4028245210647583 -0.18484053015708923 0.9998575448989868
0.5425066351890564 0.43860453367233276 -0.25191861391067505 0.9996334314346313
0.5224387049674988 0.43891724944114685 -0.2629556655883789 0.9996688365936279
0.5848122239112854 0.5370322465896606 -0.07778986543416977 0.9996349811553955
0.4539622366428375 0.5389575958251953 -0.12301687896251678 0.9993951320648193
0.6286143064498901 0.6797176599502563 -0.25648945569992065 0.9992941617965698
0.4131988286972046 0.7164484858512878 -0.32280075550079346 0.9984567165374756
0.5734887719154358 0.5126820802688599 -0.46903154253959656 0.9994342923164368
0.4877779185771942 0.631721556186676 -0.5589072108268738 0.9995824694633484
0.5602424144744873 0.4633581340312958 -0.5103305578231812 0.9977668523788452
0.5023373961448669 0.5758828520774841 -0.6042922139167786 0.997779905796051
0.5593355894088745 0.44760623574256897 -0.47006139159202576 0.9973395466804504
0.503106415271759 0.5526862740516663 -0.5682702660560608 0.9973809123039246
0.5588970184326172 0.46415215730667114 -0.45671790838241577 0.9979751706123352
0.5020935535430908 0.5689695477485657 -0.5486917495727539 0.9975872039794922
0.5721608996391296 0.8379809856414795 0.022448498755693436 0.9996440410614014
0.4760853946208954 0.8360102772712708 -0.021630819886922836 0.999538779258728
0.5894949436187744 1.095974326133728 -0.01999586820602417 0.6324744820594788
0.4849960207939148 1.092830777168274 -0.04450303316116333 0.6301709413528442
0.5913259387016296 1.301558494567871 0.36642369627952576 0.0003902303578797728
0.4833548367023468 1.3144142627716064 0.22859714925289154 0.002866779686883092
0.593128502368927 1.335534930229187 0.4012247622013092 0.0019235187210142612
0.4793137013912201 1.355556845664978 0.2521156370639801 0.004550919868052006
0.582566499710083 1.392458438873291 0.2844362258911133 0.0001707858027657494
0.49660390615463257 1.3919284343719482 0.09584459662437439 0.001568469568155706
