0.5391309261322021 0.4111531376838684 -0.30070188641548157 0.9999151229858398
0.5443731546401978 0.3923705220222473 -0.28143569827079773 0.9998899698257446
0.5477561950683594 0.3931659758090973 -0.28136494755744934 0.9998878240585327
0.5509827136993408 0.39410656690597534 -0.2814021706581116 0.9998629093170166
0.5310475826263428 0.38824763894081116 -0.29244378209114075 0.9999161958694458
0.5245063900947571 0.3866674602031708 -0.29256418347358704 0.9999147653579712
0.5181596875190735 0.3861728310585022 -0.29268768429756165 0.9999102354049683
0.5525108575820923 0.4054461419582367 -0.1513621211051941 0.9998891353607178
0.5045574903488159 0.3996742069721222 -0.20193567872047424 0.9999738931655884
0.5440641045570374 0.4376955032348633 -0.24875767529010773 0.999935507774353
0.5263850688934326 0.43607839941978455 -0.26389336585998535 0.9999725818634033
0.5816474556922913 0.5323147773742676 -0.06624901294708252 0.9998276233673096
0.4521954655647278 0.5411513447761536 -0.1070123165845871 0.9998195767402649
0.6240294575691223 0.672722578048706 -0.18834079802036285 0.997979462146759
0.409493625164032 0.7179813385009766 -0.1626136600971222 0.9963085055351257
0.571797251701355 0.5003484487533569 -0.39740249514579773 0.9987276196479797
0.4654519259929657 0.7294483780860901 -0.2942892909049988 0.9926881790161133
0.5593224763870239 0.453502357006073 -0.43962791562080383 0.9928994178771973
0.47886550426483154 0.721036434173584 -0.3178776204586029 0.971919596195221
0.5577623844146729 0.44033247232437134 -0.40753233432769775 0.9907351732254028
0.4820852279663086 0.7002514600753784 -0.30435842275619507 0.9704108834266663
0.5572920441627502 0.4566992223262787 -0.3888436555862427 0.9923908114433289
0.48014432191848755 0.6988849639892578 -0.28887131810188293 0.9740968942642212
0.573031485080719 0.8322510719299316 0.012281841598451138 0.999480664730072
0.47969314455986023 0.8405047655105591 -0.011203846894204617 0.9993791580200195
0.5834967494010925 1.0936405658721924 0.029038067907094955 0.15948736667633057
0.47771862149238586 1.0934516191482544 0.05424756184220314 0.14219416677951813
0.5909719467163086 1.3009129762649536 0.37739142775535583 0.00027366765425540507
0.47520118951797485 1.3056691884994507 0.3280695378780365 0.0014929360477253795
0.5924404263496399 1.3391257524490356 0.40786150097846985 0.0008377398480661213
0.4718781113624573 1.3467533588409424 0.3508947491645813 0.002127612940967083
0.5858126282691956 1.3845343589782715 0.27722322940826416 0.0003974932187702507
0.4856206476688385 1.3822779655456543 0.18989209830760956 0.001461001462303102
