0.5333678722381592 0.3998236656188965 -0.3772142231464386 0.9999337196350098
0.5393149256706238 0.37849122285842896 -0.35155442357063293 0.9998394250869751
0.5436252355575562 0.37978845834732056 -0.35165029764175415 0.9999032020568848
0.5473906993865967 0.38144513964653015 -0.35176578164100647 0.9997671246528625
0.5240145921707153 0.3769145905971527 -0.36004990339279175 0.9998239874839783
0.5175622701644897 0.3773454427719116 -0.3602832853794098 0.999901533126831
0.512159526348114 0.378176748752594 -0.36043909192085266 0.9997920393943787
0.5514824986457825 0.39753779768943787 -0.20185016095638275 0.9998973608016968
0.5019970536231995 0.3951488137245178 -0.24354662001132965 0.9999662637710571
0.5404654145240784 0.4269562065601349 -0.3205585479736328 0.999956488609314
0.5213253498077393 0.4266500473022461 -0.33318912982940674 0.9999724626541138
0.5846666693687439 0.5200175642967224 -0.1082303449511528 0.9998804330825806
0.4521968960762024 0.5401278138160706 -0.14376617968082428 0.9997953772544861
0.6320039629936218 0.685533881187439 -0.2524312436580658 0.999055802822113
0.41580283641815186 0.7008264660835266 -0.19278636574745178 0.9953548908233643
0.6087570786476135 0.5852236747741699 -0.5507301688194275 0.9984971284866333
0.4520185589790344 0.7696303129196167 -0.4007817804813385 0.9929711222648621
0.599566638469696 0.5413122177124023 -0.6105779409408569 0.9959539175033569
0.450131356716156 0.8029821515083313 -0.43872377276420593 0.9847303628921509
0.5998357534408569 0.5178897380828857 -0.5905420780181885 0.9957655668258667
0.4549541771411896 0.7851623892784119 -0.44513213634490967 0.9858461022377014
0.6003797054290771 0.5326736569404602 -0.54839688539505 0.995760977268219
0.4575687050819397 0.7743017077445984 -0.4046977460384369 0.9873633980751038
0.5749913454055786 0.8230925798416138 0.006711398717015982 0.9996932744979858
0.4898547828197479 0.8373833298683167 -0.006147018168121576 0.9996185302734375
0.6012701392173767 1.0608611106872559 0.0040005845949053764 0.6659404635429382
0.4807575047016144 1.0820821523666382 0.008883998729288578 0.6639087796211243
0.6005076766014099 1.2258551120758057 0.44480371475219727 0.0015791511395946145
0.4821505844593048 1.2410968542099 0.386734277009964 0.004938805475831032
0.6001116633415222 1.2519688606262207 0.48638561367988586 0.006455780938267708
0.48162510991096497 1.2703683376312256 0.4217124581336975 0.010717655532062054
0.596628725528717 1.3130840063095093 0.38842669129371643 0.0007428256212733686
0.4941788911819458 1.3160545825958252 0.2994155287742615 0.0028219271916896105
