0.5658529996871948 0.3605293035507202 -0.4033638834953308 0.997748076915741
0.5745153427124023 0.34030529856681824 -0.3734194338321686 0.997389018535614
0.5799782872200012 0.34111714363098145 -0.37340399622917175 0.9972322583198547
0.5840101838111877 0.34215036034584045 -0.3735950291156769 0.9964941143989563
0.5571237206459045 0.3409459888935089 -0.3743566870689392 0.9972499012947083
0.5511256456375122 0.34249621629714966 -0.37454837560653687 0.9975504279136658
0.5461356043815613 0.3440549969673157 -0.37465864419937134 0.9969770908355713
0.5919784307479858 0.358417272567749 -0.22259721159934998 0.9980181455612183
0.5363115668296814 0.36085596680641174 -0.2242206186056137 0.9985061287879944
0.5760297775268555 0.3899920582771301 -0.3480507433414459 0.9990341663360596
0.5555741786956787 0.38872644305229187 -0.3492300808429718 0.998898983001709
0.6284611821174622 0.5201593041419983 -0.14664791524410248 0.9983977675437927
0.503217339515686 0.49463149905204773 -0.18621239066123962 0.997600257396698
0.7053607702255249 0.6739076375961304 -0.40466997027397156 0.9992296695709229
0.42433425784111023 0.6297528743743896 -0.4593741297721863 0.9984108209609985
0.6605607271194458 0.5224295854568481 -0.6792392730712891 0.9979881048202515
0.5034940838813782 0.508271336555481 -0.7276695966720581 0.9987673759460449
0.6397455334663391 0.4900219440460205 -0.7302806973457336 0.9892299771308899
0.5286071300506592 0.47984516620635986 -0.773305356502533 0.99253910779953
0.629267692565918 0.4770503342151642 -0.672774612903595 0.9868348240852356
0.534944474697113 0.4667888581752777 -0.7289010286331177 0.9904634952545166
0.631110429763794 0.48743465542793274 -0.66089928150177 0.9859802722930908
0.5322156548500061 0.47533631324768066 -0.7137078046798706 0.9888411164283752
0.6126296520233154 0.8171111941337585 0.014276009984314442 0.999491810798645
0.5208255648612976 0.8216693997383118 -0.014064637944102287 0.9994437098503113
0.6277064681053162 1.053256630897522 -0.1714169979095459 0.8358194231987
0.5252214074134827 1.0630441904067993 -0.06645998358726501 0.6278390884399414
0.61826491355896 1.1666574478149414 0.2978774607181549 0.0024557949509471655
0.5333399176597595 1.2000588178634644 0.31218013167381287 0.0034974091686308384
0.6162153482437134 1.1811085939407349 0.3439978361129761 0.008018814958631992
0.5351435542106628 1.2257678508758545 0.3480382561683655 0.0033139910083264112
0.6138916015625 1.2504992485046387 0.26733195781707764 0.002025299472734332
0.534403920173645 1.2772972583770752 0.24915644526481628 0.0031527234241366386
