0.5656843185424805 0.3641378581523895 -0.3398309648036957 0.9999964237213135
0.576519250869751 0.34486842155456543 -0.30915138125419617 0.9999880790710449
0.5816752314567566 0.34578943252563477 -0.30897200107574463 0.9999899864196777
0.5862349271774292 0.3474140763282776 -0.30883967876434326 0.9999877214431763
0.5573797225952148 0.3430827856063843 -0.3122886121273041 0.9999856948852539
0.5500405430793762 0.3431618809700012 -0.3124959170818329 0.9999890327453613
0.544402003288269 0.3440312147140503 -0.31244924664497375 0.9999850988388062
0.5925161838531494 0.3624249994754791 -0.14991764724254608 0.9999927282333374
0.5361272692680359 0.36046066880226135 -0.16354228556156158 0.9999914169311523
0.5746942162513733 0.39472633600234985 -0.28263550996780396 0.9999951124191284
0.5511113405227661 0.39137375354766846 -0.2874366343021393 0.9999897480010986
0.6227849721908569 0.519138753414154 -0.0717519223690033 0.9999886751174927
0.49660390615463257 0.5109753608703613 -0.09445467591285706 0.9999384880065918
0.6849555969238281 0.6796992421150208 -0.23427899181842804 0.9993094205856323
0.45896798372268677 0.700572669506073 -0.22022266685962677 0.9989280104637146
0.6789270639419556 0.4659747779369354 -0.4586467444896698 0.9999847412109375
0.4532472491264343 0.5178706645965576 -0.41116470098495483 0.99998939037323
0.679871141910553 0.40652498602867126 -0.499626100063324 0.9998337030410767
0.44785526394844055 0.45487335324287415 -0.4487464129924774 0.9999336004257202
0.6765043139457703 0.3935011029243469 -0.4679487347602844 0.9997602105140686
0.45118632912635803 0.4385470747947693 -0.42579805850982666 0.9999198913574219
0.6738342642784119 0.41664397716522217 -0.4527055323123932 0.9997953772544861
0.4565508961677551 0.4562002718448639 -0.4094196856021881 0.9999074935913086
0.6120776534080505 0.8457245826721191 0.004044379573315382 0.999714195728302
0.5171468257904053 0.8557834029197693 -0.0025806280318647623 0.9994603991508484
0.616492509841919 1.1134408712387085 -0.04942546412348747 0.18129512667655945
0.522485613822937 1.118664026260376 0.18376900255680084 0.1341475546360016
0.6193578243255615 1.329674482345581 0.3057541251182556 0.00012164530926384032
0.5260404348373413 1.3390486240386963 0.5440030694007874 0.000299501814879477
0.6216026544570923 1.3722929954528809 0.33610931038856506 0.0010365804191678762
0.5228307247161865 1.3801321983337402 0.5763512253761292 0.0008333469741046429
0.6074817180633545 1.419941782951355 0.15718795359134674 0.00016275951929856092
0.5428186058998108 1.43198823928833 0.3862822949886322 0.0006620895001105964
