0.5703923106193542 0.359188050031662 -0.22561264038085938 0.9999991655349731
0.578041672706604 0.338157594203949 -0.19872400164604187 0.9999963045120239
0.5825443267822266 0.338733971118927 -0.19870546460151672 0.9999980926513672
0.5865830779075623 0.33943992853164673 -0.19866646826267242 0.9999946355819702
0.5607427358627319 0.34011709690093994 -0.20643524825572968 0.9999972581863403
0.5547128915786743 0.34178298711776733 -0.2066250741481781 0.9999986886978149
0.5490449070930481 0.3431174159049988 -0.20676429569721222 0.9999974966049194
0.5911712050437927 0.353106290102005 -0.0616254098713398 0.9999974966049194
0.541147768497467 0.35832783579826355 -0.09818767011165619 0.9999996423721313
0.5788363814353943 0.3868933618068695 -0.17482498288154602 0.9999971389770508
0.5584132075309753 0.38760533928871155 -0.1861003041267395 0.9999988079071045
0.6189095377922058 0.5089778900146484 0.012899594381451607 0.9999829530715942
0.5015132427215576 0.5022647380828857 -0.02931802347302437 0.9999778270721436
0.6866580247879028 0.6101559400558472 -0.11554544419050217 0.9999516010284424
0.46786606311798096 0.6870869398117065 -0.04309000447392464 0.9993075132369995
0.6562215685844421 0.3998390734195709 -0.3038422465324402 0.9999412298202515
0.4953348934650421 0.823989748954773 -0.14602896571159363 0.9992868304252625
0.6536266207695007 0.32436126470565796 -0.3466881513595581 0.9996140599250793
0.49646997451782227 0.872959315776825 -0.1612253040075302 0.997273862361908
0.6497575640678406 0.3203222155570984 -0.30877527594566345 0.999553382396698
0.51408851146698 0.8615703582763672 -0.16993005573749542 0.9974205493927002
0.6431362628936768 0.34594008326530457 -0.2933991253376007 0.9996799230575562
0.5161616802215576 0.8449063897132874 -0.14765749871730804 0.9981695413589478
0.6081271767616272 0.8241794109344482 0.0023915967904031277 0.9999861717224121
0.5214910507202148 0.835612416267395 -0.00135456130374223 0.9999796152114868
0.6210289001464844 1.0716867446899414 -0.06704746931791306 0.38741132616996765
0.5233072638511658 1.0808217525482178 -0.013072053901851177 0.3527867794036865
0.6163443326950073 1.2755547761917114 0.26833412051200867 9.141236660070717e-05
0.5343656539916992 1.2737698554992676 0.33256620168685913 0.00021962290338706225
0.620502233505249 1.3111841678619385 0.2997901141643524 0.0006569079123437405
0.531810462474823 1.3107032775878906 0.36486294865608215 0.0010277907131239772
0.5986844301223755 1.3620045185089111 0.19160151481628418 7.318487769225612e-05
0.5494107604026794 1.3478477001190186 0.2493697851896286 0.00022738586994819343
