0.5695109963417053 0.3607427179813385 -0.22507546842098236 0.9999959468841553
0.5771006345748901 0.34112605452537537 -0.19762533903121948 0.9999772310256958
0.5813493728637695 0.34138983488082886 -0.19760288298130035 0.9999879598617554
0.5860331058502197 0.3418586850166321 -0.197555273771286 0.9999630451202393
0.5612518191337585 0.3424333930015564 -0.2080739587545395 0.9999853372573853
0.554941713809967 0.34369388222694397 -0.2082819640636444 0.9999934434890747
0.5491846203804016 0.3450629413127899 -0.2084531933069229 0.9999861717224121
0.592219352722168 0.35652005672454834 -0.06276558339595795 0.9999829530715942
0.5414502620697021 0.3605537414550781 -0.11110571026802063 0.9999982118606567
0.5781198143959045 0.39164841175079346 -0.17562098801136017 0.9999889135360718
0.5578902363777161 0.3908248543739319 -0.19021698832511902 0.9999957084655762
0.6213210225105286 0.5144069194793701 0.01680363155901432 0.99993896484375
0.5003265738487244 0.5052822828292847 -0.05840348079800606 0.9999526739120483
0.6855752468109131 0.659098744392395 -0.11009020358324051 0.9998039603233337
0.4675915837287903 0.6925991773605347 -0.10059752315282822 0.9987799525260925
0.6434721350669861 0.43114420771598816 -0.299228310585022 0.9997201561927795
0.49546459317207336 0.8204659819602966 -0.21474331617355347 0.9985682964324951
0.6350539326667786 0.3750099837779999 -0.3410980999469757 0.9982648491859436
0.4964418113231659 0.8684888482093811 -0.23295430839061737 0.9943044781684875
0.6295819878578186 0.36964312195777893 -0.29854080080986023 0.9980188608169556
0.51378333568573 0.8588802814483643 -0.24004288017749786 0.9946710467338562
0.6284188032150269 0.3907903730869293 -0.286927193403244 0.9985544085502625
0.5156397223472595 0.8438342213630676 -0.2158171683549881 0.9959437251091003
0.610779345035553 0.8194122910499573 0.012816735543310642 0.9999666213989258
0.5210990905761719 0.8288118839263916 -0.01183228101581335 0.999957799911499
0.6224048733711243 1.05146062374115 -0.06690005958080292 0.5522963404655457
0.5213701128959656 1.0636729001998901 -0.01863928884267807 0.48396387696266174
0.6170735955238342 1.2423436641693115 0.2928782105445862 0.0002453007036820054
0.5276283025741577 1.2461745738983154 0.3397938013076782 0.0007395387510769069
0.6192761063575745 1.2778531312942505 0.3256162405014038 0.0014275787398219109
0.5255733728408813 1.2840807437896729 0.37205779552459717 0.0023328587412834167
0.6030591130256653 1.3278534412384033 0.2150910645723343 0.00017889741866383702
0.5380751490592957 1.318042516708374 0.25197675824165344 0.0006230197614058852
