0.5410234332084656 0.32504981756210327 -0.17888566851615906 0.9999960660934448
0.5483304262161255 0.30810362100601196 -0.14289718866348267 0.9999877214431763
0.5524432063102722 0.30886781215667725 -0.14306974411010742 0.999994158744812
0.5564190745353699 0.30996423959732056 -0.1431463211774826 0.9999897480010986
0.5312650203704834 0.3063146471977234 -0.15286685526371002 0.9999856948852539
0.5248717665672302 0.30684220790863037 -0.1529465615749359 0.9999921321868896
0.51917564868927 0.3075864315032959 -0.15313830971717834 0.9999858140945435
0.5610663294792175 0.32608866691589355 0.02647288888692856 0.9999924898147583
0.5079479217529297 0.32430195808410645 -0.021448154002428055 0.9999961853027344
0.550365149974823 0.35732561349868774 -0.1173512414097786 0.9999939203262329
0.5276662707328796 0.3556608557701111 -0.1316259205341339 0.9999955892562866
0.6025068759918213 0.4823503792285919 0.12145508825778961 0.9999853372573853
0.45727822184562683 0.47662535309791565 0.07241598516702652 0.9999446868896484
0.6603413224220276 0.6245056390762329 -0.021478330716490746 0.9983262419700623
0.42986923456192017 0.6827367544174194 0.11883051693439484 0.9859781265258789
0.6991674304008484 0.45847150683403015 -0.3003945052623749 0.9964359998703003
0.41015374660491943 0.8682410717010498 0.04242786020040512 0.93830806016922
0.7171896696090698 0.39776453375816345 -0.3557710349559784 0.9851967096328735
0.39220553636550903 0.9329083561897278 0.036436133086681366 0.863810658454895
0.7120544910430908 0.38095104694366455 -0.33586299419403076 0.9858484268188477
0.4025917053222656 0.9437687397003174 -0.008293090388178825 0.8773353099822998
0.7024997472763062 0.4021194279193878 -0.3019462525844574 0.9828189015388489
0.4126511216163635 0.9212784171104431 0.025653403252363205 0.880993127822876
0.5883585810661316 0.8221426010131836 0.011297255754470825 0.9981820583343506
0.485129714012146 0.8327534198760986 -0.010435721836984158 0.9969724416732788
0.6061334013938904 1.0940548181533813 -0.37831729650497437 0.9105287194252014
0.48525503277778625 1.0919991731643677 -0.35975128412246704 0.8780853152275085
0.6056179404258728 1.359130859375 -0.1506342589855194 0.201042041182518
0.45952069759368896 1.375363826751709 -0.2304101586341858 0.2553761303424835
0.605428159236908 1.3955515623092651 -0.1358417123556137 0.3199481666088104
0.45302626490592957 1.420240879058838 -0.2261229157447815 0.2942197024822235
0.5917519330978394 1.453819990158081 -0.3218061625957489 0.10963793098926544
0.4692703187465668 1.4571311473846436 -0.4435826539993286 0.15241779386997223
