0.5411161780357361 0.3289411664009094 -0.25079572200775146 0.9999983310699463
0.5486272573471069 0.3106005787849426 -0.21958906948566437 0.999994158744812
0.552940309047699 0.3111165165901184 -0.21967951953411102 0.9999971389770508
0.5578367114067078 0.3120031952857971 -0.2197132557630539 0.9999946355819702
0.5309319496154785 0.3094159960746765 -0.22935578227043152 0.9999940395355225
0.5239384770393372 0.3098145127296448 -0.22943934798240662 0.9999967813491821
0.5183427929878235 0.3110406994819641 -0.22962258756160736 0.9999940395355225
0.5609332919120789 0.32494568824768066 -0.056055810302495956 0.9999971389770508
0.5071682929992676 0.32672929763793945 -0.10402751713991165 0.9999991655349731
0.5498250126838684 0.36054670810699463 -0.190266415476799 0.9999980926513672
0.5289507508277893 0.3604307770729065 -0.2049243003129959 0.9999988079071045
0.5967820286750793 0.4820864498615265 0.02476506121456623 0.9999920129776001
0.4584786593914032 0.48113811016082764 0.007711169309914112 0.9999717473983765
0.6646270155906677 0.5868316292762756 -0.15322671830654144 0.9996569156646729
0.42619818449020386 0.6885359287261963 0.09747915714979172 0.9944213032722473
0.6596568822860718 0.371584415435791 -0.43632811307907104 0.9991742968559265
0.4100915193557739 0.8729962110519409 0.0753365010023117 0.9787322878837585
0.6611375212669373 0.3077053427696228 -0.4950321912765503 0.995681881904602
0.393332302570343 0.9356429576873779 0.07162761688232422 0.942707896232605
0.6568167209625244 0.2986450791358948 -0.46175578236579895 0.9953456521034241
0.40571409463882446 0.9457953572273254 0.03347017988562584 0.9479269981384277
0.6550315618515015 0.31979382038116455 -0.4312632977962494 0.9946382641792297
0.41530635952949524 0.9242128133773804 0.0625465139746666 0.9541142582893372
0.583069384098053 0.8152289986610413 0.0011786642717197537 0.999057948589325
0.482179194688797 0.8313441276550293 -0.00019585607515182346 0.9988000392913818
0.6016148924827576 1.09055757522583 -0.3467603027820587 0.7298908829689026
0.4738692343235016 1.068802833557129 -0.38968169689178467 0.779833972454071
0.6019210815429688 1.3455467224121094 -0.09765015542507172 0.010277736000716686
0.4787694811820984 1.3533077239990234 -0.2127535045146942 0.03774724528193474
0.6046258807182312 1.3839280605316162 -0.07960210740566254 0.036430083215236664
0.47737616300582886 1.3972804546356201 -0.20231500267982483 0.0785469338297844
0.5858864188194275 1.436833143234253 -0.25630053877830505 0.005562434438616037
0.4899471700191498 1.437420129776001 -0.40461939573287964 0.01712005026638508
