0.539838433265686 0.32977205514907837 -0.4098619520664215 0.9999926090240479
0.5466870069503784 0.3067021369934082 -0.3796628713607788 0.9999697208404541
0.550866425037384 0.3075196146965027 -0.3798152804374695 0.9999865293502808
0.5540591478347778 0.3082197308540344 -0.37988683581352234 0.999972939491272
0.5302539467811584 0.3070158362388611 -0.39071571826934814 0.9999650716781616
0.5244417190551758 0.3076673746109009 -0.3908558785915375 0.9999823570251465
0.5190632343292236 0.30944573879241943 -0.3910667598247528 0.9999624490737915
0.5585180521011353 0.32517188787460327 -0.20179353654384613 0.9999773502349854
0.5086911916732788 0.32780909538269043 -0.2515620291233063 0.9999868869781494
0.5494174957275391 0.3588980436325073 -0.3422776460647583 0.999988317489624
0.5281009078025818 0.3581433892250061 -0.35685715079307556 0.9999905824661255
0.6020597219467163 0.49244728684425354 -0.061515338718891144 0.9999891519546509
0.45816296339035034 0.48203957080841064 -0.14396673440933228 0.9999732971191406
0.6264371275901794 0.6870948672294617 -0.09190855920314789 0.9968992471694946
0.4291341006755829 0.6936246156692505 -0.11082777380943298 0.9978735446929932
0.6836944818496704 0.7076576352119446 -0.3994312882423401 0.9969696402549744
0.4079631567001343 0.8788077235221863 -0.24452480673789978 0.989666223526001
0.704269528388977 0.7371835708618164 -0.4582669138908386 0.9929865002632141
0.3920004963874817 0.9406740665435791 -0.2772457003593445 0.9738163352012634
0.7040029168128967 0.7120624780654907 -0.4873192012310028 0.9943023920059204
0.40021660923957825 0.9485888481140137 -0.32284480333328247 0.9777438640594482
0.6961621046066284 0.6976833343505859 -0.41961342096328735 0.9938196539878845
0.4089530408382416 0.9329286217689514 -0.2632628381252289 0.9796839952468872
0.5838566422462463 0.8237130641937256 0.021507708355784416 0.9986211061477661
0.4847366213798523 0.8315107226371765 -0.020467514172196388 0.998112678527832
0.6237594485282898 1.037523627281189 -0.2379816323518753 0.7460095882415771
0.4852587580680847 1.0969891548156738 -0.20180244743824005 0.6199467778205872
0.6053598523139954 1.32737398147583 0.07393639534711838 0.02657265029847622
0.47768059372901917 1.3514609336853027 0.04821550101041794 0.04121991619467735
0.6056259870529175 1.361634612083435 0.09687373787164688 0.05030228570103645
0.47327518463134766 1.3928864002227783 0.06449580192565918 0.05337163060903549
0.5966783165931702 1.4194623231887817 -0.07414320856332779 0.010866658762097359
0.487765908241272 1.4296115636825562 -0.14226622879505157 0.022691510617733
