0.5628274083137512 0.37267056107521057 -0.4145176112651825 0.9999901056289673
0.5736609101295471 0.35505133867263794 -0.38832494616508484 0.999963641166687
0.5790537595748901 0.3565171957015991 -0.38832348585128784 0.9999774694442749
0.5841996669769287 0.3580002784729004 -0.3883242905139923 0.9999455213546753
0.5561471581459045 0.3521697521209717 -0.3917275071144104 0.9999682903289795
0.549123227596283 0.35193634033203125 -0.39186325669288635 0.9999823570251465
0.5435362458229065 0.35225582122802734 -0.3920470178127289 0.9999680519104004
0.5928040146827698 0.37410828471183777 -0.23569926619529724 0.9999641180038452
0.5358219146728516 0.3676043450832367 -0.25253063440322876 0.9999927282333374
0.5707370042800903 0.40427854657173157 -0.3574623167514801 0.9999927282333374
0.5490868091583252 0.40250110626220703 -0.3627081513404846 0.9999963045120239
0.6191769242286682 0.5306164026260376 -0.14244797825813293 0.9999649524688721
0.4988216757774353 0.5221905708312988 -0.14495757222175598 0.9999634027481079
0.6561191082000732 0.7356928586959839 -0.2581214904785156 0.9998451471328735
0.47932198643684387 0.7180756330490112 -0.1395651251077652 0.9988657236099243
0.6135228872299194 0.6866896152496338 -0.5475600957870483 0.9996945858001709
0.5178096890449524 0.8586902618408203 -0.31256645917892456 0.9978546500205994
0.596996545791626 0.6738749146461487 -0.6103204488754272 0.9984194040298462
0.522525429725647 0.9135278463363647 -0.3522954285144806 0.9909976720809937
0.5939834713935852 0.6390265226364136 -0.5892415642738342 0.9984371066093445
0.5402243733406067 0.9061504006385803 -0.3657670319080353 0.9925169348716736
0.5975374579429626 0.6400851607322693 -0.5439208745956421 0.9982845187187195
0.5404409766197205 0.8883791565895081 -0.31820324063301086 0.9938451051712036
0.6117420196533203 0.8252395391464233 -0.00183981959708035 0.9995391368865967
0.5225549340248108 0.8376069068908691 0.002743845572695136 0.9996918439865112
0.6206951141357422 1.0909887552261353 -0.058816730976104736 0.3251379132270813
0.5244622230529785 1.084213137626648 -0.15674418210983276 0.32555216550827026
0.6223548650741577 1.2854676246643066 0.32137569785118103 0.00013682391727343202
0.5406957268714905 1.2855424880981445 0.18153023719787598 0.00042833026964217424
0.6264277100563049 1.320168375968933 0.3533051908016205 0.0008864824194461107
0.5404586791992188 1.325193166732788 0.21007980406284332 0.0009584635263308883
0.6116205453872681 1.3756197690963745 0.2192440927028656 0.00013163089170120656
0.5546516180038452 1.3616080284118652 0.0483117513358593 0.0005923603894189
