0.5672256946563721 0.3839714229106903 -0.260463684797287 0.9999960660934448
0.5759543776512146 0.362294465303421 -0.23410695791244507 0.9999821186065674
0.5808123350143433 0.362466037273407 -0.23401162028312683 0.9999903440475464
0.5851674675941467 0.36303097009658813 -0.2339753359556198 0.9999734163284302
0.5602291226387024 0.3623605966567993 -0.248016819357872 0.9999865293502808
0.5533171892166138 0.36224356293678284 -0.2480517327785492 0.9999929666519165
0.5473195314407349 0.3623725175857544 -0.24821090698242188 0.9999847412109375
0.5904480218887329 0.37479615211486816 -0.09540414810180664 0.9999828338623047
0.5379789471626282 0.37298303842544556 -0.1599186509847641 0.9999984502792358
0.5733747482299805 0.4112852215766907 -0.20871177315711975 0.9999918937683105
0.5548018217086792 0.4099271595478058 -0.2279355823993683 0.9999971389770508
0.6159888505935669 0.518822193145752 -0.0022017487790435553 0.9999880790710449
0.4968515932559967 0.516343355178833 -0.10038907825946808 0.9999792575836182
0.6871129870414734 0.6419664025306702 -0.10448368638753891 0.999954342842102
0.47572028636932373 0.7068912386894226 -0.11387673020362854 0.9990118741989136
0.6532281041145325 0.4459850490093231 -0.2759164571762085 0.9999498128890991
0.5159017443656921 0.8552352786064148 -0.1939978003501892 0.9987215399742126
0.6466525197029114 0.3894525468349457 -0.3134489953517914 0.9994956254959106
0.518386721611023 0.9104394912719727 -0.20799462497234344 0.9947159886360168
0.6415421962738037 0.3793325126171112 -0.27528950572013855 0.9993842840194702
0.5385458469390869 0.9054170846939087 -0.22096697986125946 0.9951346516609192
0.6395442485809326 0.4026505947113037 -0.2650374472141266 0.9995245933532715
0.5393975973129272 0.8841502666473389 -0.19623810052871704 0.9964454770088196
0.6077737212181091 0.8259575963020325 0.02020677737891674 0.999908447265625
0.5242096185684204 0.8343597054481506 -0.01895132288336754 0.999874472618103
0.6200522780418396 1.0713088512420654 0.03651399165391922 0.06095479056239128
0.5267001390457153 1.0631999969482422 -0.03777700290083885 0.034371569752693176
0.6208675503730774 1.2707180976867676 0.33699551224708557 1.3782505448034499e-05
0.5340019464492798 1.2640398740768433 0.2458568960428238 3.0089489882811904e-05
0.6254481673240662 1.3078960180282593 0.36180028319358826 0.00011032307520508766
0.5308756828308105 1.305178165435791 0.26872965693473816 0.0001363574992865324
0.6069491505622864 1.3516321182250977 0.23734627664089203 2.191690327890683e-05
0.550530731678009 1.334399938583374 0.12086226046085358 5.988952761981636e-05
