0.558782696723938 0.3719847500324249 -0.3839888274669647 0.9999969005584717
0.5691823363304138 0.3508499562740326 -0.35902631282806396 0.999980092048645
0.5745773315429688 0.35136479139328003 -0.35906049609184265 0.999991774559021
0.5795553922653198 0.35239654779434204 -0.35909321904182434 0.9999690055847168
0.5510234236717224 0.3511100113391876 -0.3656088709831238 0.9999758005142212
0.5448323488235474 0.35160762071609497 -0.36575254797935486 0.9999895095825195
0.5396918058395386 0.352362722158432 -0.36588937044143677 0.999964714050293
0.5890089273452759 0.36939507722854614 -0.21531279385089874 0.9999881982803345
0.5347775220870972 0.3669072985649109 -0.24780398607254028 0.9999960660934448
0.5681317448616028 0.4050227105617523 -0.33085834980010986 0.9999972581863403
0.5466511249542236 0.40364956855773926 -0.34049752354621887 0.9999982118606567
0.6180375218391418 0.5240160822868347 -0.11499080061912537 0.9999890327453613
0.4964463412761688 0.5172586441040039 -0.16881029307842255 0.9999374151229858
0.6761142015457153 0.6972643733024597 -0.27196571230888367 0.9998716115951538
0.4771227240562439 0.7054234147071838 -0.22730259597301483 0.9982354640960693
0.6671140789985657 0.569223940372467 -0.5724331736564636 0.9998687505722046
0.5147930383682251 0.8536658883094788 -0.4012257754802704 0.9980985522270203
0.6657754778862 0.5434516668319702 -0.6353358626365662 0.9994356036186218
0.5164252519607544 0.909834086894989 -0.433381587266922 0.9946823716163635
0.6587029695510864 0.5222744941711426 -0.6071345210075378 0.9994382262229919
0.5350556969642639 0.9023272395133972 -0.4447005093097687 0.9950240254402161
0.6556956171989441 0.5302481651306152 -0.5664889812469482 0.9993433356285095
0.537466824054718 0.8845885992050171 -0.40448635816574097 0.9953052997589111
0.6051557660102844 0.8112441301345825 0.0053681726567447186 0.9998447895050049
0.5235209465026855 0.8232581615447998 -0.004693225957453251 0.9997765421867371
0.621090292930603 1.0377142429351807 -0.155494824051857 0.7529179453849792
0.5178689956665039 1.0470119714736938 -0.15093588829040527 0.7931646704673767
0.6175424456596375 1.2130389213562012 0.21605920791625977 0.0023078694939613342
0.5262243151664734 1.2193613052368164 0.21406452357769012 0.004683889448642731
0.6169955730438232 1.2428643703460693 0.24764202535152435 0.012327250093221664
0.5260217785835266 1.2522680759429932 0.24605070054531097 0.012520401738584042
0.6129588484764099 1.3011019229888916 0.13435032963752747 0.001040357630699873
0.5350710153579712 1.2932921648025513 0.12371978163719177 0.0030530570074915886
