0.5585870146751404 0.36837300658226013 -0.3631448745727539 0.999996542930603
0.569861114025116 0.3482736349105835 -0.3351006805896759 0.9999768733978271
0.5744248628616333 0.3487750291824341 -0.3350459039211273 0.9999886751174927
0.5795165300369263 0.34928643703460693 -0.33497676253318787 0.9999592304229736
0.5510032176971436 0.3496590256690979 -0.3446125388145447 0.9999805688858032
0.5444970726966858 0.34984850883483887 -0.3447400629520416 0.9999915361404419
0.5398244857788086 0.3502011299133301 -0.34492748975753784 0.9999767541885376
0.5881628394126892 0.36494264006614685 -0.1864975541830063 0.9999754428863525
0.5345295667648315 0.364626944065094 -0.23075558245182037 0.9999972581863403
0.5684354305267334 0.4010011553764343 -0.3091553747653961 0.9999943971633911
0.5455614328384399 0.39964279532432556 -0.3223055303096771 0.9999973773956299
0.623137354850769 0.5291489362716675 -0.08189736306667328 0.9999734163284302
0.4965958595275879 0.5195376873016357 -0.16729578375816345 0.9999629259109497
0.6734646558761597 0.7149225473403931 -0.213435560464859 0.9998821020126343
0.4762825667858124 0.7117025852203369 -0.23067055642604828 0.9995943903923035
0.6575575470924377 0.5800439715385437 -0.4905604124069214 0.9999098777770996
0.5149257779121399 0.8543978333473206 -0.4063888490200043 0.9996762275695801
0.655812680721283 0.5570434331893921 -0.5452996492385864 0.9995183944702148
0.516988217830658 0.9104111194610596 -0.4381299912929535 0.9984523057937622
0.6481561660766602 0.5394219160079956 -0.5152674317359924 0.9995080232620239
0.5375140905380249 0.9032666683197021 -0.4481501579284668 0.9986327290534973
0.6461424231529236 0.5445312261581421 -0.4839407503604889 0.9995511174201965
0.5382900238037109 0.883467435836792 -0.40915265679359436 0.9989094734191895
0.6082266569137573 0.8308485746383667 0.014029414393007755 0.9998688697814941
0.5236251354217529 0.8398038744926453 -0.013040623627603054 0.9998629093170166
0.6162499189376831 1.0797091722488403 -0.028469519689679146 0.13963967561721802
0.5239333510398865 1.0733948945999146 -0.0945662334561348 0.14207930862903595
0.613885760307312 1.2738370895385742 0.3462643027305603 2.111781941493973e-05
0.5326312184333801 1.266992211341858 0.25880128145217896 6.56370393699035e-05
0.6185716986656189 1.309236764907837 0.3769601583480835 0.00017501295951660722
0.5294586420059204 1.3080134391784668 0.2889663577079773 0.00025064588407985866
0.5978676676750183 1.3630805015563965 0.2545068562030792 1.4312696293927729e-05
0.5481029152870178 1.3397929668426514 0.1453085094690323 9.672879969002679e-05
