0.5580634474754333 0.36201012134552 -0.3098878264427185 0.9999706745147705
0.5678861737251282 0.3443621098995209 -0.28589484095573425 0.9999268054962158
0.5731973052024841 0.3447900414466858 -0.2859809994697571 0.9999253749847412
0.57802814245224 0.3453053832054138 -0.2861090302467346 0.9998992681503296
0.5499147772789001 0.34584835171699524 -0.28586992621421814 0.9999105930328369
0.5432168245315552 0.34717661142349243 -0.28590303659439087 0.9999028444290161
0.537869393825531 0.3482891917228699 -0.2860621213912964 0.9998856782913208
0.5872475504875183 0.36129724979400635 -0.15703357756137848 0.9998716115951538
0.5326904654502869 0.36530977487564087 -0.15616224706172943 0.9999359846115112
0.568088948726654 0.3953164219856262 -0.2624205946922302 0.9999923706054688
0.5455291271209717 0.3956027626991272 -0.26216623187065125 0.9999948740005493
0.6185678839683533 0.5222800970077515 -0.0867280587553978 0.9999511241912842
0.4969211518764496 0.5201613903045654 -0.0994233787059784 0.9997759461402893
0.6403758525848389 0.6889369487762451 -0.17825822532176971 0.9842016100883484
0.4796307384967804 0.7085064053535461 -0.12396398931741714 0.9890428185462952
0.6428229212760925 0.6981894969940186 -0.45007315278053284 0.9913381338119507
0.5175952911376953 0.8571981191635132 -0.2591327130794525 0.9865320324897766
0.648666501045227 0.7351692914962769 -0.5125603675842285 0.9818037748336792
0.5195053219795227 0.9124306440353394 -0.29523518681526184 0.9695920348167419
0.6355727314949036 0.7198743224143982 -0.5183654427528381 0.9833894371986389
0.5381265878677368 0.9060978293418884 -0.3123064339160919 0.9707460403442383
0.6303897500038147 0.7054814696311951 -0.45660412311553955 0.9798649549484253
0.5407636761665344 0.8887935876846313 -0.2650584876537323 0.9677910804748535
0.6011892557144165 0.8077186942100525 0.003240837249904871 0.9993720650672913
0.5200913548469543 0.8186038732528687 -0.002957326592877507 0.9989995360374451
0.627498209476471 1.0236958265304565 -0.24054370820522308 0.5430791974067688
0.505510151386261 1.0099772214889526 -0.21651673316955566 0.629087507724762
0.6184237003326416 1.172188639640808 0.13439133763313293 0.024613866582512856
0.52899169921875 1.179349660873413 0.1672428995370865 0.031726375222206116
0.6123141050338745 1.1933095455169678 0.1681584268808365 0.07681666314601898
0.534749448299408 1.2017594575881958 0.20412574708461761 0.03479161858558655
0.6261550784111023 1.260785698890686 0.06421668082475662 0.023964041844010353
0.5314183831214905 1.2691073417663574 0.09796516597270966 0.02681218646466732
