0.5592117309570312 0.3612435758113861 -0.23713533580303192 0.9999786615371704
0.5686267018318176 0.343197226524353 -0.21169814467430115 0.9999526739120483
0.573776364326477 0.3434199094772339 -0.21177884936332703 0.9999512434005737
0.5784137845039368 0.34380802512168884 -0.21190467476844788 0.9999408721923828
0.5506373047828674 0.34550902247428894 -0.21251226961612701 0.9999314546585083
0.543755292892456 0.3472318947315216 -0.21253377199172974 0.9999191761016846
0.5382744073867798 0.34865185618400574 -0.21267522871494293 0.9999125003814697
0.5872243046760559 0.35859277844429016 -0.08899296820163727 0.9999268054962158
0.5325732827186584 0.36578449606895447 -0.09079787880182266 0.9999314546585083
0.5692383050918579 0.39297449588775635 -0.19275130331516266 0.9999940395355225
0.5465477108955383 0.39452317357063293 -0.19319601356983185 0.9999949932098389
0.6193587779998779 0.5209892988204956 -0.029248962178826332 0.9999630451202393
0.4966515898704529 0.5198279619216919 -0.06304854154586792 0.9997666478157043
0.6398912668228149 0.6814625859260559 -0.13151678442955017 0.9792613387107849
0.4788767397403717 0.7092798948287964 -0.10153000056743622 0.993909478187561
0.6417850852012634 0.7291158437728882 -0.40328389406204224 0.9871432185173035
0.5158676505088806 0.8552693724632263 -0.21861405670642853 0.9913443326950073
0.6507457494735718 0.7794106602668762 -0.4682902991771698 0.9740566611289978
0.5183612704277039 0.9099543690681458 -0.25462606549263 0.9777694940567017
0.6359255909919739 0.7719318866729736 -0.47765064239501953 0.9776655435562134
0.5374088287353516 0.9038878083229065 -0.2720767855644226 0.9793574810028076
0.6282046437263489 0.7556527853012085 -0.41223469376564026 0.9751230478286743
0.5405417084693909 0.8870426416397095 -0.2247869372367859 0.9767159819602966
0.5987215042114258 0.8055181503295898 0.0124207129701972 0.9995967745780945
0.5176069736480713 0.8200756311416626 -0.01207659114152193 0.9987626075744629
0.6329631805419922 0.9949280023574829 -0.3019075393676758 0.6803624033927917
0.5136198997497559 1.0134954452514648 -0.15385349094867706 0.5686917901039124
0.6235153675079346 1.1825650930404663 -0.0006678363424725831 0.05906015634536743
0.5358766913414001 1.199102759361267 0.19719037413597107 0.04303223267197609
0.6159443259239197 1.211658239364624 0.025069372728466988 0.17783071100711823
0.5403953194618225 1.2269656658172607 0.22879576683044434 0.04020596668124199
0.63609778881073 1.2743432521820068 -0.1015772596001625 0.06339864432811737
0.5412065982818604 1.2873871326446533 0.10779834538698196 0.03190133720636368
