0.5581669211387634 0.3639175295829773 -0.3140595853328705 0.999988317489624
0.5678446292877197 0.3451724052429199 -0.2896665334701538 0.9999772310256958
0.5730689167976379 0.3451465666294098 -0.28975212574005127 0.9999730587005615
0.5782962441444397 0.3459038734436035 -0.2899036407470703 0.9999736547470093
0.549531877040863 0.34753257036209106 -0.29035788774490356 0.9999681711196899
0.543181836605072 0.3494897484779358 -0.2903980314731598 0.9999597072601318
0.5375794768333435 0.35156527161598206 -0.29051080346107483 0.9999630451202393
0.5878191590309143 0.3621131181716919 -0.1712174415588379 0.9999758005142212
0.5318430066108704 0.3678553104400635 -0.1731927990913391 0.9999605417251587
0.5682900547981262 0.39581993222236633 -0.2715755105018616 0.9999974966049194
0.5459257364273071 0.39674973487854004 -0.27200329303741455 0.999997615814209
0.6197330951690674 0.5270920991897583 -0.10725001990795135 0.9999767541885376
0.4970184564590454 0.5185461640357971 -0.13035379350185394 0.9998292922973633
0.6475762724876404 0.6955277919769287 -0.10827083140611649 0.9937799572944641
0.4803240895271301 0.7086843848228455 -0.14504185318946838 0.9917085766792297
0.6463773846626282 0.7981658577919006 -0.2622499167919159 0.9875352382659912
0.5141323208808899 0.853700578212738 -0.26059097051620483 0.9782339930534363
0.6538363099098206 0.8510932326316833 -0.30913305282592773 0.9675666093826294
0.5147867798805237 0.9100780487060547 -0.29594066739082336 0.9505019187927246
0.6358715891838074 0.8464888334274292 -0.32810789346694946 0.9705631136894226
0.5364714860916138 0.901772141456604 -0.31656596064567566 0.9539932608604431
0.6281346082687378 0.8337686061859131 -0.271797776222229 0.9711853861808777
0.5382780432701111 0.8832791447639465 -0.26893436908721924 0.9524503350257874
0.5982214212417603 0.7988648414611816 0.00985206849873066 0.9998446702957153
0.5189493894577026 0.8163909316062927 -0.009745861403644085 0.9996309280395508
0.6372799277305603 0.9596827626228333 -0.2511672377586365 0.7597712278366089
0.5184301137924194 1.0306012630462646 -0.16401590406894684 0.6534983515739441
0.6318170428276062 1.1103795766830444 0.1167646199464798 0.06769470870494843
0.5432983040809631 1.155570149421692 0.18778681755065918 0.03135451301932335
0.624525249004364 1.1268188953399658 0.1511385291814804 0.13373568654060364
0.5480116605758667 1.170928716659546 0.22187919914722443 0.03043007291853428
0.645254909992218 1.193314552307129 0.06764098256826401 0.06265982240438461
0.5508546829223633 1.2361725568771362 0.13844779133796692 0.027109775692224503
