0.5438055396080017 0.3225555419921875 -0.1794215589761734 0.9998499155044556
0.5530899167060852 0.3051987290382385 -0.1454853117465973 0.9999325275421143
0.5573918223381042 0.3061642050743103 -0.1456301510334015 0.9999327659606934
0.5625995993614197 0.3075488209724426 -0.14588437974452972 0.9999386072158813
0.5360156297683716 0.30404096841812134 -0.14943669736385345 0.9998903274536133
0.5293270945549011 0.3047581911087036 -0.1494535356760025 0.9998644590377808
0.5235387086868286 0.3059602379798889 -0.1494816243648529 0.9998623132705688
0.5692288875579834 0.3224901556968689 0.014237719587981701 0.9999420642852783
0.5147221684455872 0.32250386476516724 -0.005306784529238939 0.9998093247413635
0.5535028576850891 0.3526337146759033 -0.121531181037426 0.9999347925186157
0.5310589671134949 0.34932172298431396 -0.12726590037345886 0.9998998641967773
0.6060985326766968 0.4792514443397522 0.06540460884571075 0.9998791217803955
0.4703589081764221 0.47524622082710266 0.03299405053257942 0.9992735981941223
0.6377108693122864 0.650688886642456 -0.06443704664707184 0.9060454368591309
0.43456095457077026 0.6534140110015869 -0.17601515352725983 0.9409512877464294
0.6575103998184204 0.6579449772834778 -0.37424278259277344 0.9286012053489685
0.45618459582328796 0.5848428010940552 -0.5066972970962524 0.982223391532898
0.6713449954986572 0.6786783933639526 -0.4356110394001007 0.9025066494941711
0.466562956571579 0.5432196855545044 -0.5661526322364807 0.9619566202163696
0.6709948778152466 0.6720203757286072 -0.4469776749610901 0.915553092956543
0.46702513098716736 0.5217865705490112 -0.5552071928977966 0.9612024426460266
0.6641590595245361 0.6657026410102844 -0.38690078258514404 0.909571647644043
0.4711114764213562 0.5225850343704224 -0.509392499923706 0.9557039141654968
0.5862889885902405 0.7862541675567627 0.021420152857899666 0.9996071457862854
0.4916914999485016 0.7880213260650635 -0.02112475596368313 0.9987660646438599
0.6331371068954468 0.9805400967597961 -0.23363223671913147 0.8824996948242188
0.49789243936538696 0.9902688264846802 -0.0468122772872448 0.7030584812164307
0.6274712085723877 1.095552921295166 0.20619846880435944 0.04334593191742897
0.49153199791908264 1.1302448511123657 0.41637471318244934 0.01479300856590271
0.6232356429100037 1.0967652797698975 0.25219056010246277 0.059743303805589676
0.4933607876300812 1.1388494968414307 0.46389955282211304 0.013824588619172573
0.621342658996582 1.174833059310913 0.17373046278953552 0.023843811824917793
0.5002002716064453 1.1972861289978027 0.38012605905532837 0.008005592040717602
