0.5455359220504761 0.3317762613296509 -0.19488085806369781 0.9984356760978699
0.5540271401405334 0.31341856718063354 -0.16640493273735046 0.9991061091423035
0.5582913160324097 0.31443315744400024 -0.16649825870990753 0.9991040825843811
0.5635760426521301 0.3156810402870178 -0.16671641170978546 0.9991650581359863
0.5372766852378845 0.3116036057472229 -0.1691976934671402 0.9987704157829285
0.5306440591812134 0.3120313286781311 -0.16920065879821777 0.998660683631897
0.5249770879745483 0.3130717873573303 -0.16929806768894196 0.9987773299217224
0.570300281047821 0.3298199772834778 -0.02272334136068821 0.9993220567703247
0.515937328338623 0.3269345164299011 -0.03435000404715538 0.9988372921943665
0.5547707676887512 0.35949549078941345 -0.14078164100646973 0.9992006421089172
0.5333966016769409 0.35687491297721863 -0.14447754621505737 0.9990598559379578
0.6026447415351868 0.4679877460002899 0.01104910671710968 0.9993403553962708
0.47500309348106384 0.4684080481529236 -0.006015139631927013 0.9982373714447021
0.6351672410964966 0.6403487324714661 -0.17480137944221497 0.9869489073753357
0.4504733085632324 0.6483184099197388 -0.22546057403087616 0.9646729826927185
0.5652231574058533 0.5178481936454773 -0.4135884642601013 0.986799418926239
0.5076574683189392 0.5233705043792725 -0.4700552821159363 0.9866796135902405
0.5482879877090454 0.47973060607910156 -0.46502721309661865 0.9677510261535645
0.5225474834442139 0.4908561408519745 -0.519402265548706 0.9625939726829529
0.546211838722229 0.46114787459373474 -0.42897847294807434 0.9658123850822449
0.523450493812561 0.47190916538238525 -0.49072930216789246 0.9571682214736938
0.549537718296051 0.4723900556564331 -0.40380626916885376 0.9626686573028564
0.5207303762435913 0.4840514659881592 -0.4630677402019501 0.9528877139091492
0.5867654085159302 0.7774940133094788 0.01746222749352455 0.999039351940155
0.4930286109447479 0.7739979028701782 -0.017105795443058014 0.9981480836868286
0.6300569176673889 1.0024223327636719 -0.15166206657886505 0.784909725189209
0.48516547679901123 1.007554292678833 -0.1282341331243515 0.6283665299415588
0.6117812395095825 1.1176412105560303 0.31457817554473877 0.007361758500337601
0.4845412075519562 1.1519157886505127 0.25785866379737854 0.007287580519914627
0.605644166469574 1.124657154083252 0.3635329306125641 0.015201986767351627
0.4844839870929718 1.1726601123809814 0.2990141212940216 0.008249265141785145
0.6084203720092773 1.2071541547775269 0.3111816942691803 0.003708337899297476
0.49150970578193665 1.229019284248352 0.21726801991462708 0.004301740322262049
