0.5460858941078186 0.33019113540649414 -0.4721207618713379 0.9999680519104004
0.5538248419761658 0.3108673691749573 -0.44459548592567444 0.9999643564224243
0.5580525994300842 0.3111794590950012 -0.4447284936904907 0.999971866607666
0.5620421171188354 0.3114162087440491 -0.44494685530662537 0.9999662637710571
0.5371450185775757 0.31010961532592773 -0.44633132219314575 0.9999408721923828
0.5312539935112 0.3105139136314392 -0.44632425904273987 0.9999275207519531
0.5255968570709229 0.3112710118293762 -0.4463786780834198 0.9998842477798462
0.5682252645492554 0.3247535824775696 -0.2750190794467926 0.9999740123748779
0.5168558955192566 0.325947105884552 -0.28570324182510376 0.9999427795410156
0.5555963516235352 0.35591256618499756 -0.40809860825538635 0.9999947547912598
0.5343759059906006 0.3528589606285095 -0.41155877709388733 0.9999933242797852
0.6031798124313354 0.46649694442749023 -0.19583769142627716 0.9999943971633911
0.4749150276184082 0.4743255078792572 -0.15271121263504028 0.9999499320983887
0.6269842386245728 0.6629113554954529 -0.37100693583488464 0.99801105260849
0.4485130310058594 0.6623654365539551 -0.08155760914087296 0.9666441082954407
0.5807057619094849 0.539158284664154 -0.7087587714195251 0.9980486631393433
0.4150969088077545 0.8270071148872375 -0.2038901001214981 0.9131910800933838
0.5642739534378052 0.5022355318069458 -0.7762274146080017 0.993861198425293
0.39716190099716187 0.8831874132156372 -0.22555162012577057 0.8635551333427429
0.5663065314292908 0.4756850004196167 -0.7604578733444214 0.9936233162879944
0.40297991037368774 0.8878219723701477 -0.26499906182289124 0.876209020614624
0.5685020685195923 0.4858531951904297 -0.7072518467903137 0.9879463315010071
0.4110368490219116 0.8705885410308838 -0.22003912925720215 0.8579323887825012
0.5845821499824524 0.7800617218017578 0.01044655404984951 0.9998831748962402
0.49344393610954285 0.7814556956291199 -0.0102775227278471 0.9995262622833252
0.6255690455436707 0.9734613299369812 -0.3874538242816925 0.8512401580810547
0.48249056935310364 0.9955130219459534 -0.27401843667030334 0.6639922857284546
0.621977686882019 1.0155823230743408 0.06191173568367958 0.046134281903505325
0.5031449794769287 1.0513840913772583 0.19180822372436523 0.016266806051135063
0.6183915734291077 1.013269066810608 0.10966699570417404 0.11474019289016724
0.5050029754638672 1.0543493032455444 0.23847347497940063 0.02064773440361023
0.6199482083320618 1.0721445083618164 0.025134939700365067 0.056569904088974
0.5203514695167542 1.1087796688079834 0.14540323615074158 0.016255896538496017
