0.5491926074028015 0.33182621002197266 -0.263663649559021 0.9995225667953491
0.5582937598228455 0.31452441215515137 -0.23777906596660614 0.9996719360351562
0.5629817843437195 0.3155900239944458 -0.2378961592912674 0.9997735619544983
0.5677726864814758 0.3168538808822632 -0.23812220990657806 0.9997214674949646
0.5399447083473206 0.31220144033432007 -0.23780612647533417 0.9994140863418579
0.5337557196617126 0.31259089708328247 -0.23783689737319946 0.9995064735412598
0.5284252762794495 0.31380999088287354 -0.2379145473241806 0.9993127584457397
0.5754051208496094 0.3288894295692444 -0.09123476594686508 0.9998739957809448
0.5202029943466187 0.3292408585548401 -0.09136717021465302 0.9995126724243164
0.5599340200424194 0.36484217643737793 -0.2078743726015091 0.9997830986976624
0.5376634001731873 0.3640252351760864 -0.20814044773578644 0.9996066689491272
0.6087630391120911 0.4725266695022583 -0.03702739626169205 0.9998132586479187
0.48106831312179565 0.4721528887748718 -0.03722822293639183 0.9986923336982727
0.6406394243240356 0.6623095273971558 -0.22538010776042938 0.9955177903175354
0.4558657109737396 0.6642407178878784 -0.2621540129184723 0.9785962104797363
0.5776845216751099 0.5322493314743042 -0.49312958121299744 0.9938123226165771
0.5158261060714722 0.5500718355178833 -0.5431318283081055 0.9918439984321594
0.5602825880050659 0.49547117948532104 -0.5517835021018982 0.9859139919281006
0.5303423404693604 0.5105148553848267 -0.5977794528007507 0.9783532023429871
0.5600560307502747 0.4682938754558563 -0.5176095962524414 0.9860906600952148
0.5283552408218384 0.48203781247138977 -0.5694155097007751 0.9764383435249329
0.5638960003852844 0.48356062173843384 -0.48431333899497986 0.9842134714126587
0.5258845686912537 0.49569571018218994 -0.5373619794845581 0.9744611382484436
0.5914961099624634 0.7854816913604736 0.012101110070943832 0.9994613528251648
0.4967971444129944 0.7796283960342407 -0.011542693711817265 0.9980908036231995
0.6310650706291199 0.9821415543556213 -0.22706599533557892 0.8994523286819458
0.5073783993721008 0.9872681498527527 -0.10347816348075867 0.7735311985015869
0.6124417185783386 1.2000038623809814 0.19343377649784088 0.02091454714536667
0.49365222454071045 1.2140240669250488 0.2873687744140625 0.012292214669287205
0.6078113913536072 1.2213714122772217 0.23543702065944672 0.03152743726968765
0.49075448513031006 1.23886239528656 0.32652732729911804 0.014698433689773083
0.6047327518463135 1.2910901308059692 0.13532918691635132 0.006319734267890453
0.5041962265968323 1.287039041519165 0.21762977540493011 0.004228424280881882
