0.546377420425415 0.318317711353302 -0.27041861414909363 0.9994645714759827
0.5561587810516357 0.30124711990356445 -0.24299678206443787 0.9996127486228943
0.5611813068389893 0.3030242323875427 -0.24307821691036224 0.9996182918548584
0.5660463571548462 0.3048282861709595 -0.24325594305992126 0.9995802044868469
0.5373689532279968 0.2983206510543823 -0.24404367804527283 0.9995940327644348
0.5316715240478516 0.29820412397384644 -0.24399372935295105 0.99958735704422
0.5261225700378418 0.2984135150909424 -0.24413950741291046 0.9995842576026917
0.5743977427482605 0.32226914167404175 -0.10579558461904526 0.9995787739753723
0.5198847651481628 0.32001835107803345 -0.11070568114519119 0.9996522665023804
0.5582960844039917 0.3535500466823578 -0.21929845213890076 0.999829888343811
0.5346322655677795 0.3477608561515808 -0.22086572647094727 0.9998800754547119
0.6078195571899414 0.47312599420547485 -0.05948186293244362 0.9993447661399841
0.4809267818927765 0.4741198420524597 -0.07779178768396378 0.9991304278373718
0.6381861567497253 0.6638337969779968 -0.23983687162399292 0.987054169178009
0.4517154097557068 0.6632100343704224 -0.2746024429798126 0.9725959300994873
0.5762912631034851 0.523257315158844 -0.4991305470466614 0.9895473718643188
0.5135684013366699 0.5859888792037964 -0.5200165510177612 0.9762812852859497
0.5565322637557983 0.48399925231933594 -0.5483736395835876 0.9762317538261414
0.530634880065918 0.5663802623748779 -0.5678324103355408 0.9500371813774109
0.5546987652778625 0.45232728123664856 -0.5171829462051392 0.9749164581298828
0.5287677645683289 0.5388960838317871 -0.5398913025856018 0.9431864619255066
0.559390664100647 0.4669228196144104 -0.4899771511554718 0.9627423286437988
0.5272353887557983 0.5442442893981934 -0.5116801261901855 0.9201033711433411
0.591178297996521 0.7890405058860779 0.020331531763076782 0.9958810806274414
0.4967021346092224 0.7816505432128906 -0.02018003538250923 0.9939965009689331
0.6468102335929871 0.9815223813056946 -0.3197331428527832 0.8541054129600525
0.4739800989627838 0.9570017457008362 -0.350224107503891 0.7308123707771301
0.6104519367218018 1.0470582246780396 0.13187946379184723 0.042180921882390976
0.49216631054878235 1.0856187343597412 0.03672715649008751 0.03783714771270752
0.6028656363487244 1.0401196479797363 0.17978397011756897 0.05250943452119827
0.49559471011161804 1.0954128503799438 0.07813984900712967 0.035628531128168106
0.6008585691452026 1.1270129680633545 0.14407505095005035 0.024718521162867546
0.5024977922439575 1.1627241373062134 0.009643943049013615 0.021918194368481636
