0.5519567131996155 0.31561148166656494 -0.4212402403354645 0.9997338652610779
0.5593774318695068 0.2967221140861511 -0.39660772681236267 0.9998099207878113
0.5634372234344482 0.2984195947647095 -0.3966616094112396 0.9997803568840027
0.5684678554534912 0.30047184228897095 -0.3967815637588501 0.9997314810752869
0.5426810383796692 0.2952267527580261 -0.3984922170639038 0.9998509883880615
0.5367155075073242 0.29580163955688477 -0.39850834012031555 0.9998433589935303
0.531342089176178 0.29704028367996216 -0.3986189067363739 0.9998277425765991
0.5751116871833801 0.31745660305023193 -0.2606465220451355 0.9997041821479797
0.5222539901733398 0.3167048692703247 -0.26958581805229187 0.99983811378479
0.561273992061615 0.34523943066596985 -0.37153127789497375 0.9999408721923828
0.5400472283363342 0.34231066703796387 -0.3742041289806366 0.9999570846557617
0.6094136834144592 0.4759615361690521 -0.20195132493972778 0.9996501207351685
0.48002803325653076 0.47530466318130493 -0.22344408929347992 0.999723494052887
0.6404639482498169 0.6694970726966858 -0.33729636669158936 0.9846254587173462
0.44853127002716064 0.6588232517242432 -0.3695114850997925 0.9773602485656738
0.5860919952392578 0.6509160995483398 -0.6148179173469543 0.9734483957290649
0.5106709599494934 0.6555354595184326 -0.6051503419876099 0.9676392674446106
0.5668936967849731 0.6456699371337891 -0.6668127179145813 0.9527019262313843
0.5303291082382202 0.6550436615943909 -0.6545172333717346 0.9403434991836548
0.5673555731773376 0.6101701259613037 -0.6580468416213989 0.9518241286277771
0.5327844619750977 0.6179884672164917 -0.637965738773346 0.9379000663757324
0.5712555646896362 0.6087090373039246 -0.6143965125083923 0.9342412352561951
0.5284002423286438 0.6156846284866333 -0.6002930998802185 0.9199962615966797
0.591505765914917 0.7843732237815857 0.009427408687770367 0.998893678188324
0.496069073677063 0.7816863656044006 -0.009570281952619553 0.9989413619041443
0.6317465305328369 1.004439353942871 -0.13489621877670288 0.7939942479133606
0.4984009563922882 0.9737982749938965 -0.14745183289051056 0.7932300567626953
0.6002858877182007 0.9399303197860718 0.3210539221763611 0.017062334343791008
0.4876580834388733 0.9758257865905762 0.27258771657943726 0.014741905964910984
0.5959632992744446 0.9118631482124329 0.37240222096443176 0.017771190032362938
0.4915532171726227 0.9589003920555115 0.3212704360485077 0.01924423687160015
0.5851969122886658 0.9890956282615662 0.39693400263786316 0.014163968153297901
0.48602423071861267 1.018348217010498 0.33864501118659973 0.011662927456200123
