0.5457284450531006 0.32284677028656006 -0.28220972418785095 0.9999984502792358
0.5507324934005737 0.30219459533691406 -0.2559133470058441 0.9999964237213135
0.5543271899223328 0.30332738161087036 -0.25590965151786804 0.9999978542327881
0.5584643483161926 0.3047809600830078 -0.2559216618537903 0.999996542930603
0.5357211828231812 0.301366925239563 -0.2620754539966583 0.9999958276748657
0.5294963717460632 0.30191516876220703 -0.26209327578544617 0.9999969005584717
0.5238900780677795 0.30290061235427856 -0.2622620463371277 0.9999946355819702
0.5614198446273804 0.3218037486076355 -0.11015895009040833 0.9999974966049194
0.5117901563644409 0.3215861916542053 -0.1396545022726059 0.9999979734420776
0.5534147620201111 0.3525662422180176 -0.22941893339157104 0.999998927116394
0.5331217050552368 0.3508380651473999 -0.23819246888160706 0.9999990463256836
0.605394721031189 0.4930785596370697 -0.0269027017056942 0.9999973773956299
0.45926761627197266 0.4825892746448517 -0.05793936178088188 0.9999939203262329
0.6269073486328125 0.7114165425300598 -0.12653732299804688 0.998958945274353
0.42880508303642273 0.6761298179626465 -0.07910134643316269 0.9988947510719299
0.6464883685112 0.6538867950439453 -0.45900818705558777 0.9991074204444885
0.4354371428489685 0.8360049724578857 -0.2582913339138031 0.9959190487861633
0.6629787087440491 0.6406430006027222 -0.5249490141868591 0.9971712231636047
0.4259657859802246 0.9003610610961914 -0.2920445203781128 0.9897181987762451
0.6647511124610901 0.6125119924545288 -0.5296404957771301 0.9971809387207031
0.4387887120246887 0.8980392217636108 -0.31900298595428467 0.9905524253845215
0.6556937098503113 0.614586591720581 -0.4691186249256134 0.997164785861969
0.44530004262924194 0.8729961514472961 -0.27090662717819214 0.9921437501907349
0.58680659532547 0.814790666103363 0.010792627930641174 0.9998408555984497
0.4892493784427643 0.828925371170044 -0.00931139849126339 0.9997181296348572
0.6348274946212769 1.012283444404602 -0.19485749304294586 0.2961244285106659
0.4913605749607086 1.1011165380477905 0.028236933052539825 0.17223675549030304
0.611552357673645 1.3111417293548584 0.07622864097356796 0.0005041919648647308
0.4901362359523773 1.3166847229003906 0.30017420649528503 0.0004939377540722489
0.6123717427253723 1.3497642278671265 0.09780819714069366 0.0020014436449855566
0.48547273874282837 1.3561173677444458 0.3213065564632416 0.0011130769271403551
0.6006863117218018 1.4019393920898438 -0.058016691356897354 0.0002801700902637094
0.5022317171096802 1.396040439605713 0.16295145452022552 0.00036267907125875354
