0.5496567487716675 0.3227338194847107 -0.3260881006717682 0.9999971389770508
0.5540469288825989 0.3044571280479431 -0.3005439043045044 0.9999916553497314
0.5579251050949097 0.3061373829841614 -0.3005223870277405 0.9999945163726807
0.5616212487220764 0.3079777956008911 -0.3004813492298126 0.9999903440475464
0.5395163297653198 0.30212831497192383 -0.3132481873035431 0.9999918937683105
0.5327648520469666 0.3027549982070923 -0.3133104145526886 0.999994158744812
0.5266788005828857 0.3039349317550659 -0.3135172128677368 0.99998939037323
0.5623330473899841 0.32369935512542725 -0.15595081448554993 0.999991774559021
0.5129294395446777 0.32136213779449463 -0.21564306318759918 0.9999970197677612
0.5565326809883118 0.35316336154937744 -0.27317947149276733 0.9999983310699463
0.5367845892906189 0.34980225563049316 -0.29079627990722656 0.9999986886978149
0.6029055714607239 0.4953559637069702 -0.06441035866737366 0.9999959468841553
0.4584871530532837 0.4848056435585022 -0.132280170917511 0.9999911785125732
0.6288340091705322 0.7066476345062256 -0.14480651915073395 0.9993778467178345
0.4289770722389221 0.6772443056106567 -0.16176815330982208 0.9993554949760437
0.6375946402549744 0.6501373052597046 -0.4565660059452057 0.9996157884597778
0.4469183683395386 0.8269676566123962 -0.3591727912425995 0.9982360601425171
0.6468994617462158 0.6292598843574524 -0.5173594951629639 0.9983758926391602
0.4412154257297516 0.8924765586853027 -0.39504507184028625 0.9945409893989563
0.6495429277420044 0.5997907519340515 -0.5146613121032715 0.9983312487602234
0.4557037949562073 0.8864266276359558 -0.41678762435913086 0.9949746131896973
0.6432299017906189 0.6038349866867065 -0.4621230363845825 0.9984176158905029
0.4613725244998932 0.860724687576294 -0.3685973882675171 0.9958213567733765
0.5878193378448486 0.8140249252319336 0.011645258404314518 0.999612033367157
0.49412277340888977 0.8287256360054016 -0.010225232690572739 0.9994909763336182
0.598342776298523 1.0815839767456055 -0.049384705722332 0.07536821067333221
0.4969162344932556 1.1016565561294556 0.04012099280953407 0.04621141403913498
0.5964170098304749 1.2977547645568848 0.26055392622947693 5.666676952387206e-05
0.4951878488063812 1.2975237369537354 0.3519379198551178 7.430851110257208e-05
0.5985321402549744 1.3359025716781616 0.2849601209163666 0.0002749286941252649
0.4901335835456848 1.33536696434021 0.3779434263706207 0.00023038193467073143
0.5839522480964661 1.3878669738769531 0.14659415185451508 4.1087921999860555e-05
0.5115516781806946 1.3755006790161133 0.23175464570522308 0.00010838628077181056
