0.5489333868026733 0.3194749355316162 -0.41598737239837646 0.99998939037323
0.5553969740867615 0.30466628074645996 -0.386910617351532 0.9999594688415527
0.5598548054695129 0.3054446578025818 -0.3869582414627075 0.9999771118164062
0.5639699101448059 0.3062712550163269 -0.386983186006546 0.9999420642852783
0.539737343788147 0.3043705224990845 -0.39637699723243713 0.9999632835388184
0.5324360132217407 0.30489039421081543 -0.3966273367404938 0.9999814033508301
0.5261691212654114 0.3057399392127991 -0.39684203267097473 0.9999638795852661
0.5652109980583191 0.322845995426178 -0.22883369028568268 0.9999682903289795
0.5134598016738892 0.32259148359298706 -0.2747613787651062 0.9999920129776001
0.557080090045929 0.3516387343406677 -0.35787588357925415 0.999995231628418
0.5368662476539612 0.349129855632782 -0.37167856097221375 0.999997615814209
0.6046039462089539 0.4970407485961914 -0.13961514830589294 0.999966025352478
0.4593947231769562 0.4816057085990906 -0.17509308457374573 0.9999706745147705
0.629622220993042 0.7101068496704102 -0.26328417658805847 0.9989296793937683
0.42677196860313416 0.6777448654174805 -0.22112242877483368 0.9991183876991272
0.6200761795043945 0.6551372408866882 -0.6082763075828552 0.9989584684371948
0.4711707532405853 0.8041729927062988 -0.44103142619132996 0.9983425140380859
0.6154575943946838 0.6323644518852234 -0.6826713681221008 0.9964851140975952
0.4686805009841919 0.8647374510765076 -0.4904520809650421 0.9947457313537598
0.6166011691093445 0.5975189208984375 -0.6698819398880005 0.99671471118927
0.48826637864112854 0.8525612354278564 -0.49884846806526184 0.9953147172927856
0.6150857210159302 0.6028600931167603 -0.6101377606391907 0.9962584972381592
0.49232444167137146 0.8326140642166138 -0.44554224610328674 0.995037853717804
0.5855081677436829 0.8012845516204834 3.375693268026225e-05 0.9993410706520081
0.48976466059684753 0.8125450611114502 0.0009013146627694368 0.9995866417884827
0.5982881188392639 1.0504378080368042 -0.2537096440792084 0.5078252553939819
0.4852507710456848 1.0585492849349976 -0.24735526740550995 0.5950058698654175
0.5989415645599365 1.2481708526611328 0.16658690571784973 0.0011324885999783874
0.5071179866790771 1.2600438594818115 0.14117635786533356 0.003929732833057642
0.6006783246994019 1.2835569381713867 0.20224076509475708 0.006338882260024548
0.5082311630249023 1.2952204942703247 0.17361919581890106 0.006492260377854109
0.5907508134841919 1.3378676176071167 0.0571502223610878 0.0010950143914669752
0.5199750065803528 1.3388196229934692 0.01291901059448719 0.0035700153093785048
