0.5456205010414124 0.32264912128448486 -0.43025580048561096 0.9999195337295532
0.5512812733650208 0.30506181716918945 -0.40128305554389954 0.9998530149459839
0.5553591251373291 0.30642831325531006 -0.40140411257743835 0.9998884201049805
0.5591915249824524 0.30794090032577515 -0.40154358744621277 0.9998272061347961
0.5360471606254578 0.30479997396469116 -0.40735188126564026 0.9998586177825928
0.5297388434410095 0.3059043884277344 -0.40752601623535156 0.999889612197876
0.5239415168762207 0.307483971118927 -0.4077168107032776 0.9998446702957153
0.5620276927947998 0.3231506943702698 -0.237417533993721 0.999819815158844
0.5124028325080872 0.3233714699745178 -0.2671477496623993 0.999947190284729
0.5537526607513428 0.3509814739227295 -0.36871880292892456 0.9999704360961914
0.53327876329422 0.3495430052280426 -0.37752920389175415 0.9999802112579346
0.6030929088592529 0.4889424741268158 -0.1342545598745346 0.999929666519165
0.46233904361724854 0.47940972447395325 -0.16799350082874298 0.9998937845230103
0.634662389755249 0.692449688911438 -0.25112077593803406 0.9985143542289734
0.4371930956840515 0.6761241555213928 -0.19420531392097473 0.9978467226028442
0.5984584093093872 0.6573925018310547 -0.5937672853469849 0.998320996761322
0.5040032267570496 0.7882428765296936 -0.3730528652667999 0.9924190044403076
0.5878905653953552 0.6379918456077576 -0.6709416508674622 0.9956502318382263
0.5164644718170166 0.8409333825111389 -0.4200148284435272 0.9784163236618042
0.5879744291305542 0.6075760126113892 -0.6574802398681641 0.9959524869918823
0.5316891074180603 0.8290461897850037 -0.42775461077690125 0.9798173308372498
0.5882481336593628 0.6102847456932068 -0.5945302844047546 0.9943301677703857
0.5295419096946716 0.8114505410194397 -0.3754580616950989 0.9785459041595459
0.5868797302246094 0.7973113059997559 -0.00014385723625309765 0.9981772899627686
0.49402350187301636 0.80799800157547 0.0008523365831933916 0.9979612827301025
0.6017940044403076 1.0355453491210938 -0.27070626616477966 0.6420872807502747
0.49514511227607727 1.0754367113113403 -0.2572231888771057 0.6128419637680054
0.5996069312095642 1.2525672912597656 0.036264799535274506 0.008077484555542469
0.5136252045631409 1.241086483001709 0.1477556824684143 0.003657732857391238
0.598394513130188 1.2888092994689941 0.06245880201458931 0.018252700567245483
0.5152113437652588 1.266128420829773 0.18586280941963196 0.010786947794258595
0.5974076390266418 1.3322060108184814 -0.07052404433488846 0.004424845799803734
0.521562933921814 1.312072515487671 0.06719987839460373 0.0030159701127558947
