0.5469511151313782 0.31737208366394043 -0.39217737317085266 0.999992847442627
0.5530964732170105 0.3029102087020874 -0.36135098338127136 0.9999853372573853
0.5569899678230286 0.3041495084762573 -0.3614351153373718 0.9999904632568359
0.5606446862220764 0.30563217401504517 -0.3614419996738434 0.9999858140945435
0.537639856338501 0.30108994245529175 -0.36742594838142395 0.9999830722808838
0.5307675004005432 0.3013197183609009 -0.36754482984542847 0.9999874830245972
0.524592936038971 0.30218273401260376 -0.3677414655685425 0.9999810457229614
0.5633322596549988 0.3188021183013916 -0.1884698122739792 0.9999895095825195
0.5126397609710693 0.31790876388549805 -0.21768517792224884 0.9999920129776001
0.5541797280311584 0.345753014087677 -0.3277774453163147 0.9999967813491821
0.5332373380661011 0.34411948919296265 -0.3368842899799347 0.9999970197677612
0.6046158671379089 0.490299254655838 -0.0861206129193306 0.9999825954437256
0.4611413776874542 0.4776807427406311 -0.11892441660165787 0.9999539852142334
0.6339285969734192 0.6998682022094727 -0.22534304857254028 0.999380350112915
0.43526214361190796 0.6783612370491028 -0.17914488911628723 0.999138355255127
0.5952951312065125 0.6543799042701721 -0.5879425406455994 0.9994434714317322
0.5043021440505981 0.784873902797699 -0.38425377011299133 0.9961276650428772
0.5857802033424377 0.6311399340629578 -0.6663587689399719 0.9977721571922302
0.5182190537452698 0.840709388256073 -0.4324919283390045 0.9863320589065552
0.5877792835235596 0.6043714880943298 -0.6487388610839844 0.9978118538856506
0.5337231755256653 0.8285723328590393 -0.4362033009529114 0.9869756698608398
0.5877001881599426 0.6091804504394531 -0.5874397158622742 0.9975080490112305
0.5312984585762024 0.8114430904388428 -0.3861708641052246 0.9872214198112488
0.5883988738059998 0.8056837320327759 0.008703826926648617 0.9995589852333069
0.4930552542209625 0.8208643198013306 -0.007537646219134331 0.9992081522941589
0.6023545861244202 1.0620312690734863 -0.33888715505599976 0.516374945640564
0.5010438561439514 1.0869505405426025 -0.20022663474082947 0.40466412901878357
0.6027057766914368 1.3064031600952148 -0.03692053258419037 0.0010220995172858238
0.5096756219863892 1.3240165710449219 0.07821810245513916 0.003002501092851162
0.6039302349090576 1.3483736515045166 -0.0130013981834054 0.004916639532893896
0.5064261555671692 1.3672860860824585 0.09985439479351044 0.004683987237513065
0.5944130420684814 1.3962926864624023 -0.18516698479652405 0.0009833360090851784
0.5275914072990417 1.3986079692840576 -0.0835207849740982 0.0029066919814795256
