0.5357165932655334 0.41112610697746277 -0.2534615993499756 0.9998356103897095
0.5421257019042969 0.39061248302459717 -0.22950205206871033 0.9998194575309753
0.5453779697418213 0.39140427112579346 -0.22950150072574615 0.9998233914375305
0.548855721950531 0.39284399151802063 -0.22949041426181793 0.9997922778129578
0.5273004770278931 0.38890135288238525 -0.23106437921524048 0.9998284578323364
0.5213298797607422 0.3887518048286438 -0.23105567693710327 0.999840259552002
0.5161835551261902 0.3892328143119812 -0.23120395839214325 0.9998401403427124
0.551386296749115 0.40553727746009827 -0.08433262258768082 0.9998894929885864
0.5053481459617615 0.4030561149120331 -0.08686607331037521 0.9999071359634399
0.5415490865707397 0.4382862150669098 -0.19911184906959534 0.9999396800994873
0.5234694480895996 0.4360911548137665 -0.2007075697183609 0.9999253749847412
0.5865448117256165 0.5420790910720825 -0.022219164296984673 0.9997970461845398
0.4604519307613373 0.5315678119659424 -0.03247100114822388 0.9997581839561462
0.6426562666893005 0.6871629357337952 -0.2436847686767578 0.9975762963294983
0.4123755097389221 0.6889193654060364 -0.2375403791666031 0.9989515542984009
0.5678147673606873 0.6151669025421143 -0.5418372750282288 0.9937072396278381
0.5012996196746826 0.6280176639556885 -0.47723817825317383 0.9978973865509033
0.5555205941200256 0.5722806453704834 -0.5944945812225342 0.9671851992607117
0.5220491886138916 0.5992582440376282 -0.5215446352958679 0.9870184063911438
0.5533864498138428 0.5524792075157166 -0.5544627904891968 0.9621246457099915
0.5252201557159424 0.5699601769447327 -0.48403027653694153 0.9848448634147644
0.5534864068031311 0.5712802410125732 -0.5316517949104309 0.9677525758743286
0.5194649696350098 0.5894440412521362 -0.46568718552589417 0.9852808117866516
0.5698588490486145 0.8523386716842651 -0.0008283912320621312 0.9991301894187927
0.48450905084609985 0.8551573753356934 0.002193171763792634 0.9988117218017578
0.5738002061843872 1.1134377717971802 -0.13989415764808655 0.13688215613365173
0.47860825061798096 1.1088489294052124 0.058639682829380035 0.13765497505664825
0.5691004991531372 1.3211665153503418 0.16229699552059174 0.0001507535926066339
0.472290962934494 1.319310188293457 0.3348272442817688 0.0006793542415834963
0.5701320767402649 1.3558063507080078 0.1863919198513031 0.0003756234946195036
0.4671316146850586 1.358656644821167 0.35748395323753357 0.0007610588800162077
0.5581089854240417 1.404778242111206 0.024964511394500732 0.00011853734031319618
0.4812917411327362 1.3943567276000977 0.1907472461462021 0.0007812086259946227
