0.5357803702354431 0.411369651556015 -0.283631294965744 0.9926475286483765
0.5417187213897705 0.3911678194999695 -0.2552654445171356 0.9918379187583923
0.5455392599105835 0.39148733019828796 -0.2553158700466156 0.9925727844238281
0.5495632290840149 0.392282634973526 -0.2554137408733368 0.9915372133255005
0.5280303359031677 0.3904595375061035 -0.2626771628856659 0.9919707775115967
0.5220128297805786 0.39032846689224243 -0.26288041472435 0.9939078092575073
0.516542375087738 0.39056140184402466 -0.2630733251571655 0.9944320321083069
0.5520670413970947 0.4039076566696167 -0.10520472377538681 0.9950782060623169
0.5055727958679199 0.4037391245365143 -0.13560286164283752 0.9974318146705627
0.54123854637146 0.4383526146411896 -0.22712625563144684 0.9961179494857788
0.5248558521270752 0.436169296503067 -0.23673345148563385 0.9965091347694397
0.5903910994529724 0.5449084639549255 -0.04196420684456825 0.9928234815597534
0.46102434396743774 0.5370931029319763 -0.1002325713634491 0.9937644004821777
0.6422758102416992 0.6665096282958984 -0.27177757024765015 0.9963600039482117
0.41515275835990906 0.6756117939949036 -0.3303820788860321 0.998343825340271
0.5750178098678589 0.591841995716095 -0.542423665523529 0.9843966364860535
0.5078024864196777 0.5896185636520386 -0.5516796112060547 0.9982393980026245
0.5604843497276306 0.5585108995437622 -0.5938321352005005 0.9487727284431458
0.5319939851760864 0.5634130239486694 -0.6002227663993835 0.9889476299285889
0.5544460415840149 0.5407068729400635 -0.5495272278785706 0.9453107118606567
0.5364022850990295 0.5415771007537842 -0.5608612298965454 0.9873088002204895
0.5566157102584839 0.5573883056640625 -0.5311838984489441 0.960259735584259
0.5289289355278015 0.555128812789917 -0.5394533276557922 0.9879751801490784
0.5693644881248474 0.8451982736587524 0.013514360412955284 0.9992485642433167
0.48760631680488586 0.8521662354469299 -0.012788333930075169 0.9992569088935852
0.5827341675758362 1.0908210277557373 -0.08541068434715271 0.3159514367580414
0.4857233464717865 1.0775562524795532 -0.11724884063005447 0.48588666319847107
0.5823001861572266 1.275482416152954 0.3148364722728729 0.000223446186282672
0.48517948389053345 1.2889983654022217 0.18846561014652252 0.001968058291822672
0.5849044919013977 1.3010749816894531 0.3509933352470398 0.0007399077876470983
0.4826224148273468 1.3266901969909668 0.21521428227424622 0.0014499085955321789
0.5729466676712036 1.3654189109802246 0.22489283978939056 0.00012750603491440415
0.49535876512527466 1.3615227937698364 0.050771020352840424 0.0011885687708854675
