0.5361713767051697 0.41693851351737976 -0.258836954832077 0.9998908042907715
0.5429323315620422 0.39614468812942505 -0.23571506142616272 0.9998738765716553
0.5468510985374451 0.39762842655181885 -0.2357141524553299 0.999835729598999
0.5509499907493591 0.39923447370529175 -0.23566834628582 0.9998410940170288
0.5281551480293274 0.3905320167541504 -0.24465888738632202 0.9999154806137085
0.5215994119644165 0.38890957832336426 -0.2446131557226181 0.9999030828475952
0.5155586004257202 0.388282835483551 -0.24479733407497406 0.9999229907989502
0.5533983707427979 0.4102422595024109 -0.08654768019914627 0.999847412109375
0.5038505792617798 0.40061473846435547 -0.12345970422029495 0.9999536275863647
0.5408982634544373 0.4461354613304138 -0.20208124816417694 0.9999707937240601
0.5236067175865173 0.4443346858024597 -0.21375781297683716 0.9999774694442749
0.5802698135375977 0.5427764654159546 -0.007576670031994581 0.9998230338096619
0.4561605453491211 0.5296958684921265 -0.07309773564338684 0.9999293088912964
0.6336246728897095 0.6915941834449768 -0.1766863614320755 0.9804007411003113
0.4135081470012665 0.6840187311172485 -0.2537730038166046 0.9989198446273804
0.5773571133613586 0.651764988899231 -0.46335145831108093 0.9825456142425537
0.5052409172058105 0.6401181817054749 -0.45624274015426636 0.9973803162574768
0.565703272819519 0.6420304775238037 -0.5121175050735474 0.9134215712547302
0.5383336544036865 0.6303819417953491 -0.49653440713882446 0.982410192489624
0.5632190108299255 0.6183205842971802 -0.482875794172287 0.8994865417480469
0.5481659173965454 0.6030747890472412 -0.46309196949005127 0.9796825051307678
0.564005970954895 0.621696949005127 -0.45761731266975403 0.9139837026596069
0.5389755964279175 0.6119673252105713 -0.4443351626396179 0.9793642163276672
0.5684573650360107 0.8616562485694885 0.0022107460536062717 0.9943296313285828
0.4791843295097351 0.8700966835021973 -0.0007067093974910676 0.994521975517273
0.5692746043205261 1.120497465133667 -0.022929025813937187 0.013029377907514572
0.47358518838882446 1.124967098236084 0.13659891486167908 0.008020441979169846
0.5655854344367981 1.3361923694610596 0.2380971610546112 6.605277303606272e-05
0.4754646122455597 1.3413398265838623 0.434467613697052 0.00017705414211377501
0.5658918023109436 1.37417471408844 0.2572123408317566 0.0001974708284251392
0.4721745550632477 1.3804751634597778 0.4593261778354645 0.00021355150965973735
0.557814359664917 1.4197553396224976 0.08362138271331787 9.91309862001799e-05
0.48830124735832214 1.4207985401153564 0.278166264295578 0.0005698864115402102
