0.5328838229179382 0.40027862787246704 -0.2353624552488327 0.9995539784431458
0.5393494963645935 0.3816462755203247 -0.20721343159675598 0.9994242191314697
0.5439163446426392 0.3827330470085144 -0.20729511976242065 0.9995430707931519
0.5478445887565613 0.3840155303478241 -0.2074436992406845 0.9994446635246277
0.5239759683609009 0.37917447090148926 -0.2186203896999359 0.9992628693580627
0.5173170566558838 0.3789397180080414 -0.21878670156002045 0.9993994235992432
0.5118581652641296 0.37965911626815796 -0.218924418091774 0.9992893934249878
0.5516612529754639 0.3976191282272339 -0.06060021370649338 0.9997003078460693
0.5011786818504333 0.39594119787216187 -0.11284677684307098 0.9996716976165771
0.5384254455566406 0.42629337310791016 -0.17979560792446136 0.9996812343597412
0.5224445462226868 0.4252232611179352 -0.19570864737033844 0.9996317625045776
0.5871798992156982 0.5322608947753906 0.0055507211945950985 0.9993853569030762
0.4551618993282318 0.531258225440979 -0.06701226532459259 0.9989714622497559
0.6316201686859131 0.703901469707489 -0.1857932060956955 0.9929600358009338
0.4220297634601593 0.7092301249504089 -0.28479382395744324 0.9948251247406006
0.6081920862197876 0.5805520415306091 -0.47036874294281006 0.9938822984695435
0.4849793314933777 0.574505090713501 -0.5483260750770569 0.9990761280059814
0.6087045073509216 0.5489611625671387 -0.5229300856590271 0.9801278114318848
0.4892408549785614 0.5166140794754028 -0.5987901091575623 0.9953908920288086
0.6054688692092896 0.5288920402526855 -0.4876706004142761 0.9790025949478149
0.4856674373149872 0.4985868036746979 -0.5659487843513489 0.9946067929267883
0.6021376252174377 0.5430930852890015 -0.4629490077495575 0.9799357652664185
0.48816028237342834 0.5182697176933289 -0.539687991142273 0.9931158423423767
0.568379282951355 0.8232374787330627 0.018111800774931908 0.998862624168396
0.47534140944480896 0.8218463063240051 -0.01736132614314556 0.9988970756530762
0.5907266736030579 1.0466750860214233 -0.2051261067390442 0.660350501537323
0.4682161509990692 1.044278621673584 -0.22389833629131317 0.7593262195587158
0.5865713953971863 1.2317465543746948 0.15871663391590118 0.0023818383924663067
0.4732134938240051 1.2544134855270386 0.07942292839288712 0.016154661774635315
0.5859125852584839 1.2618789672851562 0.19044223427772522 0.007116696331650019
0.4735199213027954 1.2886687517166138 0.104133740067482 0.008865478448569775
0.5815127491950989 1.3134245872497559 0.05690794065594673 0.0015204939991235733
0.4809190034866333 1.332090139389038 -0.06584256142377853 0.0073738135397434235
