0.535427451133728 0.4079020619392395 -0.19855722784996033 0.9994004964828491
0.539997935295105 0.38902658224105835 -0.1771496683359146 0.9993064403533936
0.5431494116783142 0.3893912732601166 -0.17712163925170898 0.999427855014801
0.5462526679039001 0.3900044560432434 -0.17716290056705475 0.9993636012077332
0.5278906226158142 0.386290043592453 -0.18862296640872955 0.9993100166320801
0.5220224261283875 0.38502031564712524 -0.18873076140880585 0.9994205236434937
0.5165050625801086 0.38450324535369873 -0.1888776570558548 0.9993798732757568
0.5459038019180298 0.40008893609046936 -0.04705805331468582 0.999620795249939
0.5020398497581482 0.39566096663475037 -0.09647024422883987 0.9996891021728516
0.5386288166046143 0.43394705653190613 -0.14789414405822754 0.9994957447052002
0.5235716700553894 0.43175095319747925 -0.16282491385936737 0.9994106292724609
0.5796359181404114 0.5262919664382935 0.011016483418643475 0.999442994594574
0.45365428924560547 0.5323290824890137 -0.0674782544374466 0.9995638728141785
0.621465265750885 0.6807124018669128 -0.1661348044872284 0.9943349957466125
0.4295049011707306 0.693161129951477 -0.26461753249168396 0.998528242111206
0.5580402612686157 0.574866771697998 -0.4186960756778717 0.989913821220398
0.5140782594680786 0.5732035636901855 -0.4525972306728363 0.9993882179260254
0.5530044436454773 0.530393123626709 -0.4650127589702606 0.9687327146530151
0.5276259183883667 0.5291813611984253 -0.49423810839653015 0.9966852068901062
0.5460086464881897 0.51250821352005 -0.43103212118148804 0.9644624590873718
0.5238736271858215 0.5121829509735107 -0.4589134752750397 0.9960494637489319
0.5446197986602783 0.5343421697616577 -0.41171830892562866 0.9753530621528625
0.5200827121734619 0.5324520468711853 -0.44109076261520386 0.9962749481201172
0.5662992000579834 0.8189374804496765 0.01787456125020981 0.9996708631515503
0.47645050287246704 0.8247606158256531 -0.016700318083167076 0.9995684027671814
0.6109619140625 1.0185012817382812 -0.0369388721883297 0.31686195731163025
0.48016291856765747 1.0857915878295898 0.0599517785012722 0.3352803885936737
0.5972174406051636 1.2921334505081177 0.2708142101764679 0.00019017218437511474
0.48459377884864807 1.302243947982788 0.31697461009025574 0.0006848194752819836
0.5998293161392212 1.3296301364898682 0.29806947708129883 0.0006555441650561988
0.4812142550945282 1.3412384986877441 0.3388974368572235 0.000709373562131077
0.5929704308509827 1.3718644380569458 0.16786307096481323 8.648752555018291e-05
0.4975510835647583 1.3764331340789795 0.1882801353931427 0.000344851054251194
