0.5343133211135864 0.4151087701320648 -0.342149943113327 0.9982953667640686
0.5398353338241577 0.3921356499195099 -0.3162209689617157 0.9975269436836243
0.5436540842056274 0.39230602979660034 -0.3162843883037567 0.998267650604248
0.5470249652862549 0.39279118180274963 -0.31635916233062744 0.997077465057373
0.5244377255439758 0.39150673151016235 -0.32542604207992554 0.9974899291992188
0.5180263519287109 0.39150047302246094 -0.325670063495636 0.9983325600624084
0.5117372274398804 0.39172959327697754 -0.3258250057697296 0.9974839687347412
0.5489798784255981 0.4037500023841858 -0.1686159074306488 0.9988106489181519
0.5014700293540955 0.4015936255455017 -0.2088852822780609 0.9990115165710449
0.5394881963729858 0.44403547048568726 -0.2848493754863739 0.9981163740158081
0.5221357941627502 0.4447683095932007 -0.2970391809940338 0.9981423616409302
0.5799965262413025 0.5298799276351929 -0.08992879837751389 0.9987469911575317
0.4571923017501831 0.5342891216278076 -0.15609897673130035 0.9988202452659607
0.6229152679443359 0.695239782333374 -0.2786059081554413 0.9982547163963318
0.4205852746963501 0.7098637819290161 -0.3536972105503082 0.9985504746437073
0.5664135813713074 0.5611300468444824 -0.549441397190094 0.9969661831855774
0.5059096813201904 0.5783607959747314 -0.5733126401901245 0.9994864463806152
0.5578970313072205 0.5168802738189697 -0.6012417674064636 0.9924086332321167
0.5178300142288208 0.52447110414505 -0.6168882846832275 0.9977872371673584
0.5528836846351624 0.5002040863037109 -0.5624948143959045 0.9915926456451416
0.5147126317024231 0.5105770826339722 -0.5814470648765564 0.9973915815353394
0.5512689352035522 0.5160014629364014 -0.539408802986145 0.9929773211479187
0.5120179057121277 0.5294726490974426 -0.5609855055809021 0.9971250891685486
0.5698357820510864 0.8266319632530212 0.0187582615762949 0.999688982963562
0.4753642976284027 0.8257808685302734 -0.01823757030069828 0.9995985627174377
0.5961716771125793 1.086882472038269 -0.1148674488067627 0.820638120174408
0.47907739877700806 1.040197491645813 -0.06214592978358269 0.7484594583511353
0.5848836898803711 1.2124875783920288 0.33432450890541077 0.0012987618101760745
0.48598262667655945 1.2612793445587158 0.280490905046463 0.004980067256838083
0.5853989124298096 1.2259844541549683 0.37910354137420654 0.005854382645338774
0.48391109704971313 1.2888206243515015 0.3130345940589905 0.007586709689348936
0.5758848190307617 1.2934141159057617 0.29846277832984924 0.0006962044280953705
0.500437319278717 1.345136046409607 0.18614116311073303 0.002734873443841934
