0.5398502945899963 0.4040141701698303 -0.16717927157878876 0.9999117851257324
0.5430184006690979 0.3827044367790222 -0.14226999878883362 0.9998218417167664
0.546478807926178 0.38298797607421875 -0.142232283949852 0.9998804330825806
0.5506412386894226 0.3834887146949768 -0.14222384989261627 0.9998700618743896
0.5293518900871277 0.3811459541320801 -0.15724216401576996 0.9998370409011841
0.523078203201294 0.3812469244003296 -0.15736886858940125 0.9998754262924194
0.5169962048530579 0.38187551498413086 -0.15754033625125885 0.9998425245285034
0.5517966747283936 0.39768677949905396 -0.015180199407041073 0.9998959302902222
0.5017927885055542 0.3997107744216919 -0.08486071974039078 0.9999279975891113
0.5463206768035889 0.43019402027130127 -0.11814820021390915 0.9999138116836548
0.5281590819358826 0.4307605028152466 -0.13896149396896362 0.9999243021011353
0.5877208709716797 0.5487416982650757 0.040014978498220444 0.9999003410339355
0.45030733942985535 0.543692409992218 -0.06059497222304344 0.9997617602348328
0.6228357553482056 0.6947965025901794 -0.14078444242477417 0.986027717590332
0.4128813147544861 0.7360930442810059 -0.2487284541130066 0.9933441877365112
0.5778836607933044 0.5178130865097046 -0.40228432416915894 0.9967660903930664
0.48976531624794006 0.674845814704895 -0.4096407890319824 0.9961562752723694
0.5663661360740662 0.46932992339134216 -0.44254663586616516 0.9881899356842041
0.508332371711731 0.6333922147750854 -0.4411596953868866 0.9841779470443726
0.5656809210777283 0.4570343792438507 -0.40512409806251526 0.9857262372970581
0.5090439319610596 0.6095517873764038 -0.4025178849697113 0.9810159802436829
0.5645620822906494 0.4716165363788605 -0.3928062617778778 0.9840319752693176
0.507868230342865 0.6137479543685913 -0.3964845836162567 0.9771487712860107
0.5763324499130249 0.8595679998397827 0.027389682829380035 0.9961262345314026
0.4749913811683655 0.8718183040618896 -0.02645653858780861 0.9937776327133179
0.6146863698959351 1.0566787719726562 -0.11114279180765152 0.39454397559165955
0.47906893491744995 1.142977237701416 -0.03312748670578003 0.16917894780635834
0.5916761755943298 1.3688534498214722 0.10262613743543625 0.003730810945853591
0.47349658608436584 1.3900115489959717 0.13107521831989288 0.005039486102759838
0.5913875699043274 1.409128189086914 0.11966849863529205 0.013187640346586704
0.46987277269363403 1.4322980642318726 0.14223875105381012 0.005990688223391771
0.5821952223777771 1.4620707035064697 -0.03508280962705612 0.0026914465706795454
0.48551711440086365 1.4705138206481934 -0.03846848011016846 0.003537746611982584
