0.5367494821548462 0.3993109464645386 -0.29377084970474243 0.9999972581863403
0.541360080242157 0.37941938638687134 -0.26613202691078186 0.9999943971633911
0.5452201962471008 0.3804166316986084 -0.2661781907081604 0.9999960660934448
0.5486107468605042 0.38147422671318054 -0.26620596647262573 0.9999924898147583
0.526483952999115 0.3762820363044739 -0.276493102312088 0.9999942779541016
0.5198679566383362 0.3757028579711914 -0.27665331959724426 0.9999963045120239
0.5142543315887451 0.37612900137901306 -0.2768055498600006 0.9999939203262329
0.5498765110969543 0.39253365993499756 -0.1183299794793129 0.9999957084655762
0.5026233196258545 0.3919656574726105 -0.16806156933307648 0.999998927116394
0.542553722858429 0.4251548647880554 -0.23897875845432281 0.9999985694885254
0.5248947143554688 0.42436906695365906 -0.25386252999305725 0.9999991655349731
0.5833554863929749 0.5280548334121704 -0.030925272032618523 0.9999918937683105
0.44946926832199097 0.540219247341156 -0.08464588969945908 0.9999821186065674
0.6301342248916626 0.7034427523612976 -0.16301266849040985 0.999488353729248
0.4148993492126465 0.7201217412948608 -0.13376840949058533 0.9990578293800354
0.6129297614097595 0.602250337600708 -0.47491446137428284 0.9994788765907288
0.46368661522865295 0.8203056454658508 -0.32670390605926514 0.9974531531333923
0.606601357460022 0.5672094821929932 -0.539374053478241 0.997963547706604
0.46584293246269226 0.8641281127929688 -0.36288517713546753 0.9925340414047241
0.6059058904647827 0.5458370447158813 -0.5177143812179565 0.9978529214859009
0.4830642640590668 0.8493318557739258 -0.3715013861656189 0.9928915500640869
0.6045171618461609 0.557283341884613 -0.47297632694244385 0.9976524710655212
0.48391249775886536 0.8359063863754272 -0.33003658056259155 0.9930412769317627
0.5747377872467041 0.8260834813117981 0.006386786699295044 0.9999065399169922
0.4841180443763733 0.8409373760223389 -0.005611391272395849 0.9998461008071899
0.5932295322418213 1.0685468912124634 -0.16341036558151245 0.6509519219398499
0.47486308217048645 1.0382505655288696 -0.04124469682574272 0.6371520757675171
0.5949356555938721 1.2730342149734497 0.13278153538703918 0.003899102099239826
0.4880334138870239 1.2695550918579102 0.22117875516414642 0.008489328436553478
0.5935394763946533 1.3070039749145508 0.15746702253818512 0.01382136344909668
0.4888545870780945 1.304107904434204 0.242339625954628 0.012823134660720825
0.5944290161132812 1.3573205471038818 0.02217015251517296 0.002387303626164794
0.4976629316806793 1.345129132270813 0.10260471701622009 0.005360661540180445
