0.5373929738998413 0.39952272176742554 -0.2236710488796234 0.9999934434890747
0.5419876575469971 0.378444105386734 -0.19578567147254944 0.9999829530715942
0.5457251667976379 0.37943851947784424 -0.19583937525749207 0.99998939037323
0.5490752458572388 0.3804891109466553 -0.19583551585674286 0.9999769926071167
0.5271646976470947 0.37633344531059265 -0.20890933275222778 0.9999837875366211
0.520733118057251 0.37624311447143555 -0.20910708606243134 0.9999912977218628
0.5150454640388489 0.3766903579235077 -0.20926238596439362 0.9999840259552002
0.5500531792640686 0.39367538690567017 -0.05870573967695236 0.9999895095825195
0.5032991766929626 0.3929939568042755 -0.12087296694517136 0.9999974966049194
0.5433121919631958 0.42586246132850647 -0.17365151643753052 0.9999946355819702
0.5247324109077454 0.4259312152862549 -0.19221442937850952 0.9999972581863403
0.5833830237388611 0.5301477909088135 0.013786805793642998 0.9999852180480957
0.44874170422554016 0.5401617288589478 -0.0469798818230629 0.9999740123748779
0.6287707090377808 0.708073616027832 -0.10346968472003937 0.9997560381889343
0.4144749641418457 0.717311680316925 -0.08306591957807541 0.9994255304336548
0.6116273999214172 0.6029978394508362 -0.3734682500362396 0.9996869564056396
0.46252697706222534 0.8214713335037231 -0.2483825981616974 0.9987214207649231
0.6066567301750183 0.5667073130607605 -0.42905279994010925 0.9987931251525879
0.4642852246761322 0.8641071319580078 -0.27763381600379944 0.9960451722145081
0.6051133275032043 0.5445717573165894 -0.4048702120780945 0.9986625909805298
0.48122626543045044 0.8506853580474854 -0.28232696652412415 0.9962103366851807
0.6035754680633545 0.5572845935821533 -0.3697017729282379 0.9987572431564331
0.4823857545852661 0.8369480967521667 -0.24952609837055206 0.9966675639152527
0.574854850769043 0.8241586089134216 0.005564937833696604 0.9999281167984009
0.48566198348999023 0.84341961145401 -0.004621276166290045 0.999897837638855
0.5924808382987976 1.0687527656555176 -0.08054845035076141 0.6760843992233276
0.48576804995536804 1.0799789428710938 0.03915243595838547 0.6066941618919373
0.5953141450881958 1.264258861541748 0.25280290842056274 0.0010518302442505956
0.4949551820755005 1.268134593963623 0.3130935728549957 0.0028392502572387457
0.5965994000434875 1.2968194484710693 0.28227943181991577 0.004160990938544273
0.4938700497150421 1.3043895959854126 0.33634334802627563 0.007226097397506237
0.5899186730384827 1.349266767501831 0.1622854620218277 0.00041974111809395254
0.5071728825569153 1.3418608903884888 0.20048126578330994 0.0016074453014880419
