0.5354459285736084 0.4022323191165924 -0.3422761857509613 0.9999841451644897
0.5394953489303589 0.38030391931533813 -0.31680557131767273 0.9999736547470093
0.543067216873169 0.3809913992881775 -0.3168809115886688 0.9999761581420898
0.5464571118354797 0.38187307119369507 -0.3169862627983093 0.9999667406082153
0.525399923324585 0.3787534236907959 -0.3216736614704132 0.999975323677063
0.5193213224411011 0.3787021040916443 -0.32182738184928894 0.9999805688858032
0.5137720108032227 0.37916111946105957 -0.32201138138771057 0.9999771118164062
0.5470113158226013 0.3944590091705322 -0.17143787443637848 0.9999781847000122
0.5009944438934326 0.3947088122367859 -0.1941983699798584 0.9999899864196777
0.5406755208969116 0.4281925559043884 -0.2876695692539215 0.9999963045120239
0.5225833058357239 0.42760273814201355 -0.29453954100608826 0.999997615814209
0.5854194760322571 0.5390236377716064 -0.08788764476776123 0.9999666213989258
0.448822945356369 0.5350648164749146 -0.10564053803682327 0.9999526739120483
0.618733823299408 0.7174606323242188 -0.17099711298942566 0.9936908483505249
0.419542133808136 0.7093812823295593 -0.1505822092294693 0.9952483773231506
0.6071814894676208 0.7342430353164673 -0.4806293249130249 0.984950065612793
0.45856913924217224 0.8188642263412476 -0.3538110554218292 0.9746443629264832
0.6054964661598206 0.7398374676704407 -0.5487299561500549 0.9644412994384766
0.45780399441719055 0.8681479096412659 -0.4008733928203583 0.9427719712257385
0.5998051166534424 0.7079417109489441 -0.5499438047409058 0.9676536917686462
0.4749559760093689 0.8618436455726624 -0.4115503132343292 0.9486519694328308
0.5975205302238464 0.703701376914978 -0.4868195652961731 0.9583314657211304
0.4782405495643616 0.8450602889060974 -0.3595010042190552 0.9398049712181091
0.5701496601104736 0.8313919305801392 -0.00048069763579405844 0.9973310232162476
0.4791204631328583 0.8453583717346191 0.0010294208768755198 0.9963290095329285
0.6116878986358643 1.0023292303085327 -0.3319861590862274 0.8115448355674744
0.466047078371048 1.0699353218078613 -0.1745157688856125 0.7482624650001526
0.5936614871025085 1.2399728298187256 0.00044921640073880553 0.08192584663629532
0.5002865791320801 1.2639975547790527 0.0970994085073471 0.11424531787633896
0.5914604067802429 1.270078182220459 0.028680074959993362 0.12818476557731628
0.5049203634262085 1.2906709909439087 0.11848494410514832 0.09278307855129242
0.593096911907196 1.3219984769821167 -0.11855923384428024 0.055147718638181686
0.5121986865997314 1.3469579219818115 -0.03172454237937927 0.05553135275840759
