0.5497809052467346 0.37167975306510925 -0.3567148447036743 0.9999473094940186
0.5555859804153442 0.34868496656417847 -0.3289774954319 0.9999476671218872
0.5593283772468567 0.3493782877922058 -0.3291234076023102 0.999950647354126
0.5637393593788147 0.3505144715309143 -0.3293803334236145 0.9999501705169678
0.5396828055381775 0.34637582302093506 -0.3346705138683319 0.9999352693557739
0.532604992389679 0.3458510637283325 -0.3346646726131439 0.9999188184738159
0.5261738300323486 0.34594154357910156 -0.33475732803344727 0.9999034404754639
0.5670538544654846 0.36178380250930786 -0.16370971500873566 0.999972939491272
0.5160746574401855 0.35864344239234924 -0.18816925585269928 0.9999579191207886
0.5552053451538086 0.4006924629211426 -0.29393646121025085 0.9999924898147583
0.5371472835540771 0.39981937408447266 -0.3010404706001282 0.9999926090240479
0.604425311088562 0.5017870664596558 -0.06578917801380157 0.9999831914901733
0.46849289536476135 0.4966181516647339 -0.07775812596082687 0.9998905658721924
0.651903510093689 0.6805773377418518 -0.1818964183330536 0.9896830320358276
0.43554550409317017 0.670952320098877 -0.06164487823843956 0.9767429232597351
0.6454576849937439 0.6569265127182007 -0.5082797408103943 0.9582952260971069
0.4254615008831024 0.826375424861908 -0.20776571333408356 0.8406528830528259
0.6373030543327332 0.6477935314178467 -0.5753921866416931 0.9007936716079712
0.41964539885520935 0.8717240691184998 -0.23727497458457947 0.7386398911476135
0.6350122094154358 0.6251440644264221 -0.5707958340644836 0.9043768644332886
0.42635586857795715 0.8664965033531189 -0.2730346918106079 0.7616846561431885
0.6313560605049133 0.6218379735946655 -0.5129514336585999 0.8643240332603455
0.432742178440094 0.8520014882087708 -0.22317476570606232 0.7401875257492065
0.5871517062187195 0.8045421838760376 0.006387512665241957 0.9973854422569275
0.48909124732017517 0.8137957453727722 -0.005786274094134569 0.9935352802276611
0.6725260019302368 0.959464967250824 -0.41884371638298035 0.9436554312705994
0.43940648436546326 0.9806041717529297 -0.25051042437553406 0.8767953515052795
0.6166271567344666 1.1724973917007446 -0.15032343566417694 0.3461640179157257
0.4811249375343323 1.189969539642334 0.05966084823012352 0.17102347314357758
0.5997573733329773 1.1965985298156738 -0.12651307880878448 0.4943656623363495
0.4885505437850952 1.2172901630401611 0.08678271621465683 0.1940796822309494
0.6272257566452026 1.2604522705078125 -0.26851531863212585 0.21657142043113708
0.4780583381652832 1.2663252353668213 -0.04387577995657921 0.07475228607654572
