0.5546618700027466 0.3768919110298157 -0.41332170367240906 0.9999251365661621
0.5607682466506958 0.35201799869537354 -0.3827156722545624 0.999932050704956
0.5642949938774109 0.3526204824447632 -0.38289928436279297 0.9999463558197021
0.568499743938446 0.3535047769546509 -0.38323476910591125 0.9999501705169678
0.5445293188095093 0.3498081564903259 -0.3912384808063507 0.9998905658721924
0.5368891358375549 0.3491830825805664 -0.39113694429397583 0.9998441934585571
0.5300108790397644 0.34928929805755615 -0.391202837228775 0.9997707009315491
0.5714330077171326 0.3639580011367798 -0.1961803287267685 0.9999761581420898
0.5171360969543457 0.36000388860702515 -0.2332828938961029 0.9999330043792725
0.5603933334350586 0.4072929620742798 -0.34055545926094055 0.999982476234436
0.5401487350463867 0.4061563313007355 -0.3516203761100769 0.9999748468399048
0.6018365025520325 0.48834025859832764 -0.0903458520770073 0.9999854564666748
0.46725359559059143 0.49327489733695984 -0.0868646577000618 0.9996836185455322
0.6403378844261169 0.6358315944671631 -0.24567314982414246 0.9969125986099243
0.437055766582489 0.6792060732841492 -0.025675339624285698 0.9425101280212402
0.5951535105705261 0.536790668964386 -0.5795959830284119 0.994792640209198
0.4264342188835144 0.849824070930481 -0.1224168911576271 0.7213836908340454
0.574483335018158 0.5127478837966919 -0.6564147472381592 0.9840770363807678
0.41690289974212646 0.8958484530448914 -0.14415116608142853 0.6030513048171997
0.5741643905639648 0.4863484799861908 -0.6349232792854309 0.9836561679840088
0.42378711700439453 0.8950658440589905 -0.18774984776973724 0.6237295866012573
0.5774221420288086 0.4940837025642395 -0.5777018666267395 0.9710757732391357
0.4297732710838318 0.878179669380188 -0.14022937417030334 0.600077748298645
0.5864552855491638 0.8057810068130493 0.009491343051195145 0.9964476823806763
0.4886575937271118 0.8126149773597717 -0.00881694070994854 0.9896298050880432
0.6854909062385559 0.9653509259223938 -0.37113749980926514 0.9463746547698975
0.4289551079273224 1.0003479719161987 -0.21996577084064484 0.8767174482345581
0.6326194405555725 1.1940481662750244 -0.0714549645781517 0.34258463978767395
0.47756093740463257 1.2306294441223145 0.0716608464717865 0.20857296884059906
0.6119534969329834 1.2219277620315552 -0.04590166360139847 0.3884793519973755
0.4873477816581726 1.2598284482955933 0.09560184180736542 0.1978638619184494
0.6517859697341919 1.2909009456634521 -0.19088326394557953 0.16263362765312195
0.4691198170185089 1.3185988664627075 -0.05161328986287117 0.07292923331260681
