0.5541866421699524 0.3730921745300293 -0.2849685847759247 0.9999347925186157
0.559204638004303 0.34933847188949585 -0.25325343012809753 0.9999499320983887
0.5621923804283142 0.349823534488678 -0.25342023372650146 0.9999561309814453
0.5662704706192017 0.3504466414451599 -0.253739595413208 0.9999619722366333
0.5441433191299438 0.3467678427696228 -0.26215860247612 0.9999276399612427
0.5363577604293823 0.3456194996833801 -0.26204657554626465 0.9998955726623535
0.529475748538971 0.34535717964172363 -0.26209312677383423 0.9998741149902344
0.5679754614830017 0.36218535900115967 -0.08105792105197906 0.9999792575836182
0.516151487827301 0.35815560817718506 -0.12175268679857254 0.9999572038650513
0.5585297346115112 0.40241578221321106 -0.2192588895559311 0.9999827146530151
0.5395002365112305 0.40217873454093933 -0.23135775327682495 0.9999794960021973
0.5958028435707092 0.4792599678039551 -0.017706913873553276 0.9999845027923584
0.464459091424942 0.49739888310432434 -0.0038818821776658297 0.9997015595436096
0.633794903755188 0.6199444532394409 -0.1743050515651703 0.9949530959129333
0.4340164065361023 0.6797363758087158 0.01581662893295288 0.8934095501899719
0.5849794149398804 0.5134067535400391 -0.4664129614830017 0.9916571378707886
0.42795130610466003 0.8407668471336365 -0.10317767411470413 0.5790328979492188
0.5699834823608398 0.4916170537471771 -0.53664231300354 0.9773162007331848
0.42150646448135376 0.8864041566848755 -0.1289684772491455 0.47770431637763977
0.5653718113899231 0.4804461896419525 -0.5133668780326843 0.976148247718811
0.42817965149879456 0.8809731602668762 -0.16407965123653412 0.49036675691604614
0.5672854781150818 0.4870792031288147 -0.4630442261695862 0.9601942896842957
0.43435564637184143 0.8646245002746582 -0.11887746304273605 0.4814750552177429
0.5874387621879578 0.7952600121498108 0.006194394547492266 0.9971730709075928
0.48809680342674255 0.8075152635574341 -0.005613199435174465 0.992853581905365
0.6790200471878052 0.9565370678901672 -0.33708029985427856 0.9340518116950989
0.4272190034389496 0.9914758801460266 -0.25105249881744385 0.8565122485160828
0.6266258955001831 1.1508393287658691 -0.02595924772322178 0.2692420184612274
0.46890777349472046 1.1883853673934937 0.05651272460818291 0.178972527384758
0.6067650318145752 1.172345519065857 0.0030541005544364452 0.3249248266220093
0.4807429611682892 1.2136647701263428 0.08422145247459412 0.18543989956378937
0.6413940787315369 1.247035264968872 -0.11718025803565979 0.13098780810832977
0.4577627182006836 1.2717978954315186 -0.04129239171743393 0.06405286490917206
