0.5449941754341125 0.37210002541542053 -0.38653019070625305 0.9999328851699829
0.5517488718032837 0.348542183637619 -0.3567656874656677 0.9999423027038574
0.5554659366607666 0.3491433262825012 -0.3569040298461914 0.9999427795410156
0.560100257396698 0.3501838445663452 -0.3571847081184387 0.9999469518661499
0.5354589819908142 0.34550943970680237 -0.3629758059978485 0.999929666519165
0.5283761024475098 0.3449075222015381 -0.36291083693504333 0.9998989105224609
0.521765947341919 0.3449704945087433 -0.3629458546638489 0.999875545501709
0.5647547245025635 0.360895037651062 -0.188063383102417 0.9999657869338989
0.511594295501709 0.3581675887107849 -0.21600495278835297 0.9999499320983887
0.5513875484466553 0.4010728597640991 -0.32320404052734375 0.9999922513961792
0.5324405431747437 0.398666650056839 -0.3313691020011902 0.9999912977218628
0.5997167229652405 0.49678802490234375 -0.10517947375774384 0.9999854564666748
0.4652983546257019 0.49677422642707825 -0.09775328636169434 0.9998007416725159
0.644048810005188 0.6637542843818665 -0.21930532157421112 0.9942593574523926
0.4341486096382141 0.6767946481704712 -0.06928277015686035 0.9618502855300903
0.6116109490394592 0.6539221405982971 -0.5189549922943115 0.983267605304718
0.42856255173683167 0.830682635307312 -0.217020645737648 0.7871525287628174
0.5977765917778015 0.6702275276184082 -0.5836647152900696 0.9600290656089783
0.42364978790283203 0.8747166395187378 -0.2483333945274353 0.7036898732185364
0.5882238745689392 0.6400985717773438 -0.5779297947883606 0.959202766418457
0.42994755506515503 0.8688507080078125 -0.2816914916038513 0.7117441296577454
0.588399350643158 0.6324657797813416 -0.5208181738853455 0.9342958331108093
0.43603476881980896 0.8538146018981934 -0.23112739622592926 0.676449716091156
0.586820662021637 0.7900305390357971 0.007968612015247345 0.9983463287353516
0.4872362017631531 0.7975713014602661 -0.007507549598813057 0.9961590766906738
0.6707632541656494 0.9481298327445984 -0.3957853317260742 0.8858054876327515
0.4332885444164276 0.9655383229255676 -0.38235530257225037 0.8259290456771851
0.6232766509056091 1.1281813383102417 -0.13163214921951294 0.19661934673786163
0.4798007905483246 1.1224373579025269 -0.03647834062576294 0.0626559853553772
0.6061888337135315 1.1495732069015503 -0.106928750872612 0.3683730661869049
0.49111688137054443 1.1405789852142334 -0.0036264548543840647 0.09756346046924591
0.6391746997833252 1.2110626697540283 -0.22835324704647064 0.11277574300765991
0.4760826528072357 1.1975653171539307 -0.10963539779186249 0.0289030522108078
