0.5534582138061523 0.3382323682308197 -0.2780987620353699 0.9999433755874634
0.5622648596763611 0.3200189471244812 -0.24996733665466309 0.9999178647994995
0.5671272873878479 0.32169055938720703 -0.2500808537006378 0.999903678894043
0.5724793672561646 0.3234807848930359 -0.250225692987442 0.99988853931427
0.5437043309211731 0.3175956606864929 -0.2501429617404938 0.99993896484375
0.5370458364486694 0.3183770179748535 -0.2501760423183441 0.9999356269836426
0.5316556096076965 0.3198385238647461 -0.2503393590450287 0.9999442100524902
0.5804545283317566 0.3409843146800995 -0.11087898910045624 0.9999208450317383
0.5223462581634521 0.34006568789482117 -0.11066107451915741 0.9999749660491943
0.563957154750824 0.37179890275001526 -0.2267557978630066 0.9999874830245972
0.5403229594230652 0.3694792091846466 -0.22686924040317535 0.9999936819076538
0.6187554597854614 0.4808274507522583 -0.04707704111933708 0.9994649291038513
0.480630099773407 0.48615726828575134 -0.06468413770198822 0.9997770190238953
0.6482930779457092 0.650313675403595 -0.13175515830516815 0.9701646566390991
0.4564981460571289 0.6662219762802124 -0.1670868694782257 0.9876676201820374
0.6217820048332214 0.7234999537467957 -0.3638068437576294 0.8880751729011536
0.5111488103866577 0.7329846024513245 -0.37085869908332825 0.9442400932312012
0.6150051951408386 0.7602429389953613 -0.41837599873542786 0.8143776655197144
0.5199395418167114 0.7668148279190063 -0.41875797510147095 0.8892195224761963
0.6040436029434204 0.7318472862243652 -0.4215100109577179 0.8169034123420715
0.5376183390617371 0.7411986589431763 -0.4171160161495209 0.8837590217590332
0.6011097431182861 0.7209733128547668 -0.36857619881629944 0.7919779419898987
0.5349395871162415 0.7281824350357056 -0.37162017822265625 0.8524503111839294
0.6023744940757751 0.7804574966430664 0.005691250786185265 0.9922613501548767
0.5117166638374329 0.7833360433578491 -0.0053057060576975346 0.9955269694328308
0.6297581791877747 0.9672489762306213 -0.38964855670928955 0.8492932915687561
0.4822274446487427 0.953503429889679 -0.4259735345840454 0.8845882415771484
0.6169294118881226 1.101688027381897 -0.12337412685155869 0.08924933522939682
0.4993804097175598 1.142385482788086 -0.20854343473911285 0.19979964196681976
0.6092984080314636 1.1263537406921387 -0.10248132050037384 0.21182923018932343
0.5080258846282959 1.1738337278366089 -0.191762775182724 0.17037872970104218
0.6285880208015442 1.1726174354553223 -0.22306223213672638 0.07457782328128815
0.49199312925338745 1.2210794687271118 -0.33823949098587036 0.10322754085063934
