0.553964376449585 0.3430659770965576 -0.35212162137031555 0.9993718266487122
0.5623184442520142 0.3220575451850891 -0.3287404775619507 0.9990414977073669
0.5672095417976379 0.32367849349975586 -0.32882073521614075 0.9993177652359009
0.5725877285003662 0.3255429267883301 -0.3289088308811188 0.9987996816635132
0.5446778535842896 0.32045918703079224 -0.33157891035079956 0.9988856911659241
0.5379988551139832 0.3210528492927551 -0.3317812979221344 0.9992369413375854
0.5317609310150146 0.32245486974716187 -0.3319333791732788 0.9988279938697815
0.5805415511131287 0.3447357416152954 -0.18426619470119476 0.9994884729385376
0.5225968956947327 0.33927953243255615 -0.19650967419147491 0.9995691180229187
0.564106822013855 0.3742731511592865 -0.29623955488204956 0.9993624091148376
0.5419750809669495 0.37239983677864075 -0.3004198968410492 0.9991748929023743
0.6170881390571594 0.4820834696292877 -0.11485591530799866 0.9988271594047546
0.48287490010261536 0.48808470368385315 -0.1344444304704666 0.9986782670021057
0.650367796421051 0.6862215399742126 -0.29116538166999817 0.9966354966163635
0.47077593207359314 0.6842440962791443 -0.3399176001548767 0.9958971738815308
0.5876312851905823 0.5871132016181946 -0.5611615777015686 0.9962751865386963
0.5360966324806213 0.5911425352096558 -0.6068996787071228 0.9987964630126953
0.5778992772102356 0.541526198387146 -0.612287163734436 0.9900087118148804
0.5512369275093079 0.5393306016921997 -0.6563342809677124 0.9947506785392761
0.5777150392532349 0.5178580284118652 -0.5789087414741516 0.9897361993789673
0.5481345057487488 0.5175619721412659 -0.6237362623214722 0.9940536618232727
0.5770910382270813 0.52836674451828 -0.5524776577949524 0.991572380065918
0.5461973547935486 0.5328176021575928 -0.5979629755020142 0.9944848418235779
0.6058341264724731 0.8087336421012878 0.0022532492876052856 0.9996778964996338
0.5071349143981934 0.8081343770027161 -0.001574977533891797 0.9996521472930908
0.6087725758552551 1.065882921218872 0.0021631193812936544 0.6486939787864685
0.4980984032154083 1.0889679193496704 -0.01694667898118496 0.8231276869773865
0.6110497713088989 1.2566300630569458 0.43371012806892395 0.00044276806875132024
0.49738022685050964 1.2649699449539185 0.37487363815307617 0.0013747854391112924
0.6135337352752686 1.291135311126709 0.47466251254081726 0.0017006155103445053
0.4965282380580902 1.2986364364624023 0.4130013585090637 0.0018332370091229677
0.6040651798248291 1.345242977142334 0.3776509463787079 0.00021704800019506365
0.505454421043396 1.3426451683044434 0.30271193385124207 0.000708363950252533
