0.5486208200454712 0.33031871914863586 -0.36910760402679443 0.9989618062973022
0.5556600689888 0.30912351608276367 -0.34315797686576843 0.9991195797920227
0.5594397187232971 0.30963999032974243 -0.3432573676109314 0.9991869330406189
0.5638354420661926 0.31092214584350586 -0.3434792757034302 0.9990172386169434
0.5381723642349243 0.3104843497276306 -0.34713125228881836 0.9990776777267456
0.5320925712585449 0.31238460540771484 -0.34715786576271057 0.9990332126617432
0.5262293219566345 0.31504762172698975 -0.3472485840320587 0.9988441467285156
0.569619357585907 0.3260612487792969 -0.19054850935935974 0.9993911981582642
0.51759272813797 0.32996243238449097 -0.20868591964244843 0.9992438554763794
0.5576967000961304 0.3621314465999603 -0.31041890382766724 0.9998086094856262
0.5379958748817444 0.36459702253341675 -0.3160775303840637 0.999813973903656
0.6028147339820862 0.4685940742492676 -0.1208065077662468 0.999600350856781
0.47859641909599304 0.4634189009666443 -0.14489831030368805 0.9995044469833374
0.6345540881156921 0.6598086357116699 -0.3100605905056 0.9843910932540894
0.44711753726005554 0.6522132754325867 -0.36983948945999146 0.9772830605506897
0.5808239579200745 0.5575430393218994 -0.588318407535553 0.9760234355926514
0.49911466240882874 0.5351295471191406 -0.6550537347793579 0.9850081205368042
0.5594139695167542 0.5279520750045776 -0.6378942131996155 0.9443275332450867
0.5073322653770447 0.4942769408226013 -0.7072615027427673 0.9639350175857544
0.5569658875465393 0.5002156496047974 -0.6043477654457092 0.9401152729988098
0.5074845552444458 0.4670947790145874 -0.6733604073524475 0.9559998512268066
0.56178879737854 0.5118707418441772 -0.578218400478363 0.9102131128311157
0.5078384876251221 0.4788917899131775 -0.6452779173851013 0.9288967251777649
0.5867534875869751 0.7780866026878357 0.020987240597605705 0.9935579895973206
0.4912619888782501 0.7771134376525879 -0.02078377641737461 0.9943100214004517
0.6240478157997131 0.9596508145332336 -0.368938148021698 0.9016314744949341
0.48156115412712097 0.9581692218780518 -0.40020349621772766 0.8151037693023682
0.6148155927658081 1.0442851781845093 0.06122656539082527 0.05971350893378258
0.5062381029129028 1.1121315956115723 -0.03039352409541607 0.07560669630765915
0.6085960865020752 1.0427229404449463 0.10595686733722687 0.07814082503318787
0.5124803781509399 1.1249891519546509 0.005901540629565716 0.04334584251046181
0.6140614151954651 1.1117596626281738 0.049717869609594345 0.03961174562573433
0.5175253748893738 1.196636438369751 -0.09469664841890335 0.034931473433971405
