0.5458271503448486 0.3259497284889221 -0.4996074140071869 0.9999666213989258
0.5529680848121643 0.30541396141052246 -0.47141578793525696 0.9999454021453857
0.5575675368309021 0.30610448122024536 -0.47152280807495117 0.9999610185623169
0.5622027516365051 0.30689603090286255 -0.47173330187797546 0.9999465942382812
0.5359563827514648 0.3057781457901001 -0.47392261028289795 0.9999043941497803
0.5294882655143738 0.30682480335235596 -0.473970502614975 0.9998964071273804
0.5237812399864197 0.30846673250198364 -0.47405779361724854 0.999822199344635
0.5671738386154175 0.32015544176101685 -0.29639706015586853 0.9999535083770752
0.5144243240356445 0.3246155381202698 -0.3113175630569458 0.999914288520813
0.5547580718994141 0.35246747732162476 -0.43365103006362915 0.9999936819076538
0.5338159799575806 0.35128530859947205 -0.438255250453949 0.9999921321868896
0.6018869280815125 0.468525767326355 -0.1930323988199234 0.9999943971633911
0.47360002994537354 0.47721824049949646 -0.17047885060310364 0.9999563694000244
0.6280866265296936 0.668752133846283 -0.33531638979911804 0.9965632557868958
0.445537269115448 0.6716012954711914 -0.07922337204217911 0.9629778861999512
0.5981758832931519 0.5902678966522217 -0.6847589612007141 0.9972023963928223
0.4101061224937439 0.8378409743309021 -0.19857560098171234 0.9257388114929199
0.5834440588951111 0.5591519474983215 -0.7539689540863037 0.9918232560157776
0.3948969841003418 0.8959411382675171 -0.22245284914970398 0.8771395087242126
0.5852319002151489 0.5313682556152344 -0.744391679763794 0.9916515946388245
0.4019555449485779 0.9000079035758972 -0.2640256881713867 0.8922916650772095
0.5868682861328125 0.5343989133834839 -0.6861670613288879 0.985752284526825
0.40828368067741394 0.8811678290367126 -0.21538163721561432 0.883274495601654
0.5841184258460999 0.779884934425354 0.015316185541450977 0.9994698166847229
0.4931618869304657 0.7850098013877869 -0.014980587176978588 0.9990811347961426
0.6356855034828186 1.0093275308609009 -0.2865930199623108 0.7031034827232361
0.49179327487945557 1.0189255475997925 -0.26836785674095154 0.5829201340675354
0.6305428743362427 1.0707076787948608 0.20678749680519104 0.02102493681013584
0.5066251754760742 1.1427443027496338 0.1784636676311493 0.023919343948364258
0.6283795833587646 1.0743039846420288 0.25520309805870056 0.07552161067724228
0.5070589184761047 1.1575855016708374 0.22014497220516205 0.029021497815847397
0.6306036114692688 1.140639066696167 0.15391327440738678 0.021467946469783783
0.5239313840866089 1.218807339668274 0.08151746541261673 0.02371315471827984
