0.5344861745834351 0.40607529878616333 -0.3354232609272003 0.9998455047607422
0.54039067029953 0.38665658235549927 -0.30186334252357483 0.9998570680618286
0.5441887378692627 0.3881409168243408 -0.3019234538078308 0.9998774528503418
0.5483113527297974 0.3898266553878784 -0.30212104320526123 0.9998493194580078
0.525209367275238 0.38442450761795044 -0.3057039976119995 0.9997197985649109
0.5190656781196594 0.3848702609539032 -0.30584561824798584 0.9997209906578064
0.5133629441261292 0.38632407784461975 -0.3059248626232147 0.9996203184127808
0.5524237751960754 0.40402600169181824 -0.12977725267410278 0.9999336004257202
0.5036734342575073 0.4027884900569916 -0.14946745336055756 0.9997966885566711
0.5409933924674988 0.43460652232170105 -0.27237316966056824 0.999955415725708
0.5210794806480408 0.43445131182670593 -0.2788006663322449 0.999916672706604
0.5906896591186523 0.5484727025032043 -0.05029485002160072 0.9999035596847534
0.45799970626831055 0.5373744964599609 -0.07524926215410233 0.9982001781463623
0.6561733484268188 0.7109631299972534 -0.24876363575458527 0.9991212487220764
0.397588312625885 0.6904410123825073 -0.3081332743167877 0.9980446100234985
0.6376429200172424 0.5760110020637512 -0.5317772626876831 0.9989084005355835
0.45565101504325867 0.552483320236206 -0.6016690135002136 0.998761773109436
0.6243561506271362 0.5384587049484253 -0.5879892706871033 0.994371771812439
0.4669865071773529 0.5146458148956299 -0.6537425518035889 0.9929874539375305
0.6245378851890564 0.5134461522102356 -0.5509158372879028 0.9940884113311768
0.4745345413684845 0.4935363233089447 -0.6188912987709045 0.991723358631134
0.6255006194114685 0.5276619791984558 -0.5219539999961853 0.9929670095443726
0.47389671206474304 0.5080946683883667 -0.5925878882408142 0.9896262884140015
0.5736891627311707 0.8403419852256775 0.004945114254951477 0.9997076392173767
0.4791611433029175 0.8538535833358765 -0.004395708907395601 0.9991868138313293
0.5993005037307739 1.0398451089859009 -0.3138342797756195 0.9376765489578247
0.4712170362472534 1.0752629041671753 -0.16037695109844208 0.8587754368782043
0.5941934585571289 1.2232110500335693 0.11461798846721649 0.03635994717478752
0.4808274209499359 1.23341703414917 0.290779709815979 0.02604268677532673
0.5915655493736267 1.2504538297653198 0.15543819963932037 0.09236433357000351
0.48395994305610657 1.2560486793518066 0.3327091336250305 0.023036818951368332
0.595729649066925 1.3065831661224365 0.025849131867289543 0.025772618129849434
0.48272308707237244 1.310530662536621 0.19884704053401947 0.013218846172094345
