0.5474039316177368 0.3331349492073059 -0.29963424801826477 0.9999953508377075
0.5565013885498047 0.3161342144012451 -0.26657795906066895 0.9999946355819702
0.5620834827423096 0.31696486473083496 -0.26673799753189087 0.9999946355819702
0.5674800872802734 0.31800639629364014 -0.26684609055519104 0.9999934434890747
0.5379656553268433 0.3159291744232178 -0.2677168846130371 0.9999954700469971
0.5314221382141113 0.31689298152923584 -0.26776406168937683 0.999995231628418
0.5256392955780029 0.3184153437614441 -0.267915815114975 0.9999947547912598
0.5783563256263733 0.33520615100860596 -0.09612887352705002 0.9999908208847046
0.5188672542572021 0.3399770259857178 -0.10116765648126602 0.9999980926513672
0.559722363948822 0.36672741174697876 -0.2386934608221054 0.9999994039535522
0.5362263917922974 0.36678093671798706 -0.24034960567951202 0.9999995231628418
0.6208085417747498 0.4815344214439392 -0.005650212988257408 0.9989263415336609
0.48004767298698425 0.48968619108200073 -0.04629385471343994 0.9999696016311646
0.6546323895454407 0.661550760269165 -0.17082418501377106 0.9465760588645935
0.46834489703178406 0.6695157289505005 -0.17530451714992523 0.9816480875015259
0.6298580765724182 0.7670947909355164 -0.48059529066085815 0.47873175144195557
0.5098297595977783 0.7946987152099609 -0.4219013452529907 0.7533255219459534
0.6334274411201477 0.8185834288597107 -0.549735963344574 0.4673804044723511
0.5211496353149414 0.8500436544418335 -0.4822228252887726 0.6748058199882507
0.6225658655166626 0.8179775476455688 -0.5714399814605713 0.4964353144168854
0.5355624556541443 0.8200191259384155 -0.49715083837509155 0.6864947080612183
0.6165048480033875 0.8023780584335327 -0.4963909089565277 0.488055944442749
0.5333796739578247 0.8011963963508606 -0.4306732714176178 0.6772043108940125
0.6030164361000061 0.7752622365951538 -0.003363433526828885 0.9547073841094971
0.5149152278900146 0.7932184338569641 0.0037918505258858204 0.9884021878242493
0.6119195818901062 0.7637721300125122 -0.4830609858036041 0.94764643907547
0.4964824914932251 0.8441206216812134 -0.5546258687973022 0.9523801207542419
0.6106350421905518 0.9464179873466492 -0.8182885646820068 0.47758251428604126
0.5230023860931396 1.0404839515686035 -0.9223781228065491 0.3474651575088501
0.6100555658340454 1.019363522529602 -0.8665326833724976 0.8674967885017395
0.536047101020813 1.1111133098602295 -0.9733890891075134 0.8802613615989685
0.6091092228889465 0.9171188473701477 -1.0170814990997314 0.8002235889434814
0.5191930532455444 1.0187807083129883 -1.1306675672531128 0.7936240434646606
