0.550317108631134 0.3442869782447815 -0.3342341184616089 0.9995095729827881
0.5581011176109314 0.31949084997177124 -0.30967384576797485 0.9994149208068848
0.5625357031822205 0.3194226026535034 -0.30975762009620667 0.9995771050453186
0.5664542317390442 0.31949472427368164 -0.3098583519458771 0.9993879795074463
0.5407180786132812 0.320925235748291 -0.3089981973171234 0.9992031455039978
0.5348421335220337 0.3220491409301758 -0.3091563880443573 0.9993547797203064
0.5288208723068237 0.323639452457428 -0.3093094229698181 0.999016523361206
0.5763468146324158 0.33594775199890137 -0.16395457088947296 0.9996826648712158
0.5207327604293823 0.34009313583374023 -0.15751178562641144 0.999372661113739
0.56146639585495 0.3706936538219452 -0.27793172001838684 0.9991573095321655
0.5408539175987244 0.37027707695961 -0.27650001645088196 0.9983077049255371
0.6191713213920593 0.47449690103530884 -0.10625580698251724 0.999251663684845
0.4825162887573242 0.4843670427799225 -0.11650870740413666 0.9984317421913147
0.6438732147216797 0.6666213870048523 -0.3166201412677765 0.9978000521659851
0.48084670305252075 0.674925684928894 -0.34292885661125183 0.9936402440071106
0.5860350728034973 0.5255668759346008 -0.5754650235176086 0.9978761672973633
0.5412643551826477 0.5306423902511597 -0.5948269367218018 0.9978444576263428
0.5790871977806091 0.4801144599914551 -0.6224966645240784 0.9944155216217041
0.5509231686592102 0.48571014404296875 -0.6404635310173035 0.991658627986908
0.577159583568573 0.45683449506759644 -0.5849772095680237 0.9940787553787231
0.5411860346794128 0.4612193703651428 -0.6057538390159607 0.9903379678726196
0.5782075524330139 0.4703896641731262 -0.56480872631073 0.9947541952133179
0.5405001044273376 0.4777434766292572 -0.5852338075637817 0.990961492061615
0.6058349013328552 0.8105332851409912 0.004030749201774597 0.9997875094413757
0.5048564672470093 0.8055449724197388 -0.0035251120571047068 0.9997219443321228
0.6066416501998901 1.0700676441192627 -0.0006796446978114545 0.7690650224685669
0.5032187700271606 1.0872966051101685 -0.003976065665483475 0.8501682281494141
0.6121959686279297 1.2158116102218628 0.4513532221317291 0.0014667370123788714
0.487580806016922 1.2312052249908447 0.4046810269355774 0.0024186819791793823
0.6136330962181091 1.2400435209274292 0.49733102321624756 0.004342031665146351
0.4857581853866577 1.2582699060440063 0.4479600787162781 0.004363227169960737
0.6090697050094604 1.2976133823394775 0.43867748975753784 0.0006893056561239064
0.491164892911911 1.3075051307678223 0.3793725371360779 0.0014218395808711648
