0.5382593870162964 0.4149622321128845 -0.31636348366737366 0.9999669790267944
0.5424636602401733 0.39020836353302 -0.29239845275878906 0.999925971031189
0.545742928981781 0.38988983631134033 -0.2924046218395233 0.9999364614486694
0.548887312412262 0.3893888592720032 -0.2924976944923401 0.999902606010437
0.527995765209198 0.39014261960983276 -0.301337331533432 0.9999409914016724
0.5208727717399597 0.3896148204803467 -0.30140435695648193 0.9999531507492065
0.5152439475059509 0.38925886154174805 -0.30153170228004456 0.9999425411224365
0.5504820346832275 0.3979717791080475 -0.14803799986839294 0.9999325275421143
0.5046587586402893 0.4004060626029968 -0.18923147022724152 0.99998939037323
0.5443737506866455 0.43788859248161316 -0.26049134135246277 0.9999815225601196
0.5257641077041626 0.4386588931083679 -0.2730962932109833 0.9999911785125732
0.5852348804473877 0.5135095715522766 -0.06743903458118439 0.9999566078186035
0.45253852009773254 0.5365614891052246 -0.08283910155296326 0.999915599822998
0.644672691822052 0.6242528557777405 -0.19941388070583344 0.9995718598365784
0.4156849682331085 0.7165762186050415 -0.03669865056872368 0.9975095987319946
0.5849767327308655 0.44992655515670776 -0.42536336183547974 0.9988765120506287
0.4573296904563904 0.8198680281639099 -0.10189790278673172 0.9947657585144043
0.573483407497406 0.40124228596687317 -0.47661149501800537 0.9935209155082703
0.46345603466033936 0.8651229739189148 -0.11622852832078934 0.9812113046646118
0.5685276389122009 0.39825448393821716 -0.4398646056652069 0.992347002029419
0.4785187542438507 0.8476909399032593 -0.12372992932796478 0.98248291015625
0.5679521560668945 0.4163234829902649 -0.4159432351589203 0.9933387637138367
0.479057639837265 0.8339265584945679 -0.10252447426319122 0.9850471019744873
0.5764040350914001 0.8328529596328735 -0.000999000621959567 0.9997289776802063
0.4844815135002136 0.8455084562301636 0.001991296885535121 0.9994791150093079
0.5850679874420166 1.0880677700042725 -0.04371144250035286 0.3741460144519806
0.48757272958755493 1.0973150730133057 0.027100322768092155 0.28448182344436646
0.587998628616333 1.2885408401489258 0.34542420506477356 0.0005318666808307171
0.4972092807292938 1.2989497184753418 0.32145336270332336 0.0016890784027054906
0.589629590511322 1.3229893445968628 0.3810562193393707 0.0017263800837099552
0.495097815990448 1.3366354703903198 0.34765881299972534 0.0028919822070747614
0.5799559950828552 1.3804848194122314 0.25423499941825867 0.0003735658247023821
0.518722414970398 1.380611538887024 0.19486339390277863 0.0015478566056117415
