0.542502224445343 0.41638049483299255 -0.38108953833580017 0.9999794960021973
0.5469480156898499 0.3964138925075531 -0.3562234044075012 0.9999319314956665
0.5502634048461914 0.3977747857570648 -0.35620132088661194 0.9999436140060425
0.5534893274307251 0.39927923679351807 -0.3562728464603424 0.9998912811279297
0.5346254706382751 0.39222124218940735 -0.36769193410873413 0.9999488592147827
0.5288121700286865 0.39063286781311035 -0.36779487133026123 0.9999610185623169
0.5223519206047058 0.38936150074005127 -0.3679226040840149 0.9999370574951172
0.5526142716407776 0.4074915647506714 -0.20298439264297485 0.9999216794967651
0.5062288641929626 0.3969002366065979 -0.25599241256713867 0.9999885559082031
0.5451023578643799 0.44333982467651367 -0.3216262757778168 0.9999854564666748
0.5308547616004944 0.43826359510421753 -0.3377004563808441 0.9999938011169434
0.5784527063369751 0.5286131501197815 -0.10739923268556595 0.999964714050293
0.44998472929000854 0.5334126949310303 -0.13544975221157074 0.9999363422393799
0.6327369213104248 0.6522049903869629 -0.23289665579795837 0.9991587400436401
0.41728121042251587 0.711517333984375 -0.0948321744799614 0.9959158301353455
0.5915282964706421 0.5077739953994751 -0.4904775023460388 0.9982934594154358
0.46013641357421875 0.8204721212387085 -0.18168659508228302 0.9875006675720215
0.5863111615180969 0.46650171279907227 -0.5437115430831909 0.9900679588317871
0.4664366543292999 0.8675122857093811 -0.1988103985786438 0.9572932720184326
0.5802318453788757 0.452873557806015 -0.5136815905570984 0.9882920384407043
0.48081132769584656 0.8523669838905334 -0.20536668598651886 0.9606935381889343
0.5772418975830078 0.466266006231308 -0.48389503359794617 0.9881806373596191
0.48030856251716614 0.8366663455963135 -0.18163758516311646 0.9625449180603027
0.5713798403739929 0.8220900297164917 -0.0020075426436960697 0.9992566704750061
0.4812721014022827 0.8346609473228455 0.002986229257658124 0.9989540576934814
0.5756996870040894 1.0705934762954712 -0.04330475628376007 0.2532133162021637
0.484850138425827 1.0689576864242554 0.024524949491024017 0.22599302232265472
0.5767843723297119 1.255502462387085 0.3654623329639435 0.0005763735389336944
0.49140602350234985 1.2620933055877686 0.3573766350746155 0.0026038403157144785
0.5772038102149963 1.2887852191925049 0.40146496891975403 0.0015080766752362251
0.4889757037162781 1.2995140552520752 0.38574641942977905 0.004338928032666445
0.5678434371948242 1.3451969623565674 0.26134079694747925 0.0005012497422285378
0.5072965025901794 1.3439223766326904 0.22271718084812164 0.0026699986774474382
