0.5649790167808533 0.37920641899108887 -0.4051799774169922 0.9995506405830383
0.575807511806488 0.3591064214706421 -0.3782958984375 0.9990022778511047
0.581135094165802 0.35992878675460815 -0.37839969992637634 0.9992710947990417
0.5865477323532104 0.361082524061203 -0.37848880887031555 0.9983933568000793
0.5549681186676025 0.3590494394302368 -0.3768044710159302 0.9988732933998108
0.5479640364646912 0.3604159653186798 -0.3770904541015625 0.9992730021476746
0.5435200929641724 0.3616766929626465 -0.37723103165626526 0.9986357092857361
0.5955100655555725 0.3793432414531708 -0.23034267127513885 0.9991914629936218
0.5369516611099243 0.3790155053138733 -0.2251511514186859 0.9993563294410706
0.5750865340232849 0.411622554063797 -0.35184338688850403 0.9996702671051025
0.5512346625328064 0.4089827537536621 -0.3507782518863678 0.9996232986450195
0.6271220445632935 0.5479627847671509 -0.15740200877189636 0.9989669322967529
0.4969898760318756 0.5465017557144165 -0.12721413373947144 0.9989035129547119
0.6762104034423828 0.7410690188407898 -0.3307124376296997 0.996458113193512
0.4455457329750061 0.7384839057922363 -0.307754248380661 0.9948121309280396
0.6589919328689575 0.6806579828262329 -0.6565254926681519 0.9949944019317627
0.48216208815574646 0.6541846990585327 -0.6602412462234497 0.9984356760978699
0.6512329578399658 0.6632670164108276 -0.7162007689476013 0.9881609678268433
0.4966290593147278 0.6312885880470276 -0.7140913009643555 0.9945358037948608
0.6501835584640503 0.6367114782333374 -0.6948988437652588 0.9883697032928467
0.4971822202205658 0.5925607085227966 -0.6944060921669006 0.9942643046379089
0.6495720148086548 0.6397786140441895 -0.6529868841171265 0.9890182018280029
0.4953831434249878 0.6035470366477966 -0.6575109362602234 0.9946633577346802
0.615372896194458 0.8573024868965149 -0.008524893783032894 0.9990253448486328
0.5213682651519775 0.8605921268463135 0.009124514646828175 0.9992597699165344
0.6266504526138306 1.0902997255325317 -0.08508788049221039 0.4192799925804138
0.5173074007034302 1.0934927463531494 -0.02884199470281601 0.5836375951766968
0.6357115507125854 1.2583088874816895 0.3317644000053406 0.00030459152185358107
0.5161541104316711 1.2595386505126953 0.39977943897247314 0.0008445365238003433
0.6377345323562622 1.2923732995986938 0.368460088968277 0.0016005627112463117
0.5148837566375732 1.292250156402588 0.4390312433242798 0.00199550436809659
0.6336621046066284 1.3358473777770996 0.24922765791416168 0.0001619565300643444
0.5210745930671692 1.334734320640564 0.3109472095966339 0.0006114886491559446
