0.5657480359077454 0.38586458563804626 -0.4727136790752411 0.9984123706817627
0.574745237827301 0.3630049526691437 -0.44983798265457153 0.9982812404632568
0.5797808170318604 0.3635557293891907 -0.4498523473739624 0.9978845715522766
0.5841322541236877 0.3642948567867279 -0.45004308223724365 0.9970465302467346
0.5581064224243164 0.36372601985931396 -0.44773584604263306 0.9975889921188354
0.5526927709579468 0.36445853114128113 -0.44785818457603455 0.9971795082092285
0.5483810305595398 0.36544710397720337 -0.4479454457759857 0.9964612126350403
0.5938891768455505 0.37627121806144714 -0.3185156285762787 0.9981849789619446
0.5390769839286804 0.37699416279792786 -0.3082677125930786 0.998356282711029
0.57534259557724 0.4116104245185852 -0.4249682128429413 0.9997014403343201
0.5553358197212219 0.4124850630760193 -0.4223765730857849 0.9995513558387756
0.6285707950592041 0.5085979700088501 -0.2407492995262146 0.999233603477478
0.504599392414093 0.5175857543945312 -0.22059501707553864 0.9958696961402893
0.6908771395683289 0.6991084814071655 -0.48611000180244446 0.9978637099266052
0.4408057630062103 0.6848018169403076 -0.4387810528278351 0.9918277263641357
0.6540442109107971 0.5407353043556213 -0.7758130431175232 0.9972763657569885
0.48314565420150757 0.5434331297874451 -0.7260797619819641 0.9960548877716064
0.6399627327919006 0.49980616569519043 -0.8204171657562256 0.9844472408294678
0.4894558787345886 0.503585934638977 -0.7661745548248291 0.9821254014968872
0.6394279599189758 0.4781021773815155 -0.7797096967697144 0.9798286557197571
0.49242618680000305 0.4726021885871887 -0.7293030619621277 0.9742376208305359
0.6395131349563599 0.49295562505722046 -0.7631869912147522 0.9664438366889954
0.4931274950504303 0.49004459381103516 -0.7157459855079651 0.9590873718261719
0.6027578115463257 0.7758315801620483 -0.0002340062492294237 0.9989956021308899
0.5283143520355225 0.7695658802986145 0.00019698897085618228 0.9993069171905518
0.6372174024581909 0.9793025255203247 -0.15044069290161133 0.5636852383613586
0.4981671869754791 0.9466837644577026 -0.09371116757392883 0.4362596273422241
0.6030607223510742 1.035198450088501 0.2516232430934906 0.0018609981052577496
0.5155667662620544 1.0434457063674927 0.2774636447429657 0.0046752034686505795
0.5940595865249634 1.0394923686981201 0.2915719449520111 0.008859401568770409
0.5219565033912659 1.0618606805801392 0.3133799135684967 0.006208602339029312
0.601082980632782 1.1003559827804565 0.23198196291923523 0.0029789814725518227
0.508102297782898 1.1102076768875122 0.24941080808639526 0.005542587023228407
