0.5642896294593811 0.382851243019104 -0.36533012986183167 0.9964975714683533
0.5741033554077148 0.3630317747592926 -0.3487620949745178 0.9964994192123413
0.5794115662574768 0.36401116847991943 -0.34876731038093567 0.9949854612350464
0.5840984582901001 0.3654487431049347 -0.3489465117454529 0.9939634203910828
0.5573938488960266 0.3617805540561676 -0.3430997431278229 0.9956176280975342
0.5518952012062073 0.3619166612625122 -0.34318703413009644 0.9940813183784485
0.5476526618003845 0.3620169758796692 -0.3432874083518982 0.9933817386627197
0.5941212177276611 0.3792434632778168 -0.2522456645965576 0.99574214220047
0.539379358291626 0.3726811110973358 -0.2236940711736679 0.9959961175918579
0.5733104944229126 0.4114465117454529 -0.3301861882209778 0.9994041919708252
0.5542352795600891 0.40834903717041016 -0.32228174805641174 0.9989897608757019
0.6232080459594727 0.518527626991272 -0.18996252119541168 0.9987871050834656
0.5064283609390259 0.5172117948532104 -0.16099469363689423 0.9958562254905701
0.6938697099685669 0.6874680519104004 -0.41749706864356995 0.9959327578544617
0.440165251493454 0.677564799785614 -0.3542822003364563 0.9882301092147827
0.651732861995697 0.532418966293335 -0.6791574954986572 0.9946150183677673
0.48606136441230774 0.5333719253540039 -0.6026178002357483 0.9945868253707886
0.6380131244659424 0.4837866425514221 -0.7184937596321106 0.9752811789512634
0.49359363317489624 0.48625341057777405 -0.6354420781135559 0.9760006070137024
0.6352684497833252 0.46679675579071045 -0.6757556796073914 0.9682207107543945
0.4963969886302948 0.4656968116760254 -0.6033090949058533 0.9664551019668579
0.6351438760757446 0.48151037096977234 -0.664579451084137 0.9530943036079407
0.496515154838562 0.4816315174102783 -0.5932350754737854 0.9533824324607849
0.5993875861167908 0.7756684422492981 -0.0032885298132896423 0.9987401366233826
0.5247243046760559 0.7740985155105591 0.0032200338318943977 0.9989042282104492
0.6339306235313416 0.9615693092346191 -0.1721988171339035 0.43757185339927673
0.4952467083930969 0.9306460618972778 -0.09132657200098038 0.28768986463546753
0.6131739020347595 1.0189192295074463 0.18556523323059082 0.0017734564607962966
0.5128598213195801 1.0310254096984863 0.23068176209926605 0.002980263205245137
0.6056919693946838 1.0244569778442383 0.22208449244499207 0.008440788835287094
0.5196178555488586 1.051397681236267 0.2636346220970154 0.005087947938591242
0.6175275444984436 1.0822932720184326 0.17909087240695953 0.002625680761411786
0.4999564290046692 1.0956155061721802 0.21943499147891998 0.0039809271693229675
