0.5685654282569885 0.38899144530296326 -0.600094199180603 0.9997250437736511
0.5783326625823975 0.36585208773612976 -0.5720981359481812 0.9995859265327454
0.5836021900177002 0.36625397205352783 -0.5721386671066284 0.99950110912323
0.5881817936897278 0.36694055795669556 -0.5723738074302673 0.9992289543151855
0.5600611567497253 0.366399347782135 -0.570221483707428 0.9994575381278992
0.5536836981773376 0.36723074316978455 -0.5704616904258728 0.9994416832923889
0.5491122007369995 0.3678427040576935 -0.5705423355102539 0.9993124008178711
0.5967565178871155 0.3813413977622986 -0.4048265814781189 0.9995081424713135
0.5404344797134399 0.3790525794029236 -0.3978159725666046 0.9996198415756226
0.5775903463363647 0.4167628288269043 -0.539004385471344 0.9999451637268066
0.5563988089561462 0.41587021946907043 -0.5375580191612244 0.9999264478683472
0.6266361474990845 0.5288949608802795 -0.3084366023540497 0.9995062351226807
0.5016341805458069 0.5195876955986023 -0.2676205337047577 0.9988178610801697
0.6930015087127686 0.7280222773551941 -0.585055947303772 0.996735155582428
0.4459574520587921 0.7234395146369934 -0.5009117126464844 0.9922502636909485
0.6724326014518738 0.5973082780838013 -0.941120445728302 0.994123637676239
0.46865808963775635 0.5978922247886658 -0.8798271417617798 0.9976769089698792
0.6677830219268799 0.5603255033493042 -1.0027889013290405 0.9699727892875671
0.46264487504959106 0.5442478656768799 -0.9350546002388 0.9913260340690613
0.6633938550949097 0.5267387628555298 -0.964352011680603 0.9640410542488098
0.46561896800994873 0.5291224718093872 -0.9030894637107849 0.9895164370536804
0.657435417175293 0.548112154006958 -0.9313455820083618 0.9486251473426819
0.47000518441200256 0.5420129299163818 -0.8733436465263367 0.9834340810775757
0.6101775765419006 0.8214088678359985 -0.011045348830521107 0.9987345337867737
0.5256386995315552 0.82827228307724 0.011182082816958427 0.9994049072265625
0.62845778465271 1.032846212387085 -0.19596676528453827 0.5658764839172363
0.5069690942764282 1.0136257410049438 -0.0956110954284668 0.4010154902935028
0.6244800090789795 1.1135332584381104 0.31888502836227417 0.0016730695497244596
0.5132066607475281 1.1376066207885742 0.38712558150291443 0.006137210875749588
0.6218961477279663 1.1292412281036377 0.3676869571208954 0.009257830679416656
0.51580411195755 1.1606976985931396 0.4312039017677307 0.005385060794651508
0.6213329434394836 1.1846137046813965 0.2699812650680542 0.0034138429909944534
0.514708399772644 1.217686414718628 0.31844303011894226 0.008012213744223118
