0.5699136853218079 0.3966415226459503 -0.33417192101478577 0.9999970197677612
0.578944742679596 0.3727368712425232 -0.30718928575515747 0.999987006187439
0.5831403732299805 0.372931569814682 -0.3073330521583557 0.9999923706054688
0.5880823135375977 0.3734937906265259 -0.30733785033226013 0.9999814033508301
0.5619028210639954 0.3738655149936676 -0.30811622738838196 0.9999854564666748
0.5552398562431335 0.3742150366306305 -0.3081904351711273 0.9999909400939941
0.5490898489952087 0.37468522787094116 -0.30832844972610474 0.99997878074646
0.5951735973358154 0.3879690170288086 -0.15886616706848145 0.9999897480010986
0.5414196252822876 0.3859403729438782 -0.16137365996837616 0.9999911785125732
0.5776693820953369 0.4255034029483795 -0.28053054213523865 0.9999964237213135
0.5577236413955688 0.4243513345718384 -0.2817796468734741 0.9999954700469971
0.6269956231117249 0.5485259294509888 -0.06866033375263214 0.999945878982544
0.500812828540802 0.5376307964324951 -0.07156651467084885 0.9998615980148315
0.6581951975822449 0.6966582536697388 -0.11663753539323807 0.9913244247436523
0.48265326023101807 0.6906216144561768 -0.17892612516880035 0.9916860461235046
0.7061058282852173 0.7771365642547607 -0.3664548099040985 0.9946265816688538
0.4469982981681824 0.7919356822967529 -0.502536952495575 0.9937268495559692
0.7235583066940308 0.7874317765235901 -0.4132567346096039 0.9858280420303345
0.433205246925354 0.8040668964385986 -0.5546712875366211 0.9847225546836853
0.7250526547431946 0.7772017121315002 -0.43584707379341125 0.9887352585792542
0.43016499280929565 0.7932590246200562 -0.5831114649772644 0.9888889193534851
0.7150565981864929 0.7780237197875977 -0.38081422448158264 0.9911296367645264
0.43814289569854736 0.7933987975120544 -0.521338164806366 0.9907874464988708
0.6142882704734802 0.8531898260116577 -0.0006457503186538815 0.9988001585006714
0.5225284099578857 0.8595736026763916 0.0017174117965623736 0.9979344606399536
0.6127564907073975 1.0857785940170288 -0.18444319069385529 0.38619351387023926
0.5150138139724731 1.1002835035324097 -0.06420765817165375 0.21300898492336273
0.6156956553459167 1.2856433391571045 0.11918182671070099 0.0008311217534355819
0.5174458622932434 1.291670560836792 0.27332422137260437 0.001074688509106636
0.6194372773170471 1.3256927728652954 0.1414065659046173 0.0032230052165687084
0.51590496301651 1.328660249710083 0.29971423745155334 0.0019704706501215696
0.601734459400177 1.360674500465393 -0.01981424167752266 0.000765505654271692
0.5296210646629333 1.3647654056549072 0.1325777918100357 0.0013278168626129627
