0.5382024049758911 0.3722274899482727 -0.30789047479629517 0.9999438524246216
0.544987678527832 0.3491247892379761 -0.27759313583374023 0.9999576807022095
0.5492954254150391 0.34992164373397827 -0.27771762013435364 0.9999669790267944
0.5544367432594299 0.3507160544395447 -0.2780413329601288 0.9999692440032959
0.5267429947853088 0.34845268726348877 -0.28319886326789856 0.9999362230300903
0.5191184878349304 0.34928297996520996 -0.2831078767776489 0.999910831451416
0.5127978324890137 0.3503890037536621 -0.28316181898117065 0.9998843669891357
0.5605236291885376 0.3628544807434082 -0.10499478131532669 0.9999853372573853
0.5044070482254028 0.36549004912376404 -0.13296496868133545 0.9999768733978271
0.5472919940948486 0.4016914367675781 -0.24191512167453766 0.9999855756759644
0.5262500047683716 0.40092700719833374 -0.2505253553390503 0.9999873638153076
0.5946900248527527 0.48986437916755676 -0.051953237503767014 0.9999878406524658
0.45931801199913025 0.5010954141616821 0.010390923358500004 0.9997678399085999
0.6364170908927917 0.6282444596290588 -0.24448062479496002 0.9958121180534363
0.42969390749931335 0.6868795156478882 0.1174655482172966 0.7402617335319519
0.6060356497764587 0.4227648675441742 -0.550311267375946 0.9946646690368652
0.4237842261791229 0.8573026657104492 0.09573359042406082 0.3601827621459961
0.596295177936554 0.3803277909755707 -0.6158267855644226 0.9829642176628113
0.4161827266216278 0.9030905365943909 0.0937737375497818 0.26218533515930176
0.5951321125030518 0.36858850717544556 -0.5901711583137512 0.9817302227020264
0.4237683117389679 0.906403124332428 0.057789191603660583 0.2708786725997925
0.5940213799476624 0.38610899448394775 -0.5468997359275818 0.9672420620918274
0.4274904131889343 0.8887277841567993 0.08215414732694626 0.28379160165786743
0.5924637317657471 0.802449107170105 -0.00489957956597209 0.9982450008392334
0.4894797205924988 0.819778323173523 0.005327710881829262 0.9969998002052307
0.6896430850028992 0.975455641746521 -0.2632410228252411 0.9342358112335205
0.42267686128616333 0.9875131249427795 -0.28031307458877563 0.8922663331031799
0.6249439120292664 1.1064388751983643 0.1488073766231537 0.20405559241771698
0.4813501238822937 1.167263388633728 0.09484770894050598 0.2213926911354065
0.6093015670776367 1.1101226806640625 0.19264979660511017 0.32285258173942566
0.4942017197608948 1.1826772689819336 0.13251833617687225 0.28562936186790466
0.6184289455413818 1.1974356174468994 0.09929423779249191 0.11447770148515701
0.4857102930545807 1.2523783445358276 0.019771503284573555 0.0838431790471077
