0.5334141254425049 0.37213221192359924 -0.25570201873779297 0.9999701976776123
0.5420363545417786 0.3488253355026245 -0.22634129226207733 0.9999716281890869
0.5470445156097412 0.34949302673339844 -0.22647766768932343 0.9999784231185913
0.5513736009597778 0.3499773144721985 -0.22678858041763306 0.9999790191650391
0.5245790481567383 0.3478434681892395 -0.2293500304222107 0.9999532699584961
0.5180726647377014 0.3479419946670532 -0.22928069531917572 0.999936580657959
0.5120763778686523 0.3483503460884094 -0.22935184836387634 0.9999197721481323
0.5573775768280029 0.3606327176094055 -0.05610519275069237 0.9999903440475464
0.5038127899169922 0.36193519830703735 -0.07158197462558746 0.9999833106994629
0.5437833666801453 0.40059003233909607 -0.19008155167102814 0.9999874830245972
0.5213778614997864 0.3991253077983856 -0.19500397145748138 0.9999884366989136
0.596652626991272 0.49462834000587463 0.006401265040040016 0.9999876022338867
0.45869338512420654 0.5002126693725586 0.06191866099834442 0.9998225569725037
0.6333814859390259 0.6312093734741211 -0.18698768317699432 0.9948741793632507
0.4304547607898712 0.6868482828140259 0.16008467972278595 0.8182024955749512
0.6185721755027771 0.418982595205307 -0.5032773017883301 0.9956302642822266
0.4236590266227722 0.8545433282852173 0.13213953375816345 0.5666195750236511
0.6182554960250854 0.3664860129356384 -0.5742762684822083 0.9868776202201843
0.41818705201148987 0.8992883563041687 0.12684962153434753 0.4490441381931305
0.6183054447174072 0.3523024916648865 -0.5513532161712646 0.9860527515411377
0.4243139326572418 0.9025294780731201 0.09157364815473557 0.46194612979888916
0.6138964295387268 0.3740483224391937 -0.5025190114974976 0.9753183722496033
0.42980343103408813 0.8921234011650085 0.11838620156049728 0.4635995328426361
0.587647020816803 0.80632084608078 -0.007648786064237356 0.9977662563323975
0.4859130084514618 0.8207265734672546 0.008227594196796417 0.9965521097183228
0.6901012659072876 0.9834907650947571 -0.28634384274482727 0.9469490647315979
0.4211074411869049 1.0035611391067505 -0.2607709467411041 0.925669252872467
0.6242784857749939 1.1795110702514648 0.11170712113380432 0.3670835494995117
0.4956097900867462 1.242931842803955 0.07942948490381241 0.3963015377521515
0.6063289046287537 1.194141149520874 0.1506766527891159 0.45841363072395325
0.5097857713699341 1.2650164365768433 0.11055248230695724 0.4115155041217804
0.6259908676147461 1.2818434238433838 0.025382094085216522 0.19928455352783203
0.4965069591999054 1.3398010730743408 -0.03380480036139488 0.15224236249923706
