0.5345102548599243 0.3673781454563141 -0.26412278413772583 0.9999797344207764
0.5436162948608398 0.34439700841903687 -0.23555250465869904 0.9999878406524658
0.5483992099761963 0.3448418378829956 -0.23568740487098694 0.9999872446060181
0.5530133843421936 0.34543097019195557 -0.2359900176525116 0.9999896287918091
0.5241802930831909 0.34443891048431396 -0.23871445655822754 0.9999840259552002
0.517292320728302 0.34570205211639404 -0.23863057792186737 0.9999749660491943
0.5111184120178223 0.34723347425460815 -0.23867827653884888 0.9999746084213257
0.5618488788604736 0.3593376576900482 -0.07596880942583084 0.999992847442627
0.5044402480125427 0.36342525482177734 -0.09273736923933029 0.9999909400939941
0.545667290687561 0.3981236219406128 -0.20370784401893616 0.999996542930603
0.5225163698196411 0.39806097745895386 -0.20891615748405457 0.9999966621398926
0.6066916584968567 0.4958127737045288 -0.011302140541374683 0.9999880790710449
0.4601704478263855 0.5027822256088257 0.012943491339683533 0.9999383687973022
0.6386719346046448 0.691917359828949 -0.17853198945522308 0.9948945045471191
0.4324968457221985 0.6933944225311279 0.04867500439286232 0.8175018429756165
0.6204307079315186 0.5183418989181519 -0.4787019193172455 0.9921002984046936
0.426747590303421 0.8445924520492554 -0.052529651671648026 0.4975641965866089
0.6051164269447327 0.49154800176620483 -0.5386525392532349 0.9778236150741577
0.4188355803489685 0.8877077698707581 -0.06985905021429062 0.400419682264328
0.601607084274292 0.4746115207672119 -0.5170021653175354 0.9763326048851013
0.42680424451828003 0.8852242231369019 -0.10006488114595413 0.40689870715141296
0.6025388240814209 0.48647233843803406 -0.4761969745159149 0.9612776041030884
0.4315074682235718 0.8704791069030762 -0.06628121435642242 0.42588260769844055
0.5898897647857666 0.807104766368866 0.006229656282812357 0.9991539716720581
0.4904066324234009 0.8184306621551514 -0.005982133559882641 0.9986487030982971
0.6873283386230469 0.9733639359474182 -0.2106200009584427 0.9305879473686218
0.4180282950401306 0.9944038391113281 -0.19630049169063568 0.8681814670562744
0.640956461429596 1.02290940284729 0.20718421041965485 0.12421687692403793
0.4852096736431122 1.0934358835220337 0.15028426051139832 0.1390509307384491
0.6287710666656494 1.0129377841949463 0.2541666328907013 0.18493443727493286
0.4985347390174866 1.0999292135238647 0.18759950995445251 0.15067130327224731
0.637016236782074 1.0943772792816162 0.20588280260562897 0.07924601435661316
0.48959967494010925 1.165677547454834 0.10739696770906448 0.06952101737260818
