0.5351941585540771 0.3713502883911133 -0.3245539665222168 0.9999254941940308
0.5448229908943176 0.347242534160614 -0.2943924069404602 0.999951958656311
0.5500991344451904 0.34764713048934937 -0.29456281661987305 0.9999592304229736
0.553598940372467 0.3486291170120239 -0.2948992848396301 0.9999661445617676
0.5259007811546326 0.3470315933227539 -0.29740408062934875 0.9999284744262695
0.519125759601593 0.3475128412246704 -0.2973119616508484 0.999904990196228
0.5123021602630615 0.3483772277832031 -0.2973991930484772 0.9998914003372192
0.5611695647239685 0.361686110496521 -0.1253071278333664 0.999976396560669
0.5048264861106873 0.36299002170562744 -0.14084580540657043 0.9999568462371826
0.5462253093719482 0.39935779571533203 -0.2609463930130005 0.9999831914901733
0.5232023596763611 0.3987833559513092 -0.26573383808135986 0.9999816417694092
0.6094361543655396 0.5144990682601929 -0.04760795459151268 0.99997878074646
0.4591746926307678 0.5012943744659424 -0.023433560505509377 0.9998376369476318
0.6393795013427734 0.7074483633041382 -0.22146669030189514 0.9933984279632568
0.4306855797767639 0.7022014856338501 0.014139015227556229 0.8022302389144897
0.6274974346160889 0.556714653968811 -0.5473224520683289 0.9879506826400757
0.4234587848186493 0.8653457164764404 -0.09733982384204865 0.4513621926307678
0.6097766160964966 0.5338932275772095 -0.6145527362823486 0.9674643874168396
0.4155545234680176 0.9085068702697754 -0.11998262256383896 0.36334139108657837
0.6057959794998169 0.5148245096206665 -0.5921138525009155 0.9663243889808655
0.4225456416606903 0.9044262766838074 -0.15310129523277283 0.37426283955574036
0.6070095300674438 0.5216338634490967 -0.5452328324317932 0.9456894993782043
0.42693883180618286 0.8946297764778137 -0.11277544498443604 0.3804374039173126
0.5871068835258484 0.8091351985931396 0.011653409339487553 0.9955494403839111
0.48639822006225586 0.8133574724197388 -0.011147940531373024 0.9924431443214417
0.6886899471282959 0.9742830395698547 -0.20223012566566467 0.8295183777809143
0.42257434129714966 0.9906342625617981 -0.21251744031906128 0.8004062175750732
0.6284441351890564 1.1018784046173096 0.19572144746780396 0.10730577260255814
0.4758319556713104 1.152737021446228 0.1078624278306961 0.14716744422912598
0.6133255362510681 1.101496696472168 0.23685036599636078 0.1619759202003479
0.48524999618530273 1.1674256324768066 0.13969379663467407 0.1450449377298355
0.6225478649139404 1.1924132108688354 0.1518799215555191 0.05832735821604729
0.4798829257488251 1.2418766021728516 0.02047090046107769 0.06615280359983444
