0.5575386881828308 0.33465486764907837 -0.22989621758460999 0.9999924898147583
0.5655918121337891 0.31633877754211426 -0.2025449275970459 0.9999700784683228
0.5708798170089722 0.3172433376312256 -0.20249338448047638 0.9999830722808838
0.5755492448806763 0.3183637261390686 -0.20251727104187012 0.9999574422836304
0.5482045412063599 0.3151807188987732 -0.21561987698078156 0.999976396560669
0.5413339734077454 0.315828800201416 -0.2157859057188034 0.999988317489624
0.5357186198234558 0.316897988319397 -0.21597106754779816 0.9999792575836182
0.5820397734642029 0.33371275663375854 -0.0640728771686554 0.9999700784683228
0.527384340763092 0.33493638038635254 -0.12619635462760925 0.999997615814209
0.5679259896278381 0.3645036220550537 -0.17752370238304138 0.9999829530715942
0.5454667806625366 0.3622833788394928 -0.19619642198085785 0.9999940395355225
0.6156008243560791 0.47915881872177124 0.01452959980815649 0.9999613761901855
0.4834556579589844 0.4825822114944458 -0.06753502786159515 0.99994957447052
0.677463173866272 0.5932696461677551 -0.120570108294487 0.999757707118988
0.46383076906204224 0.6734012961387634 -0.08500456064939499 0.996304988861084
0.6462851166725159 0.39127764105796814 -0.30837830901145935 0.9997270703315735
0.4973953366279602 0.831549346446991 -0.15698418021202087 0.9969568252563477
0.639572024345398 0.3372567296028137 -0.34817782044410706 0.9981350898742676
0.49606484174728394 0.8926944732666016 -0.16911911964416504 0.9881930947303772
0.6350060701370239 0.3250257968902588 -0.3059749901294708 0.9979694485664368
0.5150299072265625 0.8822193741798401 -0.175936758518219 0.9891855716705322
0.6337224841117859 0.3480786681175232 -0.2964860200881958 0.9983062744140625
0.5182879567146301 0.8616019487380981 -0.15679046511650085 0.9910745024681091
0.6111974120140076 0.7897540330886841 0.011241183616220951 0.9999294281005859
0.5198894739151001 0.8046680688858032 -0.010339627042412758 0.9999302625656128
0.6206539869308472 1.0527138710021973 0.02462710626423359 0.4572630226612091
0.5055491924285889 1.0378448963165283 -0.0641176700592041 0.49222853779792786
0.6244072318077087 1.2476153373718262 0.41281378269195557 0.0002944985462818295
0.513697624206543 1.2451565265655518 0.2882463335990906 0.001271680579520762
0.6291660070419312 1.2852612733840942 0.44861358404159546 0.0015019901329651475
0.5129503011703491 1.286344289779663 0.3201694190502167 0.0030088238418102264
0.6085883378982544 1.334496259689331 0.3306371867656708 0.00029809880652464926
0.5285428166389465 1.3228331804275513 0.17918764054775238 0.0010591953760012984
