0.5509130954742432 0.3331831991672516 -0.33685657382011414 0.9998231530189514
0.5603213906288147 0.3148506283760071 -0.310121089220047 0.9994410872459412
0.5660180449485779 0.31682389974594116 -0.31015151739120483 0.9994964599609375
0.5715856552124023 0.31898701190948486 -0.3103026747703552 0.9991004467010498
0.5420333743095398 0.3126547336578369 -0.31676211953163147 0.9995346069335938
0.5354853272438049 0.31343984603881836 -0.3168768882751465 0.9996558427810669
0.5298113226890564 0.3150864243507385 -0.3170773684978485 0.9995800852775574
0.5815625786781311 0.3363179862499237 -0.16113214194774628 0.9991645812988281
0.522101879119873 0.3355550467967987 -0.19341477751731873 0.9998941421508789
0.5627363324165344 0.3671015799045563 -0.28076034784317017 0.9999192953109741
0.5392491817474365 0.3654710650444031 -0.29071637988090515 0.9999667406082153
0.6174894571304321 0.47525566816329956 -0.07423808425664902 0.9995900988578796
0.4814252257347107 0.486410528421402 -0.11638010293245316 0.9998464584350586
0.6819788217544556 0.6582314968109131 -0.28452566266059875 0.9738571643829346
0.46043601632118225 0.6818548440933228 -0.17985686659812927 0.9601441025733948
0.6659002900123596 0.5233602523803711 -0.6209501624107361 0.8895884156227112
0.4945705831050873 0.8331121802330017 -0.35929813981056213 0.896817147731781
0.6586171388626099 0.4749794900417328 -0.6820361018180847 0.7100697159767151
0.4954412877559662 0.8937937617301941 -0.38876864314079285 0.8066856861114502
0.6521230340003967 0.4550519585609436 -0.6463301777839661 0.694729745388031
0.5140253901481628 0.887194812297821 -0.39578133821487427 0.8134370446205139
0.6520901918411255 0.47421637177467346 -0.6140428185462952 0.6664712429046631
0.5185625553131104 0.8653333187103271 -0.3615500330924988 0.7920027375221252
0.6157389283180237 0.77040696144104 -0.0018541034078225493 0.9980596899986267
0.5212904214859009 0.7879458069801331 0.0022264232393354177 0.9987319111824036
0.630763828754425 1.015127420425415 -0.19325709342956543 0.3265678286552429
0.49783894419670105 1.0047533512115479 -0.18602702021598816 0.4770949184894562
0.6383925080299377 1.1422053575515747 0.23026858270168304 0.0031821192242205143
0.5118988156318665 1.1775071620941162 0.19859708845615387 0.010791441425681114
0.6382302641868591 1.165245532989502 0.26924654841423035 0.017367752268910408
0.5154986381530762 1.2066612243652344 0.23308132588863373 0.012921537272632122
0.6394573450088501 1.2238359451293945 0.14556683599948883 0.004473996348679066
0.521511435508728 1.2631632089614868 0.09354661405086517 0.010135672986507416
