0.5475134253501892 0.30596446990966797 -0.4520563781261444 0.9999650716781616
0.5556555986404419 0.28591388463974 -0.42454856634140015 0.9999583959579468
0.5607015490531921 0.2865983247756958 -0.42460897564888 0.9999673366546631
0.5657408237457275 0.28752923011779785 -0.42476749420166016 0.9999518394470215
0.5381513237953186 0.2871720790863037 -0.429977685213089 0.9999402761459351
0.5313588976860046 0.28814905881881714 -0.4299772083759308 0.9999399185180664
0.5257407426834106 0.28921782970428467 -0.43009766936302185 0.999902606010437
0.5727643370628357 0.30404579639434814 -0.26040276885032654 0.9999529123306274
0.5169621109962463 0.30664151906967163 -0.2871967852115631 0.999962329864502
0.5577283501625061 0.33394670486450195 -0.39090386033058167 0.9999943971633911
0.5350824594497681 0.3338295817375183 -0.39891180396080017 0.9999957084655762
0.6107125878334045 0.4639434814453125 -0.17167353630065918 0.999981164932251
0.47672033309936523 0.467938095331192 -0.2023611217737198 0.9999444484710693
0.6404163837432861 0.6730358600616455 -0.37591585516929626 0.9913026094436646
0.4496840834617615 0.6690953969955444 -0.2026224285364151 0.9658697843551636
0.6311661601066589 0.5387431383132935 -0.7485691905021667 0.9950272440910339
0.4388747811317444 0.8438202738761902 -0.325241357088089 0.9238694310188293
0.6290538311004639 0.4888427257537842 -0.8142291903495789 0.9886007905006409
0.42431169748306274 0.9021853804588318 -0.3480851948261261 0.8791069984436035
0.6316627264022827 0.4644983410835266 -0.7970408797264099 0.9883596897125244
0.4316633343696594 0.9031187295913696 -0.3783326745033264 0.8899805545806885
0.6288026571273804 0.4829840064048767 -0.748903214931488 0.9815549254417419
0.44030582904815674 0.8855292201042175 -0.33709049224853516 0.8850686550140381
0.5903207659721375 0.7852402329444885 0.025128183886408806 0.9994254112243652
0.49520444869995117 0.7882510423660278 -0.02502431720495224 0.9987805485725403
0.6324838399887085 0.9842494130134583 -0.30554118752479553 0.7273521423339844
0.4902236759662628 1.000889778137207 -0.2873874306678772 0.5871205925941467
0.6014661192893982 0.9829084873199463 0.18667618930339813 0.015290012583136559
0.5047761797904968 1.017298698425293 0.13669386506080627 0.015190203674137592
0.5956041812896729 0.9664878845214844 0.238583505153656 0.03245332092046738
0.5043164491653442 1.0173296928405762 0.18036088347434998 0.020034395158290863
0.5827767252922058 1.0426536798477173 0.19074614346027374 0.015563126653432846
0.521237850189209 1.0586270093917847 0.10377418994903564 0.017396127805113792
