0.5463857650756836 0.30756616592407227 -0.4797276556491852 0.9999855756759644
0.5520094037055969 0.2880454659461975 -0.4490828216075897 0.9999724626541138
0.5567837357521057 0.2889769673347473 -0.44917312264442444 0.9999817609786987
0.561417281627655 0.29002928733825684 -0.4493815302848816 0.9999704360961914
0.5355013608932495 0.28807568550109863 -0.4543677270412445 0.9999529123306274
0.5293113589286804 0.28894537687301636 -0.4543364346027374 0.9999568462371826
0.5235595703125 0.28993332386016846 -0.4544134736061096 0.9999172687530518
0.5671034455299377 0.30518895387649536 -0.271608829498291 0.99997878074646
0.5130298137664795 0.3074060082435608 -0.29855483770370483 0.9999760389328003
0.5561379194259644 0.33554279804229736 -0.4138917028903961 0.9999973773956299
0.5340959429740906 0.33569443225860596 -0.42198243737220764 0.9999973773956299
0.6070001125335693 0.4628514051437378 -0.17806337773799896 0.9999939203262329
0.47265625 0.4670194089412689 -0.19372983276844025 0.9999456405639648
0.6440359354019165 0.6543245315551758 -0.3837272822856903 0.9984778761863708
0.4507122337818146 0.6713609099388123 -0.17632512748241425 0.9752222299575806
0.629887044429779 0.4797498881816864 -0.7542349100112915 0.9991816878318787
0.4365025758743286 0.8458008766174316 -0.31356075406074524 0.9563659429550171
0.6295870542526245 0.4217822551727295 -0.8251309990882874 0.997322142124176
0.4212098717689514 0.9070495367050171 -0.3405970633029938 0.9326595664024353
0.6290445327758789 0.4078493118286133 -0.8045406937599182 0.997168242931366
0.42817258834838867 0.9070077538490295 -0.3762064278125763 0.9380589127540588
0.6255056858062744 0.42470645904541016 -0.7530849575996399 0.9949647188186646
0.43689650297164917 0.890595018863678 -0.3282068371772766 0.9285061359405518
0.5899674892425537 0.7861262559890747 0.01848437637090683 0.9994180202484131
0.49575933814048767 0.7883312702178955 -0.018213696777820587 0.9985827207565308
0.6327677965164185 0.980110764503479 -0.4472648799419403 0.8456713557243347
0.5039685964584351 0.9511165022850037 -0.4592253863811493 0.7596418261528015
0.6078993082046509 1.0353645086288452 0.06603821367025375 0.04146144166588783
0.5088595747947693 1.075424313545227 -0.011001783423125744 0.041002076119184494
0.6026689410209656 1.0263314247131348 0.11796478182077408 0.08416760712862015
0.5110992193222046 1.082436442375183 0.03303314000368118 0.04908278211951256
0.5934980511665344 1.1084562540054321 0.0370626226067543 0.03480972349643707
0.5251995921134949 1.1440856456756592 -0.08387522399425507 0.03289753943681717
