0.5653744339942932 0.3680534064769745 -0.17544512450695038 0.9999798536300659
0.575564980506897 0.3511332869529724 -0.14943183958530426 0.9999704360961914
0.5802861452102661 0.35238420963287354 -0.1494411826133728 0.9999840259552002
0.5857133269309998 0.3542013168334961 -0.14939041435718536 0.9999755620956421
0.556888997554779 0.34971535205841064 -0.16067089140415192 0.999955415725708
0.5500974059104919 0.3507901430130005 -0.16082696616649628 0.9999697208404541
0.5438310503959656 0.35210931301116943 -0.16097377240657806 0.9999449253082275
0.5925188064575195 0.37013179063796997 -0.016353342682123184 0.9999843835830688
0.5366941094398499 0.36786949634552 -0.06729088723659515 0.9999865293502808
0.5756062865257263 0.40051594376564026 -0.12567368149757385 0.9999656677246094
0.5520404577255249 0.39597955346107483 -0.1407502293586731 0.9999555349349976
0.621482253074646 0.5192525386810303 0.04837995022535324 0.9999011754989624
0.5024517774581909 0.523223876953125 -0.046365272253751755 0.9997139573097229
0.6468808054924011 0.7266275882720947 -0.102912038564682 0.9994630217552185
0.5153273940086365 0.7071895003318787 -0.12172053009271622 0.9965617060661316
0.609872043132782 0.5736684799194336 -0.3215723931789398 0.9997261166572571
0.5781397223472595 0.7270562648773193 -0.19777904450893402 0.9976484179496765
0.6086212396621704 0.5223281383514404 -0.37049999833106995 0.9990839958190918
0.5958160161972046 0.7575018405914307 -0.22083130478858948 0.9924619793891907
0.6113550662994385 0.5065587759017944 -0.3417733609676361 0.9989970326423645
0.6017981767654419 0.7423360347747803 -0.21855974197387695 0.9922726154327393
0.6077820658683777 0.5250481963157654 -0.31651538610458374 0.9994198083877563
0.5949623584747314 0.7281702756881714 -0.1963159143924713 0.9952510595321655
0.6172443628311157 0.857727587223053 0.025363802909851074 0.9999872446060181
0.5246222019195557 0.8586865663528442 -0.02393973059952259 0.9999738931655884
0.6233346462249756 1.118231177330017 0.054490868002176285 0.26407182216644287
0.525767982006073 1.1395466327667236 0.06654784828424454 0.3030926585197449
0.624464213848114 1.346556305885315 0.34762585163116455 2.8699312679236755e-05
0.5282942056655884 1.3430348634719849 0.3873412013053894 7.759646541671827e-05
0.6298496127128601 1.3904328346252441 0.3738496005535126 0.00021718711650464684
0.5237504839897156 1.383544921875 0.4168160557746887 0.0002442451659590006
0.6109084486961365 1.4273810386657715 0.2637558877468109 1.5778408851474524e-05
0.5445657968521118 1.4140522480010986 0.30106672644615173 6.476966518675908e-05
