0.5656354427337646 0.3720390796661377 -0.1786423623561859 0.999715268611908
0.5731350779533386 0.35127347707748413 -0.1524747759103775 0.999535083770752
0.5783316493034363 0.35256844758987427 -0.15254107117652893 0.9997394680976868
0.5831737518310547 0.35423147678375244 -0.15252123773097992 0.9995002746582031
0.5567319393157959 0.3504570722579956 -0.16261114180088043 0.9994895458221436
0.5499669909477234 0.35170072317123413 -0.16279816627502441 0.9996987581253052
0.5440719127655029 0.35367411375045776 -0.16295494139194489 0.9994550347328186
0.5912536978721619 0.37175506353378296 -0.01677776500582695 0.999765932559967
0.5358213186264038 0.37224626541137695 -0.061356961727142334 0.9998477697372437
0.5739824771881104 0.40435707569122314 -0.12843286991119385 0.9996317625045776
0.5532793402671814 0.40364354848861694 -0.14194168150424957 0.9994698166847229
0.6235397458076477 0.5268572568893433 0.04087965190410614 0.9967359900474548
0.5026939511299133 0.5248032212257385 -0.050898872315883636 0.9991446733474731
0.641772449016571 0.717581570148468 -0.12957394123077393 0.9914343357086182
0.5222041606903076 0.6923632025718689 -0.2132311314344406 0.9975190162658691
0.6028223633766174 0.6031767129898071 -0.36008939146995544 0.9935085773468018
0.5784696936607361 0.6120275259017944 -0.3595317304134369 0.9993751645088196
0.5932799577713013 0.5801231861114502 -0.40401655435562134 0.9859868884086609
0.5997449159622192 0.5872153639793396 -0.389653742313385 0.9973697662353516
0.5937805771827698 0.5454298853874207 -0.3745883107185364 0.9857860803604126
0.5953588485717773 0.5582350492477417 -0.3687499761581421 0.9971596002578735
0.5969325304031372 0.5608925819396973 -0.3548302948474884 0.9917089343070984
0.5883522629737854 0.5663449764251709 -0.35203564167022705 0.9976196885108948
0.6126556396484375 0.8466518521308899 0.022485459223389626 0.9999203681945801
0.5246228575706482 0.8484714031219482 -0.021186530590057373 0.9998711347579956
0.6083468794822693 1.080116629600525 -0.07791764289140701 0.5525078177452087
0.5212941765785217 1.1077275276184082 0.028567958623170853 0.5794832706451416
0.6145959496498108 1.3003873825073242 0.16632427275180817 0.00010636474326020107
0.515670657157898 1.3048099279403687 0.3672056496143341 0.00015883025480434299
0.6197771430015564 1.3453645706176758 0.1861567497253418 0.000541001558303833
0.5115199089050293 1.3464337587356567 0.39631497859954834 0.00030270518618635833
0.6038007736206055 1.3707530498504639 0.05208227410912514 4.79917143820785e-05
0.5289755463600159 1.3668208122253418 0.25761204957962036 0.00010537319030845538
