0.5672984719276428 0.373949259519577 -0.178232803940773 0.9894541501998901
0.5761006474494934 0.3540613651275635 -0.15227386355400085 0.9896422028541565
0.5808427333831787 0.35477811098098755 -0.15236656367778778 0.9860482215881348
0.5858162045478821 0.35562682151794434 -0.15251095592975616 0.9894200563430786
0.5576565265655518 0.3543887138366699 -0.15353800356388092 0.9871820211410522
0.5507631301879883 0.3558685779571533 -0.15357623994350433 0.9824739098548889
0.5454350709915161 0.3573969006538391 -0.1536668986082077 0.9859527349472046
0.592642605304718 0.3720911741256714 -0.02342231757938862 0.9905558228492737
0.5389025211334229 0.3752610981464386 -0.027159644290804863 0.9828239679336548
0.5760658979415894 0.40500736236572266 -0.12943005561828613 0.9935604333877563
0.5548567175865173 0.40401312708854675 -0.13073965907096863 0.9892336130142212
0.6202356815338135 0.5062177181243896 0.002126255538314581 0.9911571741104126
0.5054877400398254 0.5260411500930786 -0.015312365256249905 0.9888935685157776
0.6360865831375122 0.6835668087005615 -0.11478010565042496 0.8821082711219788
0.5354568958282471 0.6803033947944641 -0.15205974876880646 0.9312198162078857
0.5651845335960388 0.646329939365387 -0.2867570221424103 0.788536548614502
0.6136600971221924 0.6388919353485107 -0.31011614203453064 0.9354948997497559
0.5521674752235413 0.6503652334213257 -0.3345521092414856 0.683869481086731
0.6277464032173157 0.6457167267799377 -0.3544052243232727 0.8765857219696045
0.5489648580551147 0.6342455148696899 -0.3139045834541321 0.6852872967720032
0.627472460269928 0.6281851530075073 -0.3408837914466858 0.8711974620819092
0.5543585419654846 0.6326124668121338 -0.2816687822341919 0.7129135727882385
0.6229524612426758 0.6230188012123108 -0.30746182799339294 0.8542897701263428
0.6138248443603516 0.8271393775939941 -0.0035841618664562702 0.9986120462417603
0.5266987085342407 0.8339584469795227 0.004183898214250803 0.9974072575569153
0.6336950659751892 1.0276497602462769 -0.22733788192272186 0.5675999522209167
0.5186682343482971 1.0597373247146606 -0.12911741435527802 0.6685982942581177
0.6248461008071899 1.1872649192810059 0.13035523891448975 0.013698365539312363
0.5288153886795044 1.1920151710510254 0.2537728250026703 0.011837409809231758
0.6193389296531677 1.2168011665344238 0.1652507483959198 0.04177179932594299
0.5342618823051453 1.2137327194213867 0.292563259601593 0.013374892063438892
0.6310044527053833 1.2647132873535156 0.07816579937934875 0.012809493578970432
0.5275980234146118 1.269059658050537 0.21350817382335663 0.008412806317210197
