0.5683275461196899 0.3753487169742584 -0.1517583280801773 0.9998050332069397
0.575964093208313 0.3540082573890686 -0.12402419745922089 0.9997625946998596
0.5804242491722107 0.3546726703643799 -0.12410465627908707 0.9998308420181274
0.585239052772522 0.3558415174484253 -0.12415196001529694 0.9997864365577698
0.5592190027236938 0.35536348819732666 -0.13697130978107452 0.9996860027313232
0.5528255701065063 0.3567292094230652 -0.1371627300977707 0.9997441172599792
0.546636164188385 0.35855168104171753 -0.13729575276374817 0.9996426105499268
0.5918721556663513 0.371628999710083 0.018849384039640427 0.9998624324798584
0.5382717847824097 0.37403014302253723 -0.0390804149210453 0.9998461008071899
0.5775232911109924 0.40491020679473877 -0.09814712405204773 0.9997796416282654
0.5567309856414795 0.4050009548664093 -0.1155361607670784 0.9995912909507751
0.6232141852378845 0.5262035727500916 0.07564251869916916 0.9991982579231262
0.5038208365440369 0.5246919393539429 -0.03620418533682823 0.9992154836654663
0.6423487067222595 0.7277618646621704 -0.08787491917610168 0.9895731806755066
0.5332122445106506 0.6902708411216736 -0.19665034115314484 0.9938534498214722
0.5998191237449646 0.6142654418945312 -0.31003713607788086 0.9940842986106873
0.5964954495429993 0.6069937944412231 -0.31764689087867737 0.9985045194625854
0.5948467254638672 0.5730675458908081 -0.35563597083091736 0.9872932434082031
0.6180363297462463 0.5706795454025269 -0.34777069091796875 0.9944185018539429
0.6004739999771118 0.550538182258606 -0.32591956853866577 0.9871639013290405
0.6116912961006165 0.5470902919769287 -0.3276311755180359 0.9938225746154785
0.5954676866531372 0.5648587346076965 -0.30474409461021423 0.9913808703422546
0.603173553943634 0.5589672327041626 -0.31028276681900024 0.9948345422744751
0.6167789697647095 0.8502122163772583 0.023284010589122772 0.9999254941940308
0.526196300983429 0.8538163304328918 -0.022080402821302414 0.9998624324798584
0.6224046945571899 1.0804921388626099 -0.07235288619995117 0.5716789960861206
0.5299897193908691 1.1140869855880737 -0.0007468200637958944 0.5999908447265625
0.6279535293579102 1.295573115348816 0.20029494166374207 0.0003005372709594667
0.530977725982666 1.2941501140594482 0.3917316496372223 0.0003396446700207889
0.6314494609832764 1.3366132974624634 0.22500495612621307 0.0010675040539354086
0.5282283425331116 1.3270599842071533 0.42884981632232666 0.0005353655433282256
0.6202892661094666 1.3646926879882812 0.10607250034809113 0.00014159052807372063
0.5423426032066345 1.358444094657898 0.31300705671310425 0.00019686696759890765
