0.5673004984855652 0.379467248916626 -0.23771622776985168 0.9998985528945923
0.5758543014526367 0.35882145166397095 -0.21152938902378082 0.9998241066932678
0.5809614658355713 0.35940128564834595 -0.21162332594394684 0.9998942613601685
0.5861046314239502 0.3603913187980652 -0.21167398989200592 0.9998034834861755
0.557877779006958 0.3592183291912079 -0.21891707181930542 0.9997624754905701
0.5508912205696106 0.36059755086898804 -0.2191397249698639 0.9998493194580078
0.5445592999458313 0.36186668276786804 -0.219249427318573 0.9997419714927673
0.5931145548820496 0.37347832322120667 -0.06655395030975342 0.9999146461486816
0.5370481610298157 0.3763670325279236 -0.099519744515419 0.9999094009399414
0.5763201117515564 0.410794198513031 -0.18303106725215912 0.9998828172683716
0.5548032522201538 0.4094620645046234 -0.19331367313861847 0.999828577041626
0.6230885982513428 0.5297605395317078 -0.0020854452159255743 0.9993139505386353
0.5043535828590393 0.5260872840881348 -0.05083761364221573 0.999487042427063
0.6431528925895691 0.7440266609191895 -0.1625863015651703 0.9969197511672974
0.5156885981559753 0.7301201820373535 -0.20088990032672882 0.9961833357810974
0.5940527319908142 0.6217254400253296 -0.4070381820201874 0.9976869821548462
0.5804024934768677 0.6294182538986206 -0.40456879138946533 0.9995643496513367
0.5897144675254822 0.5825821161270142 -0.4555545151233673 0.9941564798355103
0.6003254055976868 0.59953773021698 -0.44649702310562134 0.9983478784561157
0.5946370959281921 0.5552530884742737 -0.4240918457508087 0.9939903020858765
0.5938454866409302 0.5688436031341553 -0.42371776700019836 0.9981630444526672
0.5923795700073242 0.5635091066360474 -0.3998684585094452 0.9960147142410278
0.5858587622642517 0.5753684043884277 -0.39777347445487976 0.9984005093574524
0.6131961345672607 0.8476901650428772 0.011257466860115528 0.9999128580093384
0.5238606333732605 0.8496208190917969 -0.010089242830872536 0.9998761415481567
0.6295607089996338 1.081897258758545 -0.08012229949235916 0.42727595567703247
0.5269297957420349 1.1017601490020752 -0.04818014055490494 0.6194775104522705
0.6377065777778625 1.2925647497177124 0.2699195444583893 7.616259244969115e-05
0.5302221775054932 1.3003562688827515 0.3339560329914093 0.0003526743676047772
0.6418642401695251 1.332986831665039 0.3016347289085388 0.0004904430243186653
0.527545690536499 1.3397297859191895 0.3687776029109955 0.0005534381489269435
0.6310663223266602 1.3735928535461426 0.18252913653850555 4.07543484470807e-05
0.5429453253746033 1.3695173263549805 0.23105724155902863 0.00020780698105227202
