0.5677173137664795 0.380711168050766 -0.1586204618215561 0.9999709129333496
0.5763818621635437 0.35980290174484253 -0.13171298801898956 0.9999556541442871
0.5809057354927063 0.3600868582725525 -0.13181553781032562 0.9999744892120361
0.5860181450843811 0.3608672022819519 -0.1318325698375702 0.9999575614929199
0.5592648386955261 0.36063992977142334 -0.14049987494945526 0.9999392032623291
0.552702784538269 0.3616878390312195 -0.14068689942359924 0.9999586343765259
0.5465258359909058 0.3627433776855469 -0.14078810811042786 0.9999294281005859
0.5931593775749207 0.37371087074279785 0.008602874353528023 0.99997878074646
0.5389867424964905 0.37527069449424744 -0.030186917632818222 0.9999740123748779
0.5765930414199829 0.40963014960289 -0.10631443560123444 0.999958872795105
0.555695116519928 0.40925267338752747 -0.1182040199637413 0.9999231100082397
0.6236690878868103 0.5289890766143799 0.07283487915992737 0.9997250437736511
0.5055235624313354 0.5243256092071533 0.0016928284894675016 0.9997456669807434
0.6459975838661194 0.7389439940452576 -0.07379794120788574 0.9968352913856506
0.517383873462677 0.7121587991714478 -0.12847745418548584 0.9980136156082153
0.6053475141525269 0.6344473361968994 -0.3091515898704529 0.9981828331947327
0.5832487940788269 0.6350202560424805 -0.28345993161201477 0.9996084570884705
0.6056696176528931 0.6005048155784607 -0.3552739918231964 0.9957183003425598
0.6044698357582092 0.6029325723648071 -0.3150172233581543 0.9984306693077087
0.6075042486190796 0.567645788192749 -0.32893693447113037 0.9955072402954102
0.6001067757606506 0.5727832317352295 -0.2970137894153595 0.9982158541679382
0.6053086519241333 0.5749262571334839 -0.3044198453426361 0.997221827507019
0.592925488948822 0.5809057950973511 -0.2770087420940399 0.9985666871070862
0.6147632002830505 0.8466230630874634 0.016578350216150284 0.9999725818634033
0.5263048410415649 0.8524497747421265 -0.015290195122361183 0.9999412298202515
0.6193516254425049 1.0834237337112427 -0.06867075711488724 0.6344357132911682
0.529330313205719 1.1259337663650513 0.05922257900238037 0.6758509278297424
0.6244024634361267 1.3018442392349243 0.2148420512676239 0.00017142338037956506
0.5266535878181458 1.3070268630981445 0.4531758427619934 0.00024220813065767288
0.628261387348175 1.3438987731933594 0.24057835340499878 0.0007174654747359455
0.5226343870162964 1.3426016569137573 0.49013999104499817 0.00048285204684361815
0.6165018677711487 1.375579833984375 0.12091334164142609 6.870289507787675e-05
0.5408201813697815 1.3731834888458252 0.3713546395301819 0.00015065300976857543
