0.5685190558433533 0.38031280040740967 -0.3320362865924835 0.9999767541885376
0.5781413912773132 0.35984528064727783 -0.3078605830669403 0.9999599456787109
0.5826431512832642 0.3606871962547302 -0.3078806698322296 0.9999707937240601
0.5877309441566467 0.3618100881576538 -0.30785703659057617 0.9999512434005737
0.56056147813797 0.3598140478134155 -0.30810996890068054 0.9999557733535767
0.5537267327308655 0.36069756746292114 -0.3081760108470917 0.9999669790267944
0.5478457808494568 0.36140310764312744 -0.308292031288147 0.9999514818191528
0.5956371426582336 0.3743790090084076 -0.16321489214897156 0.9999749660491943
0.5412847399711609 0.3742825984954834 -0.16152843832969666 0.9999759197235107
0.5776926279067993 0.4114398956298828 -0.2781628966331482 0.9999843835830688
0.555444061756134 0.4078782796859741 -0.27837663888931274 0.9999809265136719
0.626015305519104 0.5351299047470093 -0.0768173411488533 0.999809205532074
0.5061874389648438 0.527977466583252 -0.08387182652950287 0.9998252987861633
0.6623681783676147 0.7519875168800354 -0.1886122077703476 0.9962975382804871
0.49033668637275696 0.7449026107788086 -0.22570031881332397 0.9983636736869812
0.6097362637519836 0.6831490397453308 -0.43147537112236023 0.993687093257904
0.5654701590538025 0.6881681680679321 -0.47837838530540466 0.998460054397583
0.5960723161697388 0.6623929738998413 -0.47788918018341064 0.9742810130119324
0.5892217755317688 0.6662994623184204 -0.5226631164550781 0.992644190788269
0.6010273694992065 0.6378332376480103 -0.4532865285873413 0.9729014039039612
0.5926207304000854 0.6461454033851624 -0.5005847215652466 0.9919936656951904
0.5981668829917908 0.6507470607757568 -0.42522528767585754 0.9803834557533264
0.5851856470108032 0.6563150882720947 -0.472097784280777 0.9926506876945496
0.6136264801025391 0.8485845923423767 0.001092200051061809 0.9995883107185364
0.5214194655418396 0.8554959297180176 0.00031502326601184905 0.9993094205856323
0.6195961833000183 1.1129881143569946 -0.13039284944534302 0.2634147107601166
0.5238773822784424 1.126404047012329 0.06561703979969025 0.30933961272239685
0.6244400143623352 1.3282291889190674 0.1828913539648056 0.00010101062071043998
0.5229771733283997 1.3278439044952393 0.4055565297603607 0.00027506661717779934
0.6279420852661133 1.3692734241485596 0.20777396857738495 0.0003846791514661163
0.5180603861808777 1.3673725128173828 0.43471384048461914 0.00041633311775512993
0.6133046746253967 1.415063500404358 0.04732392355799675 6.431389920180663e-05
0.5376836657524109 1.407496690750122 0.2732428014278412 0.00027810625033453107
