0.5703018307685852 0.3774426579475403 -0.40074947476387024 0.9999395608901978
0.5806398391723633 0.3595989942550659 -0.3717154562473297 0.9999176263809204
0.5859178900718689 0.36122167110443115 -0.37172847986221313 0.9999194145202637
0.5898614525794983 0.36270225048065186 -0.37166765332221985 0.9999140501022339
0.5626392364501953 0.3560800552368164 -0.3818824589252472 0.9999290704727173
0.5564752221107483 0.3557658791542053 -0.38195881247520447 0.9999338388442993
0.5503281950950623 0.35594892501831055 -0.3821987807750702 0.9999309778213501
0.5974716544151306 0.3773394823074341 -0.19887469708919525 0.9998823404312134
0.5436524748802185 0.37038707733154297 -0.2431318759918213 0.999937891960144
0.5800269246101379 0.4118613004684448 -0.3361679017543793 0.9999654293060303
0.5576855540275574 0.4084385931491852 -0.34919872879981995 0.9999731779098511
0.6275532841682434 0.5403560400009155 -0.07338149100542068 0.9998236298561096
0.5036240816116333 0.5259311199188232 -0.1619565784931183 0.9997568726539612
0.6618942022323608 0.7483441829681396 -0.1756422221660614 0.9944661259651184
0.4788251221179962 0.7380461692810059 -0.29125887155532837 0.9964213371276855
0.6230391263961792 0.7197493314743042 -0.48206570744514465 0.99140864610672
0.5276730060577393 0.7599257826805115 -0.580325186252594 0.9882428050041199
0.6118788123130798 0.7178711295127869 -0.5448372960090637 0.9657872915267944
0.5479212999343872 0.7798337936401367 -0.6404228806495667 0.9560198783874512
0.6100991368293762 0.6859722137451172 -0.5353823304176331 0.965128481388092
0.5537251234054565 0.7510714530944824 -0.641786515712738 0.9609582424163818
0.6114820837974548 0.683678150177002 -0.4841007888317108 0.9614412784576416
0.5488267540931702 0.7442136406898499 -0.5841047763824463 0.9602027535438538
0.6166079044342041 0.869740903377533 0.022488271817564964 0.9961842894554138
0.5206094980239868 0.8811490535736084 -0.02131655067205429 0.995408833026886
0.6210318803787231 1.1507624387741089 -0.033319681882858276 0.23418892920017242
0.5253657102584839 1.1452610492706299 0.0007508308044634759 0.0585140623152256
0.623674213886261 1.3864736557006836 0.23521782457828522 0.001051754574291408
0.5198174715042114 1.386695146560669 0.24537473917007446 0.0011010502930730581
0.6266000866889954 1.4279028177261353 0.25349855422973633 0.004209847189486027
0.5150956511497498 1.430511236190796 0.26222649216651917 0.00168488803319633
0.6110945343971252 1.4691553115844727 0.06999526917934418 0.0014162806328386068
0.535309374332428 1.4675264358520508 0.0577862374484539 0.0019507441902533174
