0.5365370512008667 0.4104679822921753 -0.3711082339286804 0.999981164932251
0.5418525338172913 0.38951677083969116 -0.34450072050094604 0.9999709129333496
0.5457550883293152 0.39053499698638916 -0.3446146249771118 0.9999829530715942
0.5498605966567993 0.3920254111289978 -0.34475529193878174 0.9999706745147705
0.5269285440444946 0.38739001750946045 -0.3504825830459595 0.9999589920043945
0.5202634930610657 0.3870132565498352 -0.35061171650886536 0.9999715089797974
0.5145385265350342 0.3874325752258301 -0.35076895356178284 0.9999439716339111
0.5520800352096558 0.4030817747116089 -0.17859622836112976 0.9999887943267822
0.5036671757698059 0.4021466374397278 -0.20812852680683136 0.9999829530715942
0.5418772101402283 0.4369761049747467 -0.30745527148246765 0.999992847442627
0.5243905186653137 0.43818557262420654 -0.3165935277938843 0.9999908208847046
0.5889755487442017 0.5412089228630066 -0.0682726576924324 0.9999678134918213
0.45639750361442566 0.5334392189979553 -0.11016368865966797 0.9998449087142944
0.6242590546607971 0.7259277105331421 -0.206748828291893 0.9991372227668762
0.4205663800239563 0.7022827863693237 -0.23054517805576324 0.9972111582756042
0.611008882522583 0.644270658493042 -0.5618893504142761 0.9985552430152893
0.4830990731716156 0.7260243892669678 -0.5113552808761597 0.9918501377105713
0.5977763533592224 0.6245397925376892 -0.635172963142395 0.9965798258781433
0.49954360723495483 0.7432693243026733 -0.5670910477638245 0.9804142713546753
0.5984373688697815 0.5950362682342529 -0.6237109303474426 0.9967852830886841
0.5098801255226135 0.7266003489494324 -0.563190758228302 0.981012225151062
0.5990688800811768 0.6001682281494141 -0.5638717412948608 0.9955495595932007
0.5035920143127441 0.7152759432792664 -0.513180136680603 0.9773414731025696
0.575115442276001 0.8457568287849426 0.008442780934274197 0.9996215105056763
0.4844016134738922 0.8572224378585815 -0.00772154051810503 0.9990153312683105
0.5971360802650452 1.065029263496399 -0.29755672812461853 0.9161872863769531
0.4747641384601593 1.1025679111480713 -0.09473589062690735 0.7948518395423889
0.5928271412849426 1.2745333909988403 0.05869569256901741 0.030544405803084373
0.47652795910835266 1.2931439876556396 0.26098671555519104 0.02277521789073944
0.5906072854995728 1.3047723770141602 0.08994065970182419 0.05325372517108917
0.4751397967338562 1.3234516382217407 0.29108837246894836 0.03780069574713707
0.5885576009750366 1.3565677404403687 -0.06761588901281357 0.010727777145802975
0.4862363040447235 1.3642387390136719 0.12350280582904816 0.008256742730736732
