0.5382671356201172 0.4159848690032959 -0.4711625277996063 0.9998658895492554
0.5436763763427734 0.39437711238861084 -0.44513657689094543 0.999824583530426
0.5476796627044678 0.39480307698249817 -0.44521287083625793 0.9998643398284912
0.5518912672996521 0.3953849673271179 -0.44540929794311523 0.9998047947883606
0.5290277600288391 0.39224666357040405 -0.44924598932266235 0.9997703433036804
0.5222009420394897 0.391801655292511 -0.44943705201148987 0.9998101592063904
0.5162081718444824 0.39215028285980225 -0.44957807660102844 0.9996969699859619
0.5536665320396423 0.4038718044757843 -0.26919281482696533 0.9999057054519653
0.5046126842498779 0.4034866392612457 -0.2887229323387146 0.9998487234115601
0.5432146191596985 0.4423459768295288 -0.4029156267642975 0.9999765157699585
0.5255895256996155 0.44501492381095886 -0.40930476784706116 0.9999687671661377
0.5925970077514648 0.5364216566085815 -0.16557079553604126 0.9999369382858276
0.45545345544815063 0.5375616550445557 -0.1696222871541977 0.9996614456176758
0.6260202527046204 0.7250251770019531 -0.3564419150352478 0.9954184293746948
0.42042607069015503 0.7161130905151367 -0.3452552855014801 0.9936246871948242
0.584840714931488 0.654812753200531 -0.7266348600387573 0.9898335933685303
0.4824300706386566 0.7048966288566589 -0.6765463948249817 0.9829590320587158
0.5697586536407471 0.6491700410842896 -0.8060499429702759 0.9715487957000732
0.49388641119003296 0.7123485803604126 -0.7392781376838684 0.9534785747528076
0.5658431649208069 0.6217522025108337 -0.7821592688560486 0.9724500775337219
0.4996313154697418 0.6915619373321533 -0.724615216255188 0.9537598490715027
0.5689667463302612 0.6230398416519165 -0.7234517335891724 0.9598628282546997
0.49748170375823975 0.6857312917709351 -0.6753193140029907 0.9395580291748047
0.5790098905563354 0.8575426340103149 -0.004202660638839006 0.9978846907615662
0.4854075610637665 0.8678765892982483 0.0050203935243189335 0.9945788383483887
0.6202595233917236 1.0179462432861328 -0.4665908217430115 0.8159334659576416
0.46502864360809326 1.0923287868499756 -0.17311589419841766 0.6603361368179321
0.6051007509231567 1.296095371246338 -0.09072378277778625 0.031010566279292107
0.46276524662971497 1.2948359251022339 0.188036248087883 0.038862645626068115
0.6013279557228088 1.3316130638122559 -0.059905484318733215 0.04918660968542099
0.46248313784599304 1.3296301364898682 0.21662159264087677 0.03314870223402977
0.6073760986328125 1.3807761669158936 -0.2470519095659256 0.01564989984035492
0.4663398563861847 1.372455358505249 0.026609240099787712 0.01772584207355976
