0.5368766188621521 0.4133557975292206 -0.40641820430755615 0.9999116659164429
0.5427263975143433 0.39314550161361694 -0.38261157274246216 0.9998633861541748
0.5465127825737 0.3941859006881714 -0.38267916440963745 0.9999059438705444
0.55064857006073 0.39564669132232666 -0.3827725350856781 0.9998641014099121
0.5279565453529358 0.39114731550216675 -0.38937777280807495 0.9998319149017334
0.5215004086494446 0.3910273313522339 -0.3895401954650879 0.9998732805252075
0.5155704617500305 0.3917832374572754 -0.38971322774887085 0.9997884631156921
0.5527678728103638 0.4062698781490326 -0.21845076978206635 0.9999470710754395
0.5044052600860596 0.40474364161491394 -0.24892377853393555 0.9998980760574341
0.5422416925430298 0.4400877058506012 -0.3423135578632355 0.9999703168869019
0.5240052342414856 0.4425584673881531 -0.35195252299308777 0.999954104423523
0.5908454060554504 0.5352417230606079 -0.11496225744485855 0.9998910427093506
0.4566691219806671 0.5341125726699829 -0.1479310840368271 0.9995052814483643
0.6273113489151001 0.7182790637016296 -0.27373185753822327 0.997275173664093
0.42613351345062256 0.7036528587341309 -0.3112824559211731 0.9947609305381775
0.583230197429657 0.6547244191169739 -0.6089245676994324 0.9938639402389526
0.48764869570732117 0.697996973991394 -0.611636221408844 0.9886763095855713
0.5679894089698792 0.6596290469169617 -0.6757606267929077 0.9808423519134521
0.5111943483352661 0.693755567073822 -0.6697925329208374 0.9656489491462708
0.5622884035110474 0.6351362466812134 -0.6580854058265686 0.9810497164726257
0.5122578144073486 0.6774646043777466 -0.65641188621521 0.9657531380653381
0.5662279725074768 0.633969247341156 -0.6073064208030701 0.9795812964439392
0.5049440860748291 0.6746627688407898 -0.6105276942253113 0.9636474847793579
0.5751689076423645 0.849263608455658 0.004883089568465948 0.9989020824432373
0.482086718082428 0.8606736660003662 -0.003925406839698553 0.9979725480079651
0.6022598743438721 1.0382883548736572 -0.21822983026504517 0.6652913689613342
0.47924938797950745 1.1129539012908936 -0.015332192182540894 0.5293680429458618
0.5866575241088867 1.3107128143310547 0.1322566419839859 0.0027776514180004597
0.4773975610733032 1.3262640237808228 0.2911600172519684 0.008577250875532627
0.5860029458999634 1.3461467027664185 0.16113616526126862 0.00673083309084177
0.4747072458267212 1.3660340309143066 0.31499412655830383 0.00855275709182024
0.5814866423606873 1.3970670700073242 -0.006658304017037153 0.0013202432310208678
0.4870355427265167 1.400170087814331 0.13500989973545074 0.00414272490888834
