0.5352146625518799 0.41027528047561646 -0.2802346646785736 0.9986603260040283
0.5409110188484192 0.3904370069503784 -0.2541792094707489 0.9986023306846619
0.5443130135536194 0.3910982608795166 -0.2543450593948364 0.9990724325180054
0.5486040115356445 0.39217180013656616 -0.2545807361602783 0.9988822340965271
0.5259344577789307 0.38886207342147827 -0.26053470373153687 0.9980765581130981
0.5192461609840393 0.3891124129295349 -0.2606578767299652 0.998489260673523
0.5136112570762634 0.3899729251861572 -0.260846346616745 0.9981414079666138
0.5516690015792847 0.40352940559387207 -0.10267768800258636 0.9994513392448425
0.5027374625205994 0.40443354845046997 -0.13315412402153015 0.9991803765296936
0.5413036942481995 0.4362086057662964 -0.22175391018390656 0.9993267059326172
0.522243857383728 0.4373339116573334 -0.23102213442325592 0.9992577433586121
0.5906236171722412 0.540675699710846 -0.033703338354825974 0.9992382526397705
0.4559096693992615 0.5380263328552246 -0.04296530410647392 0.9978688955307007
0.6123141050338745 0.6975609064102173 -0.1282270848751068 0.9057287573814392
0.42830196022987366 0.7069575786590576 -0.14048583805561066 0.8654541969299316
0.6041674017906189 0.7231358885765076 -0.4005034267902374 0.7225674390792847
0.46106892824172974 0.7393185496330261 -0.389142781496048 0.695455014705658
0.6034474968910217 0.730112612247467 -0.4618005156517029 0.6741294264793396
0.4689464271068573 0.7536358833312988 -0.44509729743003845 0.6139044761657715
0.6017531752586365 0.7015977501869202 -0.4661010503768921 0.7028314471244812
0.47355136275291443 0.7267621755599976 -0.4488148093223572 0.637927234172821
0.5978680849075317 0.7001795172691345 -0.4088769257068634 0.6976321339607239
0.474443256855011 0.7176220417022705 -0.3969781994819641 0.6460937857627869
0.5747866034507751 0.8501173853874207 -0.0033091031946241856 0.9932094216346741
0.4801994860172272 0.8606585264205933 0.004122229292988777 0.9942540526390076
0.5978772640228271 1.0771667957305908 -0.10189806669950485 0.5988748669624329
0.4615823030471802 1.0708693265914917 -0.16243842244148254 0.689784049987793
0.591736376285553 1.2630908489227295 0.3488926887512207 0.007829722948372364
0.47623956203460693 1.27021062374115 0.23025022447109222 0.027447247877717018
0.5887521505355835 1.290857195854187 0.3900511562824249 0.02059311419725418
0.4789218604564667 1.299553632736206 0.266689270734787 0.0501694455742836
0.5879600048065186 1.349295973777771 0.2566372752189636 0.003619908355176449
0.4833969175815582 1.349591851234436 0.10900135338306427 0.01193437073379755
