0.5360725522041321 0.37156936526298523 -0.34590819478034973 0.9999657869338989
0.5446608066558838 0.34628552198410034 -0.3195377290248871 0.9999853372573853
0.5498335957527161 0.34673723578453064 -0.31965717673301697 0.9999843835830688
0.5549858808517456 0.3474382758140564 -0.3199672996997833 0.9999861717224121
0.5259866118431091 0.34632745385169983 -0.32185015082359314 0.9999722242355347
0.51898193359375 0.34660694003105164 -0.3218303322792053 0.9999594688415527
0.5123610496520996 0.34782859683036804 -0.32189399003982544 0.9999599456787109
0.5623802542686462 0.3608911633491516 -0.15903711318969727 0.9999908208847046
0.5032776594161987 0.36389848589897156 -0.17066988348960876 0.9999716281890869
0.5456872582435608 0.40161633491516113 -0.28405100107192993 0.9999841451644897
0.523703932762146 0.40166765451431274 -0.2878967225551605 0.9999722242355347
0.6023266315460205 0.4965650737285614 -0.08036652207374573 0.9999009370803833
0.45954588055610657 0.49305662512779236 -0.08553943037986755 0.9994401335716248
0.6303452849388123 0.6838156580924988 -0.26971837878227234 0.9822400212287903
0.42647314071655273 0.6844781041145325 -0.3048011362552643 0.9752576947212219
0.6263744831085205 0.48565635085105896 -0.5625921487808228 0.9939969778060913
0.44674861431121826 0.5078610181808472 -0.6216045022010803 0.9923205971717834
0.6218773722648621 0.43099111318588257 -0.6191246509552002 0.9852140545845032
0.44488847255706787 0.46228012442588806 -0.6776031851768494 0.9805091619491577
0.6221736669540405 0.418224960565567 -0.5932848453521729 0.9840072989463806
0.44516104459762573 0.4475390911102295 -0.6580991744995117 0.9775829315185547
0.6200732588768005 0.4397399425506592 -0.5581268668174744 0.9752530455589294
0.4489935040473938 0.4639282524585724 -0.6216081380844116 0.9696681499481201
0.591122031211853 0.8129944205284119 0.005733428988605738 0.9974564909934998
0.48963096737861633 0.8229696154594421 -0.005572810769081116 0.9955253005027771
0.6860422492027283 0.9788028001785278 -0.2623046338558197 0.9566535353660583
0.41089093685150146 1.0230252742767334 -0.18010564148426056 0.9177464246749878
0.6447455883026123 1.1474450826644897 0.09875175356864929 0.3617873191833496
0.49222898483276367 1.1656348705291748 0.20243914425373077 0.16721603274345398
0.6293757557868958 1.161882996559143 0.136065274477005 0.36506387591362
0.5066601634025574 1.1726311445236206 0.24311788380146027 0.15844595432281494
0.6554582118988037 1.249495267868042 0.046693895012140274 0.2278619408607483
0.4921490550041199 1.2514961957931519 0.16400694847106934 0.07249069213867188
