0.5378233790397644 0.3708019256591797 -0.506240963935852 0.9999051094055176
0.5459333062171936 0.34615078568458557 -0.4837799072265625 0.9999575614929199
0.5508300065994263 0.346565842628479 -0.4838769733905792 0.9999572038650513
0.5560058951377869 0.3470502197742462 -0.48417380452156067 0.9999573230743408
0.5275704860687256 0.3451574146747589 -0.4875914752483368 0.9999288320541382
0.5207253098487854 0.3446419835090637 -0.4876301884651184 0.9999083280563354
0.5139217972755432 0.34495845437049866 -0.4877302944660187 0.9998972415924072
0.5626965761184692 0.3589761257171631 -0.3161214292049408 0.9999749660491943
0.5037882924079895 0.35993868112564087 -0.3345772325992584 0.9999372959136963
0.5466424822807312 0.40107518434524536 -0.43950024247169495 0.9999680519104004
0.5251608490943909 0.40133094787597656 -0.445316880941391 0.999956488609314
0.6005449295043945 0.4921864867210388 -0.20519016683101654 0.999808132648468
0.4586482048034668 0.4853511154651642 -0.22978562116622925 0.9993208646774292
0.6288089752197266 0.688083827495575 -0.39521005749702454 0.986415684223175
0.42679157853126526 0.6909276247024536 -0.46101516485214233 0.9836848974227905
0.6233211159706116 0.4860374629497528 -0.7082191109657288 0.9954505562782288
0.45443856716156006 0.5215609073638916 -0.7883227467536926 0.9927682876586914
0.6173757314682007 0.4300691783428192 -0.7663987278938293 0.988203763961792
0.4577861428260803 0.47226059436798096 -0.8446299433708191 0.9804805517196655
0.6189703345298767 0.4162331819534302 -0.7421950697898865 0.9873411059379578
0.4569438099861145 0.454384982585907 -0.821613609790802 0.9773019552230835
0.6165724992752075 0.43860042095184326 -0.7040663957595825 0.9788351058959961
0.4603997468948364 0.4706096649169922 -0.785407304763794 0.9670949578285217
0.5933319330215454 0.808333158493042 0.013072783127427101 0.9939320087432861
0.48951977491378784 0.8212893605232239 -0.01296643540263176 0.9921174645423889
0.6898322701454163 0.9793933033943176 -0.23236162960529327 0.9665457606315613
0.4122679829597473 1.017353892326355 -0.18233655393123627 0.9306937456130981
0.6307899355888367 1.1026854515075684 0.18114763498306274 0.3073209822177887
0.4919699728488922 1.1348782777786255 0.19897274672985077 0.17323485016822815
0.6156524419784546 1.1038823127746582 0.2241005003452301 0.29590004682540894
0.5032779574394226 1.1370971202850342 0.23920893669128418 0.14164413511753082
0.6266329884529114 1.1981478929519653 0.15349674224853516 0.19710397720336914
0.5025491714477539 1.2078630924224854 0.16134072840213776 0.08107618242502213
