0.5390371084213257 0.37660297751426697 -0.32292070984840393 0.9999459981918335
0.5468279719352722 0.35140320658683777 -0.30005258321762085 0.9999754428863525
0.5512785315513611 0.35174569487571716 -0.30014410614967346 0.9999750852584839
0.5562341809272766 0.352088063955307 -0.30036112666130066 0.9999734163284302
0.5289131999015808 0.3503933548927307 -0.30867433547973633 0.9999641180038452
0.5217496752738953 0.34987443685531616 -0.3086417615413666 0.9999490976333618
0.5149024724960327 0.34983861446380615 -0.3087283670902252 0.9999414682388306
0.5619149804115295 0.3631967008113861 -0.15147970616817474 0.9999822378158569
0.5039008259773254 0.363240510225296 -0.19177046418190002 0.9999659061431885
0.547423779964447 0.406267374753952 -0.2644720673561096 0.9999815225601196
0.5266979336738586 0.4059341847896576 -0.27655062079429626 0.9999797344207764
0.5964701175689697 0.4949357807636261 -0.07144709676504135 0.9998816251754761
0.4604727327823639 0.49337491393089294 -0.13029828667640686 0.9995107650756836
0.6294007897377014 0.6778824329376221 -0.22272679209709167 0.9901823401451111
0.4257354736328125 0.6941412091255188 -0.3123053312301636 0.9879130721092224
0.6173208951950073 0.48601871728897095 -0.4994499981403351 0.9978755712509155
0.46543624997138977 0.5417388081550598 -0.5586336255073547 0.9953719973564148
0.6142286062240601 0.4300295412540436 -0.5467697381973267 0.994461715221405
0.47390589118003845 0.498016357421875 -0.6014803051948547 0.9868098497390747
0.6138940453529358 0.41752535104751587 -0.528283953666687 0.9937455654144287
0.4715437889099121 0.47913607954978943 -0.5817807912826538 0.9841992855072021
0.6104305982589722 0.43875616788864136 -0.49651914834976196 0.9902114272117615
0.4740660488605499 0.4906546175479889 -0.5542792081832886 0.9787409901618958
0.5923725962638855 0.8120666742324829 0.025705499574542046 0.9970542192459106
0.4881773293018341 0.829815685749054 -0.025613946840167046 0.9939847588539124
0.6919299364089966 0.9775604009628296 -0.1543731987476349 0.9872810244560242
0.42313462495803833 1.0384657382965088 -0.14917264878749847 0.9513004422187805
0.6250923871994019 1.0294466018676758 0.1982453465461731 0.28404518961906433
0.48364993929862976 1.0155949592590332 0.1848403513431549 0.11936867982149124
0.605035662651062 1.015324354171753 0.2378803938627243 0.277461439371109
0.49438562989234924 1.0024282932281494 0.22349363565444946 0.11105776578187943
0.6211787462234497 1.118893027305603 0.2269098311662674 0.1865786761045456
0.49503716826438904 1.0578093528747559 0.20361389219760895 0.06896249949932098
