0.5444417595863342 0.36693263053894043 -0.1933699995279312 0.9999750852584839
0.551646888256073 0.34528401494026184 -0.16693361103534698 0.999982476234436
0.5565671920776367 0.34616249799728394 -0.16702471673488617 0.9999783039093018
0.5614093542098999 0.3472382426261902 -0.16719652712345123 0.9999788999557495
0.5341011881828308 0.34348416328430176 -0.17316772043704987 0.9999831914901733
0.5261527895927429 0.34334152936935425 -0.17313601076602936 0.9999758005142212
0.5197213292121887 0.3439445495605469 -0.1732853204011917 0.9999786615371704
0.568329393863678 0.36298274993896484 -0.02060787007212639 0.9999796152114868
0.5104036331176758 0.3589962124824524 -0.05332782119512558 0.9999940395355225
0.5531010031700134 0.39911720156669617 -0.13702262938022614 0.9999861717224121
0.5314493179321289 0.399039089679718 -0.1468263566493988 0.9999942779541016
0.5996063947677612 0.49796319007873535 0.04820585250854492 0.9998816251754761
0.4624113142490387 0.49500414729118347 0.00864457618445158 0.9998838901519775
0.6282733678817749 0.6746982932090759 -0.1054234430193901 0.9888017177581787
0.4264991879463196 0.6653752326965332 -0.0836915448307991 0.9808894991874695
0.5889576077461243 0.48516207933425903 -0.3750179409980774 0.9940840601921082
0.4836268424987793 0.7337045073509216 -0.23753248155117035 0.9337490200996399
0.5818957090377808 0.4294138252735138 -0.4313827157020569 0.9846735000610352
0.5011392831802368 0.7695295810699463 -0.2672067880630493 0.8564866185188293
0.5818180441856384 0.4197430908679962 -0.40194350481033325 0.9834145903587341
0.5132351517677307 0.7453417778015137 -0.2615569233894348 0.8513367176055908
0.5797864198684692 0.43568360805511475 -0.36888137459754944 0.9729816317558289
0.5100258588790894 0.7325022220611572 -0.23498348891735077 0.8250092267990112
0.5931676626205444 0.8088816404342651 0.0062500955536961555 0.9982672929763794
0.48839080333709717 0.8217409253120422 -0.006069237366318703 0.998026430606842
0.6881523728370667 0.9824050068855286 -0.163948193192482 0.9533421397209167
0.418163925409317 1.027974009513855 -0.1400373876094818 0.9238005876541138
0.6272602677345276 1.1786140203475952 0.09204991906881332 0.5030587911605835
0.4864965081214905 1.1856669187545776 0.1695026010274887 0.2168869972229004
0.6121345162391663 1.1963040828704834 0.11823734641075134 0.5124614834785461
0.4975149929523468 1.1965816020965576 0.20179860293865204 0.24375692009925842
0.630977988243103 1.2669562101364136 0.0260053388774395 0.3561845123767853
0.4887557923793793 1.2554173469543457 0.12831783294677734 0.09772013127803802
