0.5401375889778137 0.3629719316959381 -0.4050407111644745 0.9999837875366211
0.54701828956604 0.33972495794296265 -0.3756905794143677 0.9999877214431763
0.5515369176864624 0.34024202823638916 -0.37578344345092773 0.9999878406524658
0.5569854974746704 0.34062665700912476 -0.3759946823120117 0.999987006187439
0.5295068621635437 0.3396521210670471 -0.3797917366027832 0.999985933303833
0.5220369100570679 0.34066498279571533 -0.37979546189308167 0.9999836683273315
0.515496015548706 0.34207063913345337 -0.3799158036708832 0.9999818801879883
0.5623759627342224 0.3561471402645111 -0.20528559386730194 0.9999916553497314
0.5061012506484985 0.3588350713253021 -0.22550292313098907 0.9999932050704956
0.5484312772750854 0.39222100377082825 -0.3412792980670929 0.999996542930603
0.5272994637489319 0.3937118649482727 -0.347135066986084 0.9999973773956299
0.603598415851593 0.5123006105422974 -0.10479220747947693 0.9999644756317139
0.4589109718799591 0.5028653740882874 -0.12769754230976105 0.9999105930328369
0.6359195113182068 0.708307147026062 -0.2341633141040802 0.9939940571784973
0.4241456985473633 0.6675271987915039 -0.2454557716846466 0.9918301701545715
0.6070903539657593 0.674964189529419 -0.5891706943511963 0.991869330406189
0.4748779237270355 0.7581228017807007 -0.5119888782501221 0.9597456455230713
0.5981993079185486 0.6779560446739197 -0.6680625081062317 0.9816091656684875
0.48974287509918213 0.7870590090751648 -0.5673466920852661 0.9199391007423401
0.5921676754951477 0.6437413096427917 -0.6579892635345459 0.9826013445854187
0.5025987029075623 0.7595508694648743 -0.572327733039856 0.9200226068496704
0.5912777185440063 0.6377683877944946 -0.5912339091300964 0.9693172574043274
0.5009949207305908 0.7473353743553162 -0.5164604187011719 0.8934354186058044
0.5924312472343445 0.8243411183357239 0.00469925906509161 0.9957233667373657
0.4862302541732788 0.8352155685424805 -0.004277999047189951 0.9940577745437622
0.6858377456665039 0.9800238609313965 -0.36482706665992737 0.9559828639030457
0.4199899435043335 1.024837851524353 -0.25193047523498535 0.9265451431274414
0.6291806101799011 1.2325868606567383 -0.10001467913389206 0.597011387348175
0.4848787486553192 1.2415037155151367 0.04713037982583046 0.24821209907531738
0.6136925220489502 1.263413667678833 -0.07810084521770477 0.5572107434272766
0.49577125906944275 1.2626930475234985 0.07299396395683289 0.2121828943490982
0.6418535709381104 1.3222335577011108 -0.2237599492073059 0.3641758859157562
0.4841192364692688 1.325433373451233 -0.05141714587807655 0.09035613387823105
