0.5388219356536865 0.4043148159980774 -0.4051054120063782 0.9999843835830688
0.5450929403305054 0.38404253125190735 -0.37863531708717346 0.9999489784240723
0.5490594506263733 0.3846677541732788 -0.3786977231502533 0.9999732971191406
0.5534786581993103 0.38582202792167664 -0.3787649869918823 0.9999531507492065
0.5303645133972168 0.3822210133075714 -0.38510996103286743 0.9999271631240845
0.5236566662788391 0.3819597661495209 -0.38517218828201294 0.9999505281448364
0.5178375244140625 0.38256001472473145 -0.3853176236152649 0.9999057054519653
0.5558777451515198 0.3979070484638214 -0.2199716717004776 0.9999662637710571
0.506565272808075 0.396578311920166 -0.24935851991176605 0.9999768733978271
0.545382559299469 0.43179377913475037 -0.3458021879196167 0.9999905824661255
0.5259010195732117 0.432267427444458 -0.3546709716320038 0.9999921321868896
0.5922395586967468 0.5410748720169067 -0.10641083121299744 0.9999887943267822
0.45647186040878296 0.5317690372467041 -0.1297951340675354 0.9999123811721802
0.6343560814857483 0.7098724842071533 -0.21380554139614105 0.9979585409164429
0.4218805730342865 0.7198485136032104 -0.10285837203264236 0.9950616955757141
0.6814313530921936 0.6272811889648438 -0.5017687082290649 0.9975123405456543
0.4090558588504791 0.868906557559967 -0.20333243906497955 0.9638104438781738
0.6993109583854675 0.596620500087738 -0.5517076253890991 0.9886099100112915
0.3959323465824127 0.9204177856445312 -0.2137683928012848 0.8920783400535583
0.6968984603881836 0.5784035921096802 -0.5510510802268982 0.9897463321685791
0.40121427178382874 0.9309035539627075 -0.24788005650043488 0.9089767932891846
0.6908091902732849 0.5856425762176514 -0.5086259841918945 0.988679826259613
0.4102480709552765 0.9146593809127808 -0.21670153737068176 0.9162101745605469
0.5785365700721741 0.8501187562942505 0.0071920063346624374 0.9957256317138672
0.4817200303077698 0.8542652726173401 -0.00619336636736989 0.9911044836044312
0.5873445868492126 1.1025751829147339 -0.2999022901058197 0.39170095324516296
0.486179381608963 1.0973600149154663 -0.27445879578590393 0.3546924591064453
0.589668333530426 1.329777479171753 -0.051156412810087204 0.0036917568650096655
0.4923950433731079 1.3304426670074463 -0.13357892632484436 0.00822491105645895
0.591461718082428 1.3663723468780518 -0.03491157665848732 0.011870871298015118
0.4891354441642761 1.3701014518737793 -0.1271752566099167 0.011342998594045639
0.5762650370597839 1.4161045551300049 -0.20466715097427368 0.003181805834174156
0.5090246200561523 1.4072908163070679 -0.31713077425956726 0.008017430081963539
