0.5409059524536133 0.4039067029953003 -0.3995240032672882 0.9999518394470215
0.5476738214492798 0.383913516998291 -0.3731306493282318 0.9998749494552612
0.5515395402908325 0.38455939292907715 -0.37318676710128784 0.999924898147583
0.5559322237968445 0.38553017377853394 -0.3732641339302063 0.999896764755249
0.5317274332046509 0.38216543197631836 -0.38016432523727417 0.9998575448989868
0.5247735977172852 0.38225412368774414 -0.3802277445793152 0.9998853206634521
0.5191569924354553 0.3831213712692261 -0.38042959570884705 0.9998370409011841
0.5582712292671204 0.39880865812301636 -0.2145136445760727 0.9999192953109741
0.5082393288612366 0.39819446206092834 -0.2447918802499771 0.999968409538269
0.5472241640090942 0.4323606789112091 -0.33994704484939575 0.9999812841415405
0.5271919965744019 0.4330020546913147 -0.34936410188674927 0.9999874830245972
0.5934153199195862 0.5377659797668457 -0.1125689223408699 0.9999752044677734
0.4574601352214813 0.5310205221176147 -0.11944515258073807 0.9999029636383057
0.6493074893951416 0.7028765678405762 -0.26350077986717224 0.9991325736045837
0.42108631134033203 0.7220043540000916 -0.049293454736471176 0.9934945702552795
0.6688799262046814 0.5379191040992737 -0.5345463156700134 0.9979221224784851
0.40721163153648376 0.8883911967277527 -0.11572551727294922 0.9665025472640991
0.671232283115387 0.4885517358779907 -0.5829150080680847 0.9867025017738342
0.3912141025066376 0.9471651911735535 -0.1226992979645729 0.8907349109649658
0.6661256551742554 0.4760742783546448 -0.5656508803367615 0.9862596988677979
0.4008082151412964 0.9555260539054871 -0.15804553031921387 0.9059749841690063
0.6632521152496338 0.48876410722732544 -0.5338449478149414 0.9839199185371399
0.40915030241012573 0.9401083588600159 -0.12916673719882965 0.9122585654258728
0.5795082449913025 0.8558427095413208 0.002327427500858903 0.9922680258750916
0.4825266897678375 0.8559208512306213 -0.0013060378842055798 0.9931324124336243
0.585835337638855 1.1333351135253906 -0.2414398491382599 0.17599350214004517
0.4777488708496094 1.0911846160888672 -0.3360961675643921 0.25244536995887756
0.5857023596763611 1.359191656112671 0.0017932553309947252 0.00105695566162467
0.4870463013648987 1.3429698944091797 -0.16803975403308868 0.005734083708375692
0.5870978236198425 1.3962039947509766 0.01682448573410511 0.004305522423237562
0.4851889908313751 1.3868242502212524 -0.15852077305316925 0.009767305105924606
0.5702610611915588 1.4466972351074219 -0.16488927602767944 0.0013945006066933274
0.5000145435333252 1.4214839935302734 -0.3567875623703003 0.00895681232213974
