0.5409126281738281 0.4177611470222473 -0.48043397068977356 0.9999884366989136
0.5478106737136841 0.39622730016708374 -0.45651790499687195 0.9999634027481079
0.5519777536392212 0.39717844128608704 -0.45654046535491943 0.9999825954437256
0.5559712648391724 0.3981899619102478 -0.45659974217414856 0.9999666213989258
0.531760573387146 0.39242619276046753 -0.4628573954105377 0.9999580383300781
0.5256078839302063 0.3916112780570984 -0.4629502296447754 0.9999754428863525
0.5198603868484497 0.3916250467300415 -0.4631264805793762 0.9999496936798096
0.5583125352859497 0.407487690448761 -0.2898598313331604 0.9999854564666748
0.5076165199279785 0.40209996700286865 -0.31930461525917053 0.9999923706054688
0.5471572279930115 0.44287851452827454 -0.4163861870765686 0.999993085861206
0.5276065468788147 0.4392835199832916 -0.42557862401008606 0.9999945163726807
0.5920208692550659 0.5334609746932983 -0.17449453473091125 0.999994158744812
0.45502370595932007 0.5298476815223694 -0.1549939513206482 0.9999583959579468
0.661736249923706 0.6578571200370789 -0.3194919526576996 0.9998517036437988
0.420143187046051 0.7274245023727417 -0.023693948984146118 0.9972624778747559
0.6743918657302856 0.479745090007782 -0.6196162104606628 0.9994080066680908
0.40418770909309387 0.8902417421340942 -0.04435617849230766 0.9859906435012817
0.6774857640266418 0.42591047286987305 -0.6762889623641968 0.9961973428726196
0.38923680782318115 0.9374457001686096 -0.04162586107850075 0.9571139812469482
0.6711302995681763 0.411015123128891 -0.6604642868041992 0.9960885047912598
0.3965410888195038 0.952133297920227 -0.08182119578123093 0.962454617023468
0.6679006218910217 0.43225449323654175 -0.6203157901763916 0.995206892490387
0.4051165282726288 0.9362301230430603 -0.05708146095275879 0.9636863470077515
0.5786668658256531 0.8577593564987183 -0.007637822534888983 0.9978470802307129
0.4813074469566345 0.8593055605888367 0.008555928245186806 0.996802806854248
0.587215781211853 1.132443904876709 -0.255858838558197 0.4117288589477539
0.482814759016037 1.1160807609558105 -0.20709700882434845 0.43170496821403503
0.5828171968460083 1.3653582334518433 0.019261982291936874 0.005437271203845739
0.49328985810279846 1.3631879091262817 -0.03222660347819328 0.013469112105667591
0.5838583707809448 1.3984320163726807 0.0393950417637825 0.01922730728983879
0.49140283465385437 1.4019747972488403 -0.022412119433283806 0.03480914607644081
0.5670903921127319 1.456416368484497 -0.13796639442443848 0.0039054688531905413
0.5081976652145386 1.4444500207901 -0.21227626502513885 0.008887158706784248
