0.5375824570655823 0.39819830656051636 -0.4155917763710022 0.9999765157699585
0.5438240170478821 0.3800538182258606 -0.3889007270336151 0.9999058246612549
0.5473777055740356 0.3808673024177551 -0.3889773190021515 0.9999539852142334
0.551044762134552 0.3820396959781647 -0.3889960050582886 0.9999083280563354
0.5281031727790833 0.37769243121147156 -0.396275132894516 0.9998669624328613
0.522020697593689 0.37788888812065125 -0.3964003026485443 0.9999213218688965
0.5165492296218872 0.37892669439315796 -0.39657047390937805 0.9998268485069275
0.5542241334915161 0.3941118121147156 -0.23629523813724518 0.9999510049819946
0.507429301738739 0.3930213451385498 -0.2678532898426056 0.9999620914459229
0.5445230007171631 0.426626056432724 -0.35968244075775146 0.9999836683273315
0.5255908370018005 0.4270283281803131 -0.36911123991012573 0.9999833106994629
0.5914729237556458 0.5371108055114746 -0.13280832767486572 0.9999874830245972
0.45515966415405273 0.5327346324920654 -0.15723060071468353 0.9998857975006104
0.6404163241386414 0.7018541097640991 -0.2411370575428009 0.9992115497589111
0.4241923689842224 0.7283870577812195 -0.1378798931837082 0.9970478415489197
0.6933217644691467 0.6257930994033813 -0.5062991380691528 0.9980819225311279
0.40723735094070435 0.8937086462974548 -0.24520783126354218 0.9808291792869568
0.7078336477279663 0.5880604982376099 -0.5511744618415833 0.9905962944030762
0.39325228333473206 0.9341063499450684 -0.2536401152610779 0.9422861337661743
0.7048424482345581 0.5703790187835693 -0.5494149923324585 0.9915536046028137
0.39896485209465027 0.9453404545783997 -0.292057067155838 0.952183723449707
0.6986452341079712 0.5849072933197021 -0.511598527431488 0.991430938243866
0.40688592195510864 0.9327964782714844 -0.25997328758239746 0.9583667516708374
0.5760416388511658 0.8382604718208313 -0.0008788947016000748 0.9980529546737671
0.48203399777412415 0.843662440776825 0.0018127267248928547 0.9965571165084839
0.5813526511192322 1.0922573804855347 -0.3073132336139679 0.45244544744491577
0.4704555869102478 1.0765974521636963 -0.23499301075935364 0.4681914150714874
0.581207811832428 1.2989516258239746 -0.0007148769218474627 0.00347744207829237
0.4696277379989624 1.2890238761901855 -0.037949394434690475 0.008849361911416054
0.5828857421875 1.3319239616394043 0.022130416706204414 0.012128816917538643
0.46669772267341614 1.3266241550445557 -0.025017110630869865 0.016606535762548447
0.5675658583641052 1.3821907043457031 -0.13616521656513214 0.0023449768777936697
0.4785264730453491 1.3633158206939697 -0.19443705677986145 0.0069190203212201595
