0.5328210592269897 0.4030694365501404 -0.4128836989402771 0.9999797344207764
0.5413811206817627 0.3851928114891052 -0.3876037895679474 0.9999370574951172
0.5451022386550903 0.3858189582824707 -0.3877246081829071 0.9999657869338989
0.5486617684364319 0.3869010806083679 -0.38775941729545593 0.9999479055404663
0.5247308611869812 0.38374948501586914 -0.39210832118988037 0.9999127388000488
0.5183031558990479 0.3841373920440674 -0.39212337136268616 0.9999359846115112
0.5127628445625305 0.38531774282455444 -0.3922726809978485 0.9998816251754761
0.5530999302864075 0.3986039459705353 -0.2311515212059021 0.9999626874923706
0.5037499070167542 0.3976065218448639 -0.24944087862968445 0.9999555349349976
0.5412041544914246 0.43045082688331604 -0.35488101840019226 0.9999895095825195
0.5205007195472717 0.43006253242492676 -0.3603536784648895 0.9999891519546509
0.5920854210853577 0.5372948050498962 -0.11938135325908661 0.9999923706054688
0.45486435294151306 0.5306774377822876 -0.12674646079540253 0.999940037727356
0.6345130205154419 0.7004835605621338 -0.20405691862106323 0.9978989362716675
0.4223572313785553 0.7208344340324402 -0.1027185246348381 0.9953076243400574
0.6955416202545166 0.6785663962364197 -0.524560272693634 0.997247040271759
0.4032682180404663 0.8816267848014832 -0.23632363975048065 0.9618843793869019
0.7151113748550415 0.6532431840896606 -0.5849272608757019 0.9893626570701599
0.3884866535663605 0.9309453964233398 -0.25708839297294617 0.9022154808044434
0.7134716510772705 0.6366958618164062 -0.6043238043785095 0.9910802245140076
0.3967783749103546 0.9425427913665771 -0.3015342950820923 0.9174712300300598
0.7057559490203857 0.6475257873535156 -0.5408239364624023 0.9897430539131165
0.40484508872032166 0.928183376789093 -0.2552376091480255 0.9192295074462891
0.5742284655570984 0.848015308380127 0.0037414340768009424 0.9940556287765503
0.47492143511772156 0.8500176072120667 -0.0027611437253654003 0.9861331582069397
0.5847259759902954 1.0937039852142334 -0.310065358877182 0.327399343252182
0.48012542724609375 1.0983667373657227 -0.2360963225364685 0.2846553325653076
0.5839677453041077 1.3276476860046387 -0.09206836670637131 0.012601918540894985
0.4843684732913971 1.3366451263427734 -0.1232520267367363 0.015785198658704758
0.5841625928878784 1.3615237474441528 -0.07981545478105545 0.027605818584561348
0.4815617799758911 1.3737190961837769 -0.1207326352596283 0.022961009293794632
0.5719205141067505 1.4104835987091064 -0.26398229598999023 0.009977939538657665
0.4972461462020874 1.4112884998321533 -0.31864720582962036 0.013577098026871681
