0.5720105767250061 0.38566774129867554 -0.29373088479042053 0.9999967813491821
0.5845332741737366 0.36535853147506714 -0.2685365080833435 0.999988317489624
0.5891762971878052 0.36650121212005615 -0.2685335874557495 0.9999938011169434
0.5940467119216919 0.36792993545532227 -0.26852864027023315 0.999984860420227
0.5658259987831116 0.3629934787750244 -0.2726052403450012 0.9999876022338867
0.559281051158905 0.3626723885536194 -0.272725909948349 0.999993085861206
0.554335355758667 0.36204761266708374 -0.2728738784790039 0.9999856948852539
0.6018950343132019 0.3826483488082886 -0.13100750744342804 0.9999908208847046
0.5490818619728088 0.37579160928726196 -0.15303470194339752 0.9999974966049194
0.5810250639915466 0.4137209951877594 -0.24299941956996918 0.9999960660934448
0.5592247247695923 0.4104282557964325 -0.24997563660144806 0.9999977350234985
0.629546046257019 0.535999059677124 -0.05591040104627609 0.9999845027923584
0.5075891017913818 0.5155199766159058 -0.06992799788713455 0.999968409538269
0.6687536239624023 0.7277538180351257 -0.21716268360614777 0.9998904466629028
0.4795517921447754 0.703250527381897 -0.08168137818574905 0.9972726702690125
0.6410353183746338 0.5380052924156189 -0.47410839796066284 0.9998897314071655
0.5078039765357971 0.8348885178565979 -0.2074802964925766 0.9971640706062317
0.6416361927986145 0.47357046604156494 -0.5242154002189636 0.9993983507156372
0.5078237056732178 0.8857442736625671 -0.2284165769815445 0.991380512714386
0.6383110284805298 0.46124693751335144 -0.4898802936077118 0.9993313550949097
0.5256399512290955 0.8725751638412476 -0.23328755795955658 0.9918648600578308
0.6328652501106262 0.4825785458087921 -0.4652830958366394 0.9993705153465271
0.5280750393867493 0.8575156331062317 -0.20852389931678772 0.9937098026275635
0.6150561571121216 0.844793438911438 0.0049502113834023476 0.9999241828918457
0.5239207744598389 0.8473109602928162 -0.0039057161193341017 0.9998950958251953
0.6189656853675842 1.0872904062271118 -0.04516648128628731 0.2750178277492523
0.5277341604232788 1.08152437210083 -0.08749552816152573 0.29643332958221436
0.6163499355316162 1.2857390642166138 0.3072655498981476 9.051701636053622e-05
0.5312331914901733 1.2874524593353271 0.19852204620838165 0.0003905746270902455
0.6192941665649414 1.3216092586517334 0.3384675979614258 0.0006058799335733056
0.5268207788467407 1.3278194665908813 0.2226729542016983 0.0009579362813383341
0.602006733417511 1.3755097389221191 0.22149524092674255 7.2569637268316e-05
0.550265371799469 1.363710880279541 0.07358414679765701 0.00041919469367712736
