0.5719164609909058 0.3897553086280823 -0.25287267565727234 0.9999960660934448
0.5838091373443604 0.37011927366256714 -0.23172369599342346 0.9999825954437256
0.5894829034805298 0.3710293173789978 -0.2316942662000656 0.9999902248382568
0.5938602089881897 0.3725220561027527 -0.23172211647033691 0.9999792575836182
0.5661298632621765 0.3683846592903137 -0.23113569617271423 0.9999836683273315
0.5602378249168396 0.3678501844406128 -0.23122546076774597 0.9999904632568359
0.556247889995575 0.3678635358810425 -0.23135949671268463 0.9999827146530151
0.6019449830055237 0.3852423429489136 -0.11123181134462357 0.999987006187439
0.550492525100708 0.3803848624229431 -0.1105116680264473 0.999996542930603
0.581474244594574 0.4175119400024414 -0.20751255750656128 0.9999936819076538
0.5605595707893372 0.4126567840576172 -0.20796675980091095 0.9999964237213135
0.6299516558647156 0.5285533666610718 -0.047284290194511414 0.9999730587005615
0.5079196095466614 0.5113070011138916 -0.030380357056856155 0.999964714050293
0.6729069948196411 0.6926029920578003 -0.21061255037784576 0.9998660087585449
0.4799115061759949 0.6959748268127441 -0.03571432828903198 0.9968408346176147
0.6494863033294678 0.48086032271385193 -0.4337453246116638 0.9998188614845276
0.5074373483657837 0.8366075754165649 -0.1453470140695572 0.9971098303794861
0.6414740085601807 0.4198838770389557 -0.4796338379383087 0.998953104019165
0.5069893002510071 0.8865739107131958 -0.1616058349609375 0.9903046488761902
0.6377983093261719 0.40718698501586914 -0.440900593996048 0.998823344707489
0.524215042591095 0.8751893639564514 -0.16733722388744354 0.9909663200378418
0.6357758641242981 0.4285261034965515 -0.42252540588378906 0.9989814162254333
0.5266015529632568 0.8590183854103088 -0.14700350165367126 0.9931421279907227
0.6151043176651001 0.8325454592704773 -0.0007678096881136298 0.9999604225158691
0.5246018767356873 0.8340375423431396 0.0017313206335529685 0.9999457597732544
0.6219385266304016 1.073787808418274 -0.10394059866666794 0.47081997990608215
0.5213117003440857 1.074771761894226 -0.06502240151166916 0.49396100640296936
0.6146098375320435 1.2770709991455078 0.22373546659946442 0.0001861059427028522
0.523872971534729 1.2784371376037598 0.21577291190624237 0.0007522777887061238
0.6162850856781006 1.314661979675293 0.2538548409938812 0.0009964354103431106
0.5206248760223389 1.3187260627746582 0.2404034435749054 0.0014578396221622825
0.5982664227485657 1.366219162940979 0.1416824609041214 0.00012731637980323285
0.535596489906311 1.35477876663208 0.11276943981647491 0.0005391136510297656
