0.5718640685081482 0.3909001052379608 -0.2634490132331848 0.999993085861206
0.5837557911872864 0.3704094886779785 -0.2403583526611328 0.9999667406082153
0.5888935923576355 0.37102317810058594 -0.2403753101825714 0.9999802112579346
0.5936971306800842 0.3720255494117737 -0.24044381082057953 0.9999575614929199
0.5663325786590576 0.36939728260040283 -0.2402031272649765 0.9999676942825317
0.5605124831199646 0.36897170543670654 -0.24030154943466187 0.9999790191650391
0.5558607578277588 0.3689521551132202 -0.24043960869312286 0.9999622106552124
0.6023439764976501 0.38585513830184937 -0.11128928512334824 0.9999750852584839
0.5512543320655823 0.3821767568588257 -0.11259946972131729 0.999992847442627
0.5810989141464233 0.42005255818367004 -0.21468357741832733 0.9999920129776001
0.5609532594680786 0.41592133045196533 -0.21582189202308655 0.9999954700469971
0.6314607262611389 0.5326677560806274 -0.04103044047951698 0.9999568462371826
0.5079466700553894 0.5143722295761108 -0.02461913786828518 0.9999239444732666
0.6741132140159607 0.6920508146286011 -0.2074032425880432 0.9996247291564941
0.47839879989624023 0.6992735862731934 -0.04168975353240967 0.9941761493682861
0.6541494727134705 0.4930590093135834 -0.44753625988960266 0.9996825456619263
0.5078060626983643 0.8391170501708984 -0.1792697161436081 0.9952451586723328
0.6491613984107971 0.43935588002204895 -0.499086856842041 0.9982166886329651
0.507912278175354 0.8890292048454285 -0.19918611645698547 0.9846020936965942
0.6449558734893799 0.425261914730072 -0.45987144112586975 0.9980428218841553
0.5253934264183044 0.8781771659851074 -0.2060018926858902 0.9856040477752686
0.6432474255561829 0.4431220293045044 -0.43643656373023987 0.9980980753898621
0.527060866355896 0.8617112040519714 -0.18163029849529266 0.9876255393028259
0.6150462031364441 0.8342209458351135 -0.0029235193505883217 0.999915599822998
0.5254898071289062 0.8374654650688171 0.0037920132745057344 0.9998788833618164
0.6246851086616516 1.0631555318832397 -0.20025834441184998 0.6644039154052734
0.5145195126533508 1.0682727098464966 -0.12982679903507233 0.70609050989151
0.6201397180557251 1.2626900672912598 0.1389118731021881 0.0007370238890871406
0.5198793411254883 1.2678354978561401 0.18425880372524261 0.003251975169405341
0.6209120154380798 1.3006186485290527 0.16919566690921783 0.0032964260317385197
0.5188549757003784 1.307163119316101 0.21162700653076172 0.0043721250258386135
0.6065139770507812 1.3502652645111084 0.04466062784194946 0.0005148584023118019
0.5287176370620728 1.3435417413711548 0.07597745954990387 0.0019391175592318177
