0.5318503379821777 0.4092908203601837 -0.31832244992256165 0.9999957084655762
0.538497269153595 0.3880334496498108 -0.2933137118816376 0.9999933242797852
0.5421411991119385 0.3887965679168701 -0.29336193203926086 0.9999958276748657
0.5465062856674194 0.3895794153213501 -0.2934487760066986 0.9999927282333374
0.520979106426239 0.38540613651275635 -0.295318603515625 0.9999911785125732
0.5148027539253235 0.38558000326156616 -0.29549068212509155 0.9999939203262329
0.509347140789032 0.38693469762802124 -0.2956070005893707 0.9999892711639404
0.5508191585540771 0.4000570774078369 -0.14116963744163513 0.999997615814209
0.5007862448692322 0.40096914768218994 -0.15253806114196777 0.9999964237213135
0.5396803617477417 0.4347996413707733 -0.26063504815101624 0.9999983310699463
0.5192423462867737 0.4358913004398346 -0.2646586000919342 0.9999978542327881
0.594660222530365 0.5407383441925049 -0.04397241398692131 0.9999854564666748
0.4538145661354065 0.5390489101409912 -0.04552643373608589 0.9999247789382935
0.6454468965530396 0.7358676195144653 -0.18525701761245728 0.999503493309021
0.4039977192878723 0.7256541848182678 -0.1741921752691269 0.9982876181602478
0.6255652904510498 0.6162549257278442 -0.4997599422931671 0.9995974898338318
0.4341752827167511 0.6865850687026978 -0.4789976477622986 0.9987789988517761
0.60929936170578 0.5828630924224854 -0.5614505410194397 0.9982984662055969
0.44804006814956665 0.6832072138786316 -0.5305217504501343 0.9955742359161377
0.6132540106773376 0.5520784854888916 -0.540120005607605 0.9982447624206543
0.45405036211013794 0.6486824154853821 -0.5180675983428955 0.9954952001571655
0.6149068474769592 0.5631741285324097 -0.49619293212890625 0.9979901313781738
0.45250409841537476 0.6505094766616821 -0.4789276421070099 0.9953616261482239
0.581345796585083 0.8577386736869812 0.001023271237500012 0.9998177886009216
0.4844863712787628 0.8646852970123291 -6.107818535383558e-06 0.9996274709701538
0.5968673825263977 1.0916610956192017 -0.20949281752109528 0.8378684520721436
0.47649335861206055 1.1164889335632324 -0.008342008106410503 0.7004984617233276
0.5994595289230347 1.3013019561767578 0.13699457049369812 0.0035458931233733892
0.47234487533569336 1.318160057067871 0.3259616792201996 0.007630069274455309
0.6004264950752258 1.3369330167770386 0.16723895072937012 0.011012843810021877
0.4706486463546753 1.3558582067489624 0.3536263406276703 0.007482917979359627
0.5919480919837952 1.387247085571289 0.014645766466856003 0.0018167798407375813
0.4822266399860382 1.3918616771697998 0.18922914564609528 0.0033883852884173393
