0.534497082233429 0.4107944965362549 -0.15664246678352356 0.9999991655349731
0.5398075580596924 0.3896905779838562 -0.12703953683376312 0.9999984502792358
0.5442610383033752 0.3899776339530945 -0.1269264966249466 0.9999991655349731
0.5484490990638733 0.3906540870666504 -0.1269579976797104 0.9999985694885254
0.5246394872665405 0.3884398341178894 -0.12908196449279785 0.9999973773956299
0.5178657174110413 0.3882822096347809 -0.1291288435459137 0.9999984502792358
0.5120788216590881 0.3889186978340149 -0.1291431337594986 0.9999973773956299
0.5532987117767334 0.40314945578575134 0.01584663987159729 0.9999996423721313
0.5008928179740906 0.404066264629364 0.004859818611294031 0.9999992847442627
0.5414766073226929 0.43774983286857605 -0.10467549413442612 0.9999994039535522
0.5237172245979309 0.4372638463973999 -0.10880887508392334 0.9999991655349731
0.5917860269546509 0.5350229740142822 0.05700095742940903 0.9999984502792358
0.4567549526691437 0.5412395000457764 0.04609982296824455 0.9999927282333374
0.6571641564369202 0.7083864212036133 -0.15063421428203583 0.9996687173843384
0.39692363142967224 0.7062575221061707 -0.1782090663909912 0.9994407296180725
0.615574300289154 0.562396764755249 -0.40028414130210876 0.9998807907104492
0.44842255115509033 0.5974116325378418 -0.4305868446826935 0.9998929500579834
0.6005708575248718 0.5152269005775452 -0.4450778663158417 0.9990321397781372
0.46783196926116943 0.5570294857025146 -0.47133609652519226 0.9992941617965698
0.6008886694908142 0.49560755491256714 -0.4021628201007843 0.9988576173782349
0.4706175923347473 0.5319636464118958 -0.43404096364974976 0.9991294741630554
0.6013185977935791 0.5098294019699097 -0.3886492848396301 0.9989907145500183
0.46796515583992004 0.5447795391082764 -0.42137712240219116 0.9991331696510315
0.5740616321563721 0.8391029238700867 0.010196005925536156 0.9998103976249695
0.4791276156902313 0.8457434177398682 -0.008709782734513283 0.9994613528251648
0.5766580700874329 1.0791702270507812 -0.2195976823568344 0.34588390588760376
0.47684425115585327 1.079798936843872 -0.03398745507001877 0.1991766095161438
0.5748091340065002 1.2819247245788574 0.06322551518678665 0.0001134027261286974
0.4724198281764984 1.2855503559112549 0.18545028567314148 0.00033990692463703454
0.5755417346954346 1.3183128833770752 0.08765251189470291 0.00106730533298105
0.4680344760417938 1.324181079864502 0.20227187871932983 0.0004223542637191713
0.5640758872032166 1.367136836051941 -0.06070639565587044 0.00015845872985664755
0.48694074153900146 1.361351490020752 0.038629528135061264 0.0003615131718106568
