0.5290480852127075 0.41047218441963196 -0.26989811658859253 0.9999891519546509
0.5361586213111877 0.3887774646282196 -0.2424801141023636 0.9999666213989258
0.5406259298324585 0.38907530903816223 -0.24240608513355255 0.9999786615371704
0.5449879169464111 0.38974729180336 -0.24248959124088287 0.9999639987945557
0.5209458470344543 0.3885389268398285 -0.23774294555187225 0.9999551773071289
0.5158735513687134 0.38893750309944153 -0.23798641562461853 0.9999731779098511
0.5106412768363953 0.38976359367370605 -0.2380334734916687 0.9999600648880005
0.5520113110542297 0.40217939019203186 -0.1002863422036171 0.99998939037323
0.5013749599456787 0.4036538004875183 -0.07991155982017517 0.9999843835830688
0.538672685623169 0.4361179769039154 -0.2169392704963684 0.9999879598617554
0.5197930335998535 0.4385685920715332 -0.21198788285255432 0.9999823570251465
0.5954160690307617 0.5432867407798767 -0.04957875236868858 0.9999370574951172
0.4595382809638977 0.5349240303039551 -0.019669322296977043 0.999900221824646
0.6569728255271912 0.6781660318374634 -0.25673407316207886 0.9993764758110046
0.39978721737861633 0.6737377047538757 -0.24376925826072693 0.9994757771492004
0.6059686541557312 0.5177634954452515 -0.4567282795906067 0.9996370077133179
0.4702322781085968 0.5327953100204468 -0.46524012088775635 0.9999263286590576
0.5917825102806091 0.4774952530860901 -0.4948366582393646 0.9978410005569458
0.48566755652427673 0.48830747604370117 -0.501899242401123 0.9993516802787781
0.5866290926933289 0.4656898081302643 -0.4427397549152374 0.9975070357322693
0.487564355134964 0.4768122434616089 -0.4571549594402313 0.9991713762283325
0.5861293077468872 0.4785510003566742 -0.43849995732307434 0.9974955916404724
0.4873526394367218 0.49081793427467346 -0.45173904299736023 0.9990063309669495
0.5763320922851562 0.843403160572052 -0.008192882873117924 0.9996479749679565
0.4803383946418762 0.8466819524765015 0.008880198001861572 0.9995183944702148
0.5808187127113342 1.0602655410766602 -0.3834821581840515 0.9321946501731873
0.465058833360672 1.0785491466522217 -0.23792815208435059 0.9408096671104431
0.5810210108757019 1.2624857425689697 -0.03889378532767296 0.009915920905768871
0.46743080019950867 1.2731002569198608 0.10295864194631577 0.0236494280397892
0.5812649130821228 1.298639178276062 -0.006900861859321594 0.045627009123563766
0.46825549006462097 1.306670904159546 0.1343914121389389 0.025504684075713158
0.574232816696167 1.3450615406036377 -0.14420609176158905 0.006466822233051062
0.46823593974113464 1.3476983308792114 -0.009094259701669216 0.009964227676391602
