0.5342487096786499 0.41916555166244507 -0.44493669271469116 0.9996216297149658
0.5410395264625549 0.3973217010498047 -0.4144015312194824 0.9996283054351807
0.5455965399742126 0.39787742495536804 -0.41440078616142273 0.9995094537734985
0.5500436425209045 0.3985845446586609 -0.4145999848842621 0.9995118379592896
0.5271770358085632 0.3946243226528168 -0.41680794954299927 0.9995512366294861
0.5212571620941162 0.39372676610946655 -0.41688087582588196 0.9994263648986816
0.5157846212387085 0.39380165934562683 -0.4169789254665375 0.9993783235549927
0.5548273921012878 0.4081284999847412 -0.2492193877696991 0.9995368719100952
0.5031293034553528 0.4037225544452667 -0.260710746049881 0.9995848536491394
0.5400145649909973 0.44511163234710693 -0.3830685615539551 0.9998798370361328
0.5238033533096313 0.4465247392654419 -0.38721102476119995 0.9998617172241211
0.5893890261650085 0.536727786064148 -0.17228642106056213 0.9992623925209045
0.46105891466140747 0.5242906808853149 -0.18131420016288757 0.9977375268936157
0.6471577882766724 0.6822227239608765 -0.37759169936180115 0.9957505464553833
0.41113269329071045 0.6624878644943237 -0.40594345331192017 0.9943477511405945
0.594232976436615 0.5298318862915039 -0.5849307775497437 0.9952142238616943
0.4819856286048889 0.5243759751319885 -0.617284893989563 0.9908621311187744
0.5815656781196594 0.48682600259780884 -0.6189285516738892 0.9756190776824951
0.4929793179035187 0.4786089360713959 -0.6513043642044067 0.9534279704093933
0.5770302414894104 0.47507742047309875 -0.5731763243675232 0.9688746929168701
0.4958428144454956 0.4702799618244171 -0.6115342378616333 0.9312247037887573
0.5752984285354614 0.48725375533103943 -0.5677423477172852 0.9517034292221069
0.4967132806777954 0.4869765043258667 -0.6031197905540466 0.8883646726608276
0.5653566718101501 0.8019169569015503 -0.0012258479837328196 0.9969813227653503
0.47795569896698 0.8012884855270386 0.0013558801729232073 0.9965143799781799
0.613692045211792 0.9180306196212769 -0.4463081955909729 0.7605287432670593
0.4185658395290375 0.8422589898109436 -0.423046737909317 0.7358788251876831
0.5677778124809265 1.0403544902801514 -0.08482279628515244 0.04329796880483627
0.4535524249076843 1.0131880044937134 -0.09227392077445984 0.07073725014925003
0.5571548938751221 1.0537678003311157 -0.04835154488682747 0.11631456017494202
0.46515971422195435 1.0356441736221313 -0.0591454841196537 0.08829009532928467
0.5703817009925842 1.1113357543945312 -0.14715023338794708 0.050670795142650604
0.44392240047454834 1.093156099319458 -0.17076751589775085 0.06058906763792038
