0.5336390137672424 0.40381625294685364 -0.35488441586494446 0.999957799911499
0.5398544073104858 0.38325029611587524 -0.3259342908859253 0.9999567270278931
0.5441778898239136 0.38443171977996826 -0.32596415281295776 0.9999595880508423
0.5482595562934875 0.385974645614624 -0.3261382281780243 0.9999500513076782
0.5244780778884888 0.3824479877948761 -0.3285796046257019 0.9999241828918457
0.5185002088546753 0.3835049271583557 -0.3287474811077118 0.9999270439147949
0.5129494667053223 0.38555383682250977 -0.3288758397102356 0.9999150037765503
0.5537144541740417 0.4001992642879486 -0.1636935919523239 0.9999788999557495
0.502691388130188 0.4019889831542969 -0.17652837932109833 0.9999673366546631
0.541291356086731 0.43135374784469604 -0.29395681619644165 0.9999873638153076
0.5221166610717773 0.43163061141967773 -0.2984488308429718 0.999983549118042
0.5932045578956604 0.5309935212135315 -0.0770711749792099 0.999902606010437
0.45899397134780884 0.527165949344635 -0.09141166508197784 0.9993357062339783
0.6499914526939392 0.7084206342697144 -0.27550187706947327 0.9993176460266113
0.39963313937187195 0.6776824593544006 -0.3012438714504242 0.9978020787239075
0.6222533583641052 0.577014684677124 -0.5549676418304443 0.999321699142456
0.4587218165397644 0.5457242727279663 -0.5907617807388306 0.9990770816802979
0.6101916432380676 0.5406342148780823 -0.6050105690956116 0.9962220191955566
0.45938852429389954 0.5401822328567505 -0.6371309757232666 0.9936462640762329
0.6116905808448792 0.5135440826416016 -0.563477098941803 0.9961110949516296
0.4774399399757385 0.4864843189716339 -0.6082252860069275 0.9926746487617493
0.612232506275177 0.5292543172836304 -0.5423421263694763 0.9949836730957031
0.477010041475296 0.502537727355957 -0.5836414694786072 0.991168737411499
0.5708638429641724 0.8278114199638367 0.0017627214547246695 0.9987525939941406
0.47829851508140564 0.83436119556427 -0.0012498653959482908 0.9988957643508911
0.5909124612808228 1.043993353843689 -0.2793634533882141 0.8751663565635681
0.45190417766571045 1.0155692100524902 -0.31156715750694275 0.9172430634498596
0.5798930525779724 1.223470687866211 0.11168377101421356 0.015697158873081207
0.46050846576690674 1.2266302108764648 0.0197273101657629 0.06624799966812134
0.577791154384613 1.2509105205535889 0.14565838873386383 0.03940510377287865
0.46335330605506897 1.2608981132507324 0.04823511466383934 0.041540782898664474
0.5742385387420654 1.3087425231933594 0.00445517199113965 0.010005060583353043
0.46155083179473877 1.3054476976394653 -0.11744865030050278 0.034639474004507065
