0.5355147123336792 0.4160844385623932 -0.43724438548088074 0.999998927116394
0.5426883697509766 0.3931843340396881 -0.4055381119251251 0.9999963045120239
0.5467680096626282 0.3935449421405792 -0.40554046630859375 0.9999982118606567
0.5515403747558594 0.39452168345451355 -0.4055207669734955 0.9999954700469971
0.5259681344032288 0.3909449577331543 -0.40677085518836975 0.9999948740005493
0.5191542506217957 0.3902245759963989 -0.4069589078426361 0.9999973773956299
0.5133746266365051 0.3902374804019928 -0.40698227286338806 0.9999922513961792
0.5555852055549622 0.40529143810272217 -0.22190618515014648 0.9999985694885254
0.5041191577911377 0.4040675163269043 -0.2300277054309845 0.9999972581863403
0.5421494841575623 0.4443786144256592 -0.3704372048377991 0.9999994039535522
0.5229454040527344 0.4447088837623596 -0.37363120913505554 0.9999986886978149
0.5908901691436768 0.5435819625854492 -0.12437376379966736 0.999996542930603
0.45316874980926514 0.5456336736679077 -0.12281233817338943 0.9999649524688721
0.6494388580322266 0.7003316879272461 -0.3532135784626007 0.9998672008514404
0.3867476284503937 0.7238692045211792 -0.3416922986507416 0.9999170303344727
0.6587633490562439 0.6049669981002808 -0.7452564239501953 0.9999661445617676
0.40475893020629883 0.5970611572265625 -0.705795407295227 0.9999908208847046
0.6486526727676392 0.5713218450546265 -0.8141006231307983 0.9997579455375671
0.41719716787338257 0.5578049421310425 -0.7632951140403748 0.9999319314956665
0.6465486884117126 0.5451177358627319 -0.789418637752533 0.9997262358665466
0.4217948317527771 0.5343322157859802 -0.7373038530349731 0.9999207258224487
0.6463851928710938 0.5554249286651611 -0.7431603074073792 0.999713122844696
0.4205375909805298 0.5505143404006958 -0.7015940546989441 0.9999023675918579
0.5751707553863525 0.8506379723548889 0.00048161583254113793 0.9997742772102356
0.4785654842853546 0.8700608611106873 0.000761452887672931 0.9992159605026245
0.5776297450065613 1.090551495552063 -0.3953014016151428 0.6715211272239685
0.47709110379219055 1.1294124126434326 0.035876575857400894 0.4303784668445587
0.5809640884399414 1.3114228248596191 -0.07963909953832626 0.0004427262756507844
0.4725969433784485 1.318825364112854 0.4157394766807556 0.0005918056704103947
0.58234041929245 1.351519227027893 -0.054639782756567 0.001900153118185699
0.46766188740730286 1.3525645732879639 0.4462498426437378 0.0007099588983692229
0.5746930837631226 1.39132821559906 -0.24350790679454803 0.0002479384420439601
0.48809611797332764 1.395200490951538 0.2629019320011139 0.00035213364753872156
