0.5371676683425903 0.4184931814670563 -0.29043614864349365 0.9999524354934692
0.5427079796791077 0.39464062452316284 -0.26429077982902527 0.9999302625656128
0.5466929078102112 0.3947562575340271 -0.2643829584121704 0.9999216794967651
0.550696611404419 0.3952428102493286 -0.26455432176589966 0.999880313873291
0.528045117855072 0.39366844296455383 -0.26842358708381653 0.9999129772186279
0.5217859148979187 0.39320307970046997 -0.26852038502693176 0.999896764755249
0.5163350105285645 0.39347994327545166 -0.268581748008728 0.9998372793197632
0.5542948246002197 0.4066421091556549 -0.12215451896190643 0.9999316930770874
0.5060886144638062 0.40617135167121887 -0.1413583755493164 0.9999294281005859
0.5432602763175964 0.4425058364868164 -0.23805275559425354 0.9999896287918091
0.5250959992408752 0.44252312183380127 -0.24408192932605743 0.9999865293502808
0.589387059211731 0.543511152267456 -0.05008882284164429 0.9999551773071289
0.4560531675815582 0.5455172061920166 -0.0527445524930954 0.999700665473938
0.6475530862808228 0.7096112966537476 -0.2060997188091278 0.9929074048995972
0.39471346139907837 0.7278093099594116 -0.22588835656642914 0.9983144998550415
0.6767097115516663 0.6679743528366089 -0.5015827417373657 0.9957322478294373
0.38729923963546753 0.6566736698150635 -0.5387613773345947 0.999298095703125
0.6727635860443115 0.627540111541748 -0.5509853959083557 0.9840220808982849
0.3878222107887268 0.6234925389289856 -0.579323947429657 0.997347354888916
0.6705158352851868 0.6060143709182739 -0.5350884795188904 0.984226644039154
0.3969828486442566 0.5937366485595703 -0.5701232552528381 0.9973382353782654
0.6678621768951416 0.6171294450759888 -0.5005423426628113 0.9838707447052002
0.3992568850517273 0.6059011816978455 -0.5397604703903198 0.9966769218444824
0.5742172002792358 0.8374714255332947 -0.006887586787343025 0.9985721111297607
0.4873832166194916 0.8529458045959473 0.007539959624409676 0.9955888986587524
0.5906267762184143 1.0225692987442017 -0.3691122233867645 0.6381105780601501
0.48347097635269165 1.0570919513702393 -0.002704380778595805 0.2964217960834503
0.5863754749298096 1.2212121486663818 -0.10517854988574982 0.0105510912835598
0.5000670552253723 1.2131242752075195 0.35918283462524414 0.00582763459533453
0.5840089321136475 1.257737159729004 -0.08331616222858429 0.03401079773902893
0.5059952139854431 1.2400155067443848 0.3900642991065979 0.006264129653573036
0.5904133319854736 1.299573302268982 -0.2197875678539276 0.00902513600885868
0.49398234486579895 1.2946473360061646 0.2719345986843109 0.004110516980290413
