0.542954683303833 0.4172684848308563 -0.20209196209907532 0.9999823570251465
0.547745406627655 0.3961080312728882 -0.17308248579502106 0.9999645948410034
0.5518613457679749 0.39696526527404785 -0.17330193519592285 0.9999760389328003
0.5555324554443359 0.397882342338562 -0.1734515130519867 0.9999673366546631
0.5346276164054871 0.39375853538513184 -0.17980530858039856 0.9999608993530273
0.5284461379051208 0.39321035146713257 -0.1798451840877533 0.9999635219573975
0.5220100283622742 0.39341163635253906 -0.17999768257141113 0.999936580657959
0.5545192360877991 0.4071728587150574 -0.020509755238890648 0.9999843835830688
0.5066123604774475 0.40340209007263184 -0.05036976560950279 0.999962329864502
0.5467592477798462 0.44494637846946716 -0.14578355848789215 0.9999874830245972
0.5306745767593384 0.4452548623085022 -0.154891237616539 0.9999780654907227
0.5927940607070923 0.543792724609375 0.04843432083725929 0.9999727010726929
0.454091876745224 0.5432538986206055 0.03757984936237335 0.999728262424469
0.6399145722389221 0.7269607186317444 -0.03420421853661537 0.987551748752594
0.4166373610496521 0.715507984161377 -0.09685879200696945 0.9859681129455566
0.6999006271362305 0.7569115161895752 -0.31837552785873413 0.9908350706100464
0.380309522151947 0.7255915403366089 -0.4244961142539978 0.9879738092422485
0.712988555431366 0.7446848154067993 -0.3726107180118561 0.9745571613311768
0.36422184109687805 0.7133603096008301 -0.4729534387588501 0.9760870337486267
0.7101904153823853 0.7181557416915894 -0.38949355483055115 0.9792497754096985
0.36497002840042114 0.6840517520904541 -0.4972775876522064 0.9796930551528931
0.7030592560768127 0.7222719192504883 -0.33366358280181885 0.9796451330184937
0.3698299527168274 0.6909224987030029 -0.4430878460407257 0.9783595204353333
0.5763931274414062 0.853191614151001 -0.005197839345782995 0.9963895678520203
0.47721415758132935 0.8667206168174744 0.006417249329388142 0.9915938377380371
0.5865718126296997 1.067327857017517 -0.38266217708587646 0.7108026146888733
0.4710891544818878 1.1137769222259521 -0.004678544122725725 0.31475159525871277
0.5858955979347229 1.2989399433135986 -0.23620063066482544 0.028064517304301262
0.47308674454689026 1.3325395584106445 0.24432186782360077 0.01882529817521572
0.5855552554130554 1.3366198539733887 -0.2273099720478058 0.05396721512079239
0.47518959641456604 1.3668638467788696 0.2606760263442993 0.01381047535687685
0.5805699825286865 1.3758950233459473 -0.40570342540740967 0.020684434100985527
0.4743504524230957 1.4054286479949951 0.08998163789510727 0.008213553577661514
