0.5500540137290955 0.3666420876979828 -0.5646058320999146 0.999983549118042
0.5584275722503662 0.3386269807815552 -0.5347860455513 0.9999784231185913
0.5636307001113892 0.33890795707702637 -0.5349079370498657 0.999985933303833
0.5686107873916626 0.339347243309021 -0.5352088809013367 0.9999808073043823
0.5403303503990173 0.3365962505340576 -0.5387705564498901 0.999968409538269
0.5314896106719971 0.33549290895462036 -0.5387980341911316 0.9999701976776123
0.5239637494087219 0.3353038430213928 -0.538915753364563 0.9999475479125977
0.5734817385673523 0.34824705123901367 -0.3356226086616516 0.9999918937683105
0.5108280181884766 0.3459054231643677 -0.3542235791683197 0.9999902248382568
0.5560122132301331 0.39640095829963684 -0.48684367537498474 0.9999935626983643
0.5346843600273132 0.39261797070503235 -0.49272093176841736 0.999994158744812
0.6052400469779968 0.485794335603714 -0.22137245535850525 0.9999895095825195
0.462527871131897 0.4850386381149292 -0.16687239706516266 0.9998857975006104
0.6423674821853638 0.680779218673706 -0.4039878845214844 0.9987591505050659
0.42754802107810974 0.690646767616272 -0.09095191955566406 0.9624108672142029
0.5845787525177002 0.5127349495887756 -0.7658577561378479 0.9979118704795837
0.4180358648300171 0.8735650777816772 -0.2205372005701065 0.8094086647033691
0.5688939690589905 0.4804588556289673 -0.8451399207115173 0.992202877998352
0.40976178646087646 0.9243643879890442 -0.24267737567424774 0.6837466955184937
0.5684709548950195 0.455087274312973 -0.8189153075218201 0.9921883344650269
0.4142737090587616 0.9309857487678528 -0.2874775230884552 0.7027084231376648
0.5698909759521484 0.4709559381008148 -0.7616921663284302 0.9848361611366272
0.41901957988739014 0.9121646285057068 -0.238337442278862 0.6799761056900024
0.5914086103439331 0.8232426643371582 -0.003966256510466337 0.9963567852973938
0.489913672208786 0.8224377632141113 0.004389213398098946 0.9939686059951782
0.6657556891441345 0.9974907636642456 -0.3808932602405548 0.9427607655525208
0.4271593689918518 0.9991066455841064 -0.3623492419719696 0.9327424168586731
0.6175649166107178 1.239245057106018 0.06117025390267372 0.3224666118621826
0.4729923903942108 1.2680463790893555 -0.004653856158256531 0.39447686076164246
0.6046773791313171 1.2580442428588867 0.10029123723506927 0.3611921966075897
0.48173853754997253 1.2950698137283325 0.025561384856700897 0.372279554605484
0.6154547929763794 1.341714859008789 -0.05088606849312782 0.15632250905036926
0.47406232357025146 1.3669710159301758 -0.14224432408809662 0.16685430705547333
