0.5426399111747742 0.37636643648147583 -0.7147412896156311 0.9999784231185913
0.553857684135437 0.3501620888710022 -0.6831281185150146 0.9999648332595825
0.5593772530555725 0.3504711389541626 -0.683230459690094 0.9999758005142212
0.5644983053207397 0.35087645053863525 -0.6835381984710693 0.9999666213989258
0.5333322286605835 0.3484962582588196 -0.6871436834335327 0.9999521970748901
0.5251516699790955 0.3474000096321106 -0.6872332096099854 0.999951958656311
0.5189731121063232 0.3465518355369568 -0.6873880624771118 0.9999163150787354
0.5720514059066772 0.3580160140991211 -0.46379920840263367 0.9999852180480957
0.5105832815170288 0.3547815680503845 -0.4833032190799713 0.9999885559082031
0.5522155165672302 0.40494951605796814 -0.6287651658058167 0.9999918937683105
0.527164876461029 0.4019310474395752 -0.6350438594818115 0.9999934434890747
0.6017252802848816 0.4771864116191864 -0.3197247385978699 0.9999880790710449
0.46454566717147827 0.4950389266014099 -0.2651127576828003 0.9998204112052917
0.6555344462394714 0.6541274785995483 -0.5383561849594116 0.9985435009002686
0.42917653918266296 0.7085175514221191 -0.16685985028743744 0.9185708165168762
0.6098911762237549 0.4526156485080719 -0.9342098236083984 0.997130811214447
0.4182910621166229 0.8856173753738403 -0.24686120450496674 0.596664547920227
0.5980576276779175 0.40722259879112244 -1.0187798738479614 0.9886770248413086
0.40897879004478455 0.9335959553718567 -0.2603829503059387 0.453124463558197
0.5938467383384705 0.3956548571586609 -0.9927757382392883 0.9880399107933044
0.41013553738594055 0.946256160736084 -0.30437344312667847 0.4745577871799469
0.5937706232070923 0.409782737493515 -0.9318096041679382 0.9751210808753967
0.41734251379966736 0.9300590753555298 -0.2635340690612793 0.44957220554351807
0.5947396755218506 0.8228311538696289 -0.00718733761459589 0.9951253533363342
0.49678611755371094 0.821764349937439 0.007712225429713726 0.992646336555481
0.6705979108810425 1.0016710758209229 -0.4173809289932251 0.9426794052124023
0.4376603960990906 1.0401611328125 -0.3831116855144501 0.9316205978393555
0.619008481502533 1.2410516738891602 0.05170464515686035 0.370980441570282
0.47073957324028015 1.2764875888824463 -0.018415169790387154 0.5292255878448486
0.6061534285545349 1.261120319366455 0.09116821736097336 0.4230234622955322
0.4799456298351288 1.3074486255645752 0.009408963844180107 0.47429439425468445
0.6174252033233643 1.3426880836486816 -0.09190256148576736 0.20489813387393951
0.4680653512477875 1.3775956630706787 -0.19510892033576965 0.2654556334018707
