0.5489450097084045 0.39224380254745483 -0.7287527322769165 0.999976396560669
0.5585753917694092 0.36413079500198364 -0.699236273765564 0.9999713897705078
0.5634785890579224 0.36412376165390015 -0.6993563175201416 0.9999792575836182
0.5679645538330078 0.36415743827819824 -0.6997038722038269 0.9999732971191406
0.5404729247093201 0.36091238260269165 -0.7049397826194763 0.999956488609314
0.5322768688201904 0.35850775241851807 -0.7050015330314636 0.9999511241912842
0.5253632068634033 0.3566524386405945 -0.7051315307617188 0.9999164342880249
0.5731790065765381 0.36596542596817017 -0.47610118985176086 0.9999879598617554
0.5143205523490906 0.3594260811805725 -0.5028402209281921 0.9999891519546509
0.5556144714355469 0.42035773396492004 -0.6389824151992798 0.9999909400939941
0.5321481227874756 0.41608095169067383 -0.6474929451942444 0.9999921321868896
0.6007440090179443 0.47521284222602844 -0.31378453969955444 0.9999899864196777
0.46364542841911316 0.49787384271621704 -0.2666771709918976 0.999858021736145
0.6511057615280151 0.6388624906539917 -0.5087891221046448 0.9980924725532532
0.427172988653183 0.711564302444458 -0.10969536751508713 0.9035952687263489
0.602401614189148 0.4353562891483307 -0.896539568901062 0.9969158172607422
0.4193909466266632 0.8810120820999146 -0.12441055476665497 0.5731034278869629
0.5928453207015991 0.39066582918167114 -0.9813518524169922 0.9882060885429382
0.4103196859359741 0.9394310116767883 -0.12611910700798035 0.4366025924682617
0.5898411870002747 0.3809049129486084 -0.9596022963523865 0.9876405596733093
0.4151892066001892 0.9449092745780945 -0.17597676813602448 0.461332231760025
0.5887804627418518 0.3979158103466034 -0.8961478471755981 0.9749133586883545
0.42155393958091736 0.9255557060241699 -0.1410672813653946 0.443751722574234
0.5916202068328857 0.819490909576416 -0.0051870387978851795 0.995724081993103
0.49312764406204224 0.8268644213676453 0.005800662562251091 0.9925324320793152
0.668903648853302 0.9914075136184692 -0.41845688223838806 0.9506796598434448
0.4358672499656677 1.0039474964141846 -0.34043559432029724 0.9115007519721985
0.6296356320381165 1.234541654586792 0.02000848576426506 0.3981468975543976
0.47521859407424927 1.2727365493774414 0.008106926456093788 0.3936764895915985
0.6146515607833862 1.2604482173919678 0.057031407952308655 0.4483524560928345
0.48532164096832275 1.3046952486038208 0.03471513092517853 0.3948093354701996
0.6377032995223999 1.3360172510147095 -0.12640906870365143 0.21093574166297913
0.4685235321521759 1.371727466583252 -0.1691323071718216 0.16969925165176392
