0.555115282535553 0.3915640115737915 -0.7053873538970947 0.9999649524688721
0.5639690160751343 0.362183153629303 -0.6727744340896606 0.9999552965164185
0.5684227347373962 0.36236876249313354 -0.6729086637496948 0.9999697208404541
0.5723912119865417 0.3623504638671875 -0.6732683181762695 0.9999592304229736
0.5460201501846313 0.3587435483932495 -0.6801661849021912 0.9999321699142456
0.5371546149253845 0.3566439747810364 -0.6802133321762085 0.9999279975891113
0.5291852355003357 0.3543757200241089 -0.6803532838821411 0.9998738765716553
0.5767244696617126 0.3651505708694458 -0.4426615834236145 0.9999794960021973
0.5151672959327698 0.35683441162109375 -0.478840172290802 0.9999821186065674
0.5614672303199768 0.41946834325790405 -0.6138313412666321 0.9999852180480957
0.5372549295425415 0.41582927107810974 -0.625012218952179 0.9999874830245972
0.6027047634124756 0.476210355758667 -0.28611496090888977 0.9999880790710449
0.46186622977256775 0.49586039781570435 -0.24260340631008148 0.999792754650116
0.6486340165138245 0.6425836086273193 -0.4670145809650421 0.9976160526275635
0.42861509323120117 0.7163112163543701 -0.0862947478890419 0.8673911094665527
0.6020000576972961 0.44215843081474304 -0.8394328951835632 0.9963687658309937
0.42038705945014954 0.8960585594177246 -0.11790168285369873 0.5250954031944275
0.5915554165840149 0.394761860370636 -0.9224238991737366 0.9858834147453308
0.4172225892543793 0.9444993138313293 -0.12140879780054092 0.39264532923698425
0.5895490050315857 0.3828417658805847 -0.8983543515205383 0.9856106638908386
0.4174049496650696 0.9489351511001587 -0.17284515500068665 0.42106539011001587
0.5882842540740967 0.4003574252128601 -0.8374539017677307 0.9718732237815857
0.4220447242259979 0.9391604065895081 -0.13530384004116058 0.4042745530605316
0.5921986103057861 0.8265429735183716 -0.002979816170409322 0.9952552914619446
0.4887767434120178 0.833751916885376 0.003690703772008419 0.9910101890563965
0.6675669550895691 0.9973116517066956 -0.4289029538631439 0.9340592622756958
0.43877384066581726 1.0596754550933838 -0.4257027804851532 0.8912598490715027
0.623080849647522 1.2595754861831665 -0.014974518679082394 0.2753971219062805
0.4595552682876587 1.2891194820404053 -0.06611953675746918 0.21328729391098022
0.6094534993171692 1.289689302444458 0.019909877330064774 0.35262125730514526
0.46642857789993286 1.3198626041412354 -0.03734287992119789 0.2448212206363678
0.6265425086021423 1.3613070249557495 -0.15966936945915222 0.13937585055828094
0.45741480588912964 1.3869571685791016 -0.23300620913505554 0.09279073029756546
