0.5532844662666321 0.3856496810913086 -0.7080108523368835 0.9999624490737915
0.5618609189987183 0.3598030209541321 -0.6750574707984924 0.999950647354126
0.5667225122451782 0.3597235679626465 -0.6751760244369507 0.9999649524688721
0.5710338950157166 0.35982590913772583 -0.6755247116088867 0.9999527931213379
0.5437381863594055 0.35568076372146606 -0.6828758120536804 0.999927282333374
0.5352329611778259 0.3525986075401306 -0.6829157471656799 0.9999167919158936
0.5278902053833008 0.34980297088623047 -0.6830371618270874 0.9998513460159302
0.5759093165397644 0.365070104598999 -0.4482026696205139 0.9999769926071167
0.514793872833252 0.3520013689994812 -0.48641636967658997 0.9999783039093018
0.5602893233299255 0.41568323969841003 -0.6184489130973816 0.9999874830245972
0.5352744460105896 0.4136584997177124 -0.630250871181488 0.9999897480010986
0.600540041923523 0.4772966206073761 -0.29450279474258423 0.9999881982803345
0.45865991711616516 0.49452441930770874 -0.26419761776924133 0.9998180270195007
0.6472082138061523 0.6518954038619995 -0.4849444329738617 0.9981229901313782
0.4279763996601105 0.7018275260925293 -0.11988475918769836 0.8978645205497742
0.6035177111625671 0.4565154016017914 -0.8671530485153198 0.9972876310348511
0.4173484742641449 0.8818213939666748 -0.15371516346931458 0.6232416033744812
0.5944035649299622 0.4080865681171417 -0.9516779780387878 0.9896663427352905
0.4110974669456482 0.9333106279373169 -0.15971888601779938 0.500239908695221
0.5912240147590637 0.395998477935791 -0.9286319017410278 0.9889827370643616
0.41262286901474 0.9369773268699646 -0.20877335965633392 0.5236709117889404
0.5896597504615784 0.4136114716529846 -0.8656864762306213 0.9777186512947083
0.4193831980228424 0.9177777171134949 -0.17048504948616028 0.4913480877876282
0.586383044719696 0.819242537021637 0.004755956120789051 0.9963377714157104
0.4866369068622589 0.826529860496521 -0.004123189020901918 0.9917076230049133
0.6668123602867126 0.9870610237121582 -0.448872447013855 0.9526710510253906
0.4396994411945343 1.0405561923980713 -0.37363189458847046 0.8766611218452454
0.625654935836792 1.2096129655838013 -0.01572047546505928 0.2940692901611328
0.4652976989746094 1.2576473951339722 0.008489915169775486 0.2027406394481659
0.6093790531158447 1.2351768016815186 0.021924126893281937 0.3966602087020874
0.473730206489563 1.2875839471817017 0.03869745880365372 0.2107190191745758
0.6345612406730652 1.3151565790176392 -0.15136858820915222 0.1644713431596756
0.46116161346435547 1.356803059577942 -0.15472830832004547 0.08854719996452332
