0.5458570122718811 0.3746323585510254 -0.5755338072776794 0.9999521970748901
0.5547613501548767 0.3491443395614624 -0.5515570044517517 0.9999289512634277
0.5600027441978455 0.34970295429229736 -0.5516862869262695 0.9999608993530273
0.5655785202980042 0.35032910108566284 -0.5520671606063843 0.9999440908432007
0.5358051657676697 0.34602659940719604 -0.5572597980499268 0.9998780488967896
0.5282443761825562 0.3440995216369629 -0.5572858452796936 0.9998855590820312
0.5217556953430176 0.3421453833580017 -0.5574072599411011 0.9997639060020447
0.5726941823959351 0.3600587844848633 -0.3607035279273987 0.9999712705612183
0.5094438791275024 0.3499394655227661 -0.38866621255874634 0.9999655485153198
0.5534270405769348 0.4047480523586273 -0.49820953607559204 0.9999815225601196
0.5308591723442078 0.4001478850841522 -0.506888210773468 0.9999829530715942
0.604193925857544 0.4840192496776581 -0.21521426737308502 0.9999873638153076
0.46187588572502136 0.4869179129600525 -0.17730508744716644 0.9998345375061035
0.6375011801719666 0.6750068664550781 -0.3674302399158478 0.9962213039398193
0.42803868651390076 0.6989065408706665 -0.00648872833698988 0.8955913186073303
0.6075044274330139 0.4879796802997589 -0.709621012210846 0.9918031096458435
0.4196709394454956 0.8804768323898315 0.0033734499011188745 0.5016500949859619
0.5967298150062561 0.4510602653026581 -0.7827300429344177 0.9734593629837036
0.4145624041557312 0.9299556016921997 0.006544787902384996 0.35106509923934937
0.5931212902069092 0.4359661340713501 -0.763470470905304 0.9741069674491882
0.4154353439807892 0.9344984889030457 -0.041330933570861816 0.37514376640319824
0.5920359492301941 0.45014697313308716 -0.7084659337997437 0.9538387060165405
0.421271950006485 0.916560709476471 -0.011870917864143848 0.36615487933158875
0.5900583267211914 0.8232009410858154 0.004983512219041586 0.9965713024139404
0.48598626255989075 0.829571545124054 -0.004283892922103405 0.9915939569473267
0.6667349934577942 0.9899566769599915 -0.2910762131214142 0.9458460211753845
0.43264979124069214 1.0121147632598877 -0.1761290431022644 0.8648332953453064
0.6175424456596375 1.2735718488693237 0.07573159039020538 0.36035066843032837
0.45229658484458923 1.3042148351669312 0.205353245139122 0.2449713796377182
0.6028850078582764 1.304972529411316 0.1075248271226883 0.40263310074806213
0.4559519588947296 1.3354616165161133 0.23656795918941498 0.22682899236679077
0.6200746297836304 1.3784263134002686 -0.06536821275949478 0.17103026807308197
0.4493935704231262 1.403608798980713 0.05257955566048622 0.09155766665935516
