0.5408475995063782 0.36824774742126465 -0.40138232707977295 0.9997426867485046
0.5488386750221252 0.34617865085601807 -0.3760983645915985 0.999860405921936
0.5531614422798157 0.3468431830406189 -0.3761206865310669 0.9998072981834412
0.5583131313323975 0.3475484848022461 -0.3762991726398468 0.9998499155044556
0.5307053923606873 0.34482526779174805 -0.3798009157180786 0.9999058246612549
0.523432731628418 0.3449591398239136 -0.37980589270591736 0.9998729228973389
0.5170438289642334 0.3454359769821167 -0.3798750340938568 0.9999005794525146
0.5636430978775024 0.36136287450790405 -0.2316782921552658 0.9998279809951782
0.5072560906410217 0.3594328761100769 -0.24802778661251068 0.9999024868011475
0.549457311630249 0.40076807141304016 -0.34676092863082886 0.999925971031189
0.5278181433677673 0.40154221653938293 -0.35168373584747314 0.9999504089355469
0.6030685305595398 0.49854958057403564 -0.18259379267692566 0.9996707439422607
0.45913535356521606 0.4968835413455963 -0.21248547732830048 0.9996795654296875
0.6599794030189514 0.667178750038147 -0.36143526434898376 0.9953319430351257
0.40742722153663635 0.6620473265647888 -0.44428327679634094 0.9936428070068359
0.5801367163658142 0.5755797624588013 -0.6252630352973938 0.9888710379600525
0.5021827816963196 0.5779281854629517 -0.6732434034347534 0.9866006970405579
0.5581440329551697 0.5660643577575684 -0.6749458909034729 0.9702596664428711
0.5269635319709778 0.5756484270095825 -0.7202501893043518 0.9569788575172424
0.5553285479545593 0.5440568327903748 -0.6485257744789124 0.9663223028182983
0.5290089249610901 0.551508903503418 -0.6837151050567627 0.9474889039993286
0.557366132736206 0.5474010705947876 -0.616787314414978 0.9497932195663452
0.5241772532463074 0.553672194480896 -0.6599580645561218 0.9325699806213379
0.5965173840522766 0.8181460499763489 0.01397419162094593 0.9963801503181458
0.48750752210617065 0.8325901031494141 -0.014135738834738731 0.9965929388999939
0.6980051398277283 0.9898741841316223 -0.16023890674114227 0.9538211226463318
0.4117753207683563 1.0026476383209229 -0.17642566561698914 0.9059441685676575
0.6168138980865479 0.952479362487793 0.23371194303035736 0.06301014870405197
0.47285014390945435 0.966194748878479 0.18259400129318237 0.03342675790190697
0.5999017357826233 0.9201018214225769 0.2809368371963501 0.05338522791862488
0.4829970896244049 0.9505625367164612 0.2266690731048584 0.03478926420211792
0.5970340967178345 0.9975984692573547 0.3029813766479492 0.03612521290779114
0.4791797399520874 0.9812734127044678 0.24193856120109558 0.01806587167084217
