0.5369454026222229 0.3728867173194885 -0.41338080167770386 0.9991920590400696
0.5462636351585388 0.35116857290267944 -0.38755786418914795 0.9996228218078613
0.5511413216590881 0.3515845537185669 -0.38755157589912415 0.9994138479232788
0.5565504431724548 0.35221922397613525 -0.3877415359020233 0.999560534954071
0.5268208980560303 0.3501057028770447 -0.38823139667510986 0.9996514320373535
0.5194437503814697 0.3506075143814087 -0.388236939907074 0.9994168281555176
0.5131847262382507 0.3516843616962433 -0.38830894231796265 0.9995461106300354
0.5639285445213318 0.36369094252586365 -0.24531300365924835 0.9996035695075989
0.5048558115959167 0.3636503219604492 -0.2459702044725418 0.999609649181366
0.5461664795875549 0.40626075863838196 -0.3598245680332184 0.999887228012085
0.5238954424858093 0.4061848819255829 -0.36026522517204285 0.9998891353607178
0.5982767343521118 0.4992820918560028 -0.20048557221889496 0.9991200566291809
0.46307551860809326 0.4984455108642578 -0.21311740577220917 0.9986647367477417
0.656478226184845 0.6659462451934814 -0.4096963107585907 0.9969909191131592
0.4101350009441376 0.6621423959732056 -0.48136523365974426 0.9952752590179443
0.5811026096343994 0.5317879319190979 -0.648396372795105 0.9940128922462463
0.49512532353401184 0.5384782552719116 -0.7056249380111694 0.990009069442749
0.5605955123901367 0.49872639775276184 -0.6910179853439331 0.9781296253204346
0.5181520581245422 0.5066511631011963 -0.7501962780952454 0.9566474556922913
0.5608161091804504 0.4852057099342346 -0.6536584496498108 0.9730186462402344
0.5179650187492371 0.4913786053657532 -0.7051308751106262 0.9410773515701294
0.561949610710144 0.49804383516311646 -0.6356794834136963 0.9618359804153442
0.514863133430481 0.5042736530303955 -0.6908292770385742 0.923060953617096
0.5921483635902405 0.8167130351066589 0.013986193574965 0.9979791045188904
0.4897575378417969 0.8250921368598938 -0.014083614572882652 0.9952046871185303
0.695304274559021 0.9928539395332336 -0.22702251374721527 0.9777387976646423
0.4051860570907593 1.0123265981674194 -0.1613277792930603 0.9165924191474915
0.6170862317085266 1.012068748474121 0.1670638471841812 0.09041574597358704
0.4661056697368622 0.9649068117141724 0.18469052016735077 0.027399949729442596
0.5988906025886536 0.9981865882873535 0.21259228885173798 0.09433772414922714
0.47574901580810547 0.9540531635284424 0.22580906748771667 0.03168068081140518
0.6069642305374146 1.0714671611785889 0.2079589068889618 0.058685481548309326
0.4767874479293823 0.9846471548080444 0.22015538811683655 0.019774042069911957
