0.5349292159080505 0.37208497524261475 -0.24347037076950073 0.9998453855514526
0.5424843430519104 0.34877464175224304 -0.21827630698680878 0.9999403953552246
0.5478041172027588 0.3495885729789734 -0.2183687686920166 0.9999191761016846
0.5531243681907654 0.3502030074596405 -0.21864165365695953 0.9999415874481201
0.5246666073799133 0.3475000858306885 -0.21810047328472137 0.9999098777770996
0.5182216763496399 0.3473573327064514 -0.21808479726314545 0.9998519420623779
0.5119666457176208 0.3477669656276703 -0.21816226840019226 0.9998824596405029
0.5615324378013611 0.3631649613380432 -0.07326321303844452 0.999951958656311
0.5032957792282104 0.3639542758464813 -0.0720268040895462 0.9998906850814819
0.5451529622077942 0.40314871072769165 -0.1878238469362259 0.9999397993087769
0.523277759552002 0.40216463804244995 -0.18817086517810822 0.9999077320098877
0.6023020148277283 0.49688297510147095 -0.024196194484829903 0.9997608065605164
0.46220967173576355 0.49193769693374634 -0.027578989043831825 0.9991669654846191
0.6424990892410278 0.6622138619422913 -0.24084533751010895 0.9881399869918823
0.4197933077812195 0.6644553542137146 -0.25379666686058044 0.9743913412094116
0.6241458654403687 0.46135395765304565 -0.5217651724815369 0.9941433072090149
0.43906864523887634 0.4761541187763214 -0.5349087119102478 0.9908545017242432
0.6172722578048706 0.4027061462402344 -0.5705562829971313 0.9842048287391663
0.44204920530319214 0.4306982755661011 -0.585761308670044 0.9752517938613892
0.6161043643951416 0.3946959972381592 -0.5415298342704773 0.9816521406173706
0.4425058960914612 0.4218713045120239 -0.5607514977455139 0.9711857438087463
0.6141358613967896 0.408385306596756 -0.5153095126152039 0.9733301401138306
0.4452476501464844 0.438039094209671 -0.5325455665588379 0.9648714661598206
0.5917535424232483 0.814760684967041 0.00976706761866808 0.9988939166069031
0.48857077956199646 0.8275894522666931 -0.009868854656815529 0.9981504082679749
0.6958513855934143 0.9871364831924438 -0.13209611177444458 0.956616222858429
0.40625476837158203 1.0202831029891968 -0.0966973677277565 0.8971729874610901
0.6426697373390198 1.0281163454055786 0.31528088450431824 0.12008833140134811
0.48731300234794617 1.0384628772735596 0.2921546399593353 0.071383535861969
0.6274089813232422 1.0097464323043823 0.36801597476005554 0.133978933095932
0.5013839602470398 1.028779149055481 0.3393673002719879 0.07003801316022873
0.6394598484039307 1.1036852598190308 0.36191844940185547 0.0857023298740387
0.49332913756370544 1.0928717851638794 0.3204345405101776 0.0410197377204895
