0.5370456576347351 0.3761051297187805 -0.18274757266044617 0.9999548196792603
0.5452448725700378 0.35236042737960815 -0.1549355834722519 0.9999828338623047
0.5498128533363342 0.35250163078308105 -0.15502487123012543 0.9999785423278809
0.5546253323554993 0.35288920998573303 -0.15530118346214294 0.9999828338623047
0.5274550914764404 0.3516547679901123 -0.15987041592597961 0.9999711513519287
0.5209105610847473 0.35184571146965027 -0.159820094704628 0.9999533891677856
0.514890193939209 0.3524574041366577 -0.15989407896995544 0.9999604225158691
0.561057448387146 0.3625697195529938 0.005463355220854282 0.9999876022338867
0.5057993531227112 0.36512067914009094 -0.017476720735430717 0.9999772310256958
0.5457533001899719 0.40439724922180176 -0.12019915133714676 0.9999825954437256
0.5249887108802795 0.4038638472557068 -0.12758150696754456 0.999976634979248
0.5962870121002197 0.492474764585495 0.06786017119884491 0.9999148845672607
0.46143263578414917 0.47821882367134094 0.034781087189912796 0.999559223651886
0.6353798508644104 0.6645403504371643 -0.12549544870853424 0.9868594408035278
0.42045915126800537 0.6765425205230713 -0.18067966401576996 0.9682701230049133
0.6153591871261597 0.4736316204071045 -0.40941905975341797 0.9951871037483215
0.4547120928764343 0.5239654183387756 -0.46176716685295105 0.9843270182609558
0.6106027960777283 0.4167560040950775 -0.461190789937973 0.9862990975379944
0.47070667147636414 0.4806305468082428 -0.5091429948806763 0.9601060748100281
0.6111736297607422 0.40625429153442383 -0.4314049184322357 0.9843863844871521
0.46949106454849243 0.4633582532405853 -0.4874262511730194 0.9523839950561523
0.6078197956085205 0.42353060841560364 -0.4031045138835907 0.9749876856803894
0.46913355588912964 0.4759787619113922 -0.45903149247169495 0.9356165528297424
0.5886034369468689 0.8041969537734985 0.016508013010025024 0.999427318572998
0.48796743154525757 0.8213253021240234 -0.0164708960801363 0.998984158039093
0.6913818120956421 0.9854415059089661 -0.2174055278301239 0.9737797379493713
0.4105129539966583 1.0233803987503052 -0.20990616083145142 0.9074272513389587
0.6500256061553955 1.0901405811309814 0.17139331996440887 0.298299640417099
0.4981381595134735 1.1076525449752808 0.18856321275234222 0.11003729701042175
0.6344093084335327 1.0902503728866577 0.21453939378261566 0.3339274823665619
0.5118425488471985 1.103187084197998 0.23367969691753387 0.10366492718458176
0.658097505569458 1.1786421537399292 0.16114917397499084 0.20203591883182526
0.5091643333435059 1.1772217750549316 0.17616961896419525 0.0644121915102005
