0.5447679162025452 0.3867943286895752 -0.48638978600502014 0.9999830722808838
0.5531221032142639 0.36273467540740967 -0.46546486020088196 0.9999927282333374
0.5573347806930542 0.36321377754211426 -0.46550309658050537 0.9999916553497314
0.5618817806243896 0.36343371868133545 -0.4657323658466339 0.9999911785125732
0.5345431566238403 0.3590465784072876 -0.4729042053222656 0.9999905824661255
0.5267145037651062 0.3580217957496643 -0.4728595018386841 0.9999868869781494
0.5205029845237732 0.35744529962539673 -0.47292429208755493 0.9999861717224121
0.5668949484825134 0.37078434228897095 -0.2942487895488739 0.9999947547912598
0.5109039545059204 0.366672158241272 -0.33258378505706787 0.9999949932098389
0.5530379414558411 0.41571342945098877 -0.41672611236572266 0.9999959468841553
0.5307937860488892 0.41073644161224365 -0.4281357526779175 0.9999966621398926
0.5971928834915161 0.49251630902290344 -0.1765691637992859 0.9999747276306152
0.46036073565483093 0.496955931186676 -0.2167733758687973 0.9999377727508545
0.6284875273704529 0.6560707688331604 -0.33750006556510925 0.9954032897949219
0.4198816418647766 0.6822468042373657 -0.39832279086112976 0.9926474094390869
0.5917226076126099 0.46662071347236633 -0.6752095818519592 0.9983986020088196
0.47596657276153564 0.6217862367630005 -0.693420946598053 0.9932675361633301
0.5876299738883972 0.41304534673690796 -0.741859495639801 0.9957839846611023
0.5025944113731384 0.6112158894538879 -0.7463370561599731 0.9812662601470947
0.5872689485549927 0.4048227369785309 -0.7197094559669495 0.9953349232673645
0.5056799054145813 0.5833899974822998 -0.7303850650787354 0.9786034226417542
0.5839031338691711 0.42113685607910156 -0.6710559725761414 0.992066502571106
0.5028637051582336 0.5822521448135376 -0.6899318695068359 0.9706717133522034
0.5953457355499268 0.8008356094360352 0.019955521449446678 0.9986801743507385
0.490116685628891 0.8172248005867004 -0.019898707047104836 0.9975882768630981
0.7001791596412659 0.9861425161361694 -0.1954742968082428 0.9741186499595642
0.41055721044540405 1.0032703876495361 -0.19745908677577972 0.9368945360183716
0.6555109620094299 1.0946152210235596 0.16101428866386414 0.34029242396354675
0.47143083810806274 1.0535727739334106 0.1769208163022995 0.1164153665304184
0.6356601119041443 1.0949956178665161 0.1998698115348816 0.35486504435539246
0.4847664535045624 1.048560380935669 0.21997995674610138 0.1485750824213028
0.660886824131012 1.1861462593078613 0.14944835007190704 0.2064712643623352
0.475184828042984 1.1088751554489136 0.17913468182086945 0.052872005850076675
