0.548468291759491 0.38136470317840576 -0.300000935792923 0.9999498128890991
0.5552844405174255 0.35656821727752686 -0.27423372864723206 0.9999775886535645
0.5594602227210999 0.3574228882789612 -0.2743157148361206 0.9999725818634033
0.5645881295204163 0.35808658599853516 -0.27452901005744934 0.9999732971191406
0.5385503172874451 0.3542947769165039 -0.28083863854408264 0.9999736547470093
0.5303622484207153 0.35403645038604736 -0.2807709276676178 0.9999629259109497
0.5235790014266968 0.3540650010108948 -0.2808583080768585 0.9999668598175049
0.568834125995636 0.3697965741157532 -0.11366721987724304 0.9999798536300659
0.5131874084472656 0.36594659090042114 -0.14695709943771362 0.9999879598617554
0.5557645559310913 0.411943256855011 -0.23707517981529236 0.9999872446060181
0.5351264476776123 0.40870776772499084 -0.2469690442085266 0.9999923706054688
0.6015711426734924 0.49621883034706116 -0.03038376197218895 0.9999265670776367
0.46166548132896423 0.49794578552246094 -0.06531547755002975 0.9998260140419006
0.6248621344566345 0.6692051291465759 -0.18237751722335815 0.9941214919090271
0.42148837447166443 0.6764116883277893 -0.20534400641918182 0.9895700216293335
0.5821905732154846 0.46911442279815674 -0.4860284626483917 0.9975747466087341
0.480747252702713 0.6828489303588867 -0.4469168484210968 0.9809422492980957
0.5749585628509521 0.41586732864379883 -0.5510275363922119 0.9939007759094238
0.5043639540672302 0.694961428642273 -0.4940585196018219 0.9572490453720093
0.5764394402503967 0.4046076834201813 -0.5275169014930725 0.9931946992874146
0.5114909410476685 0.6647067070007324 -0.48304516077041626 0.9533049464225769
0.5752063989639282 0.41970545053482056 -0.4819604158401489 0.9886131286621094
0.5068713426589966 0.655455470085144 -0.4443875551223755 0.9387437701225281
0.5958489179611206 0.8068970441818237 0.012771174311637878 0.9985736608505249
0.4895293116569519 0.8245406150817871 -0.012565391138195992 0.9968950748443604
0.6967117786407471 0.9867600202560425 -0.19543062150478363 0.9720094799995422
0.4103620648384094 1.017985224723816 -0.17980648577213287 0.9054734706878662
0.6386991143226624 1.1207700967788696 0.1483330875635147 0.33934348821640015
0.47439831495285034 1.0634926557540894 0.16230207681655884 0.09699142724275589
0.6182422637939453 1.1204431056976318 0.18619251251220703 0.3484608232975006
0.48713934421539307 1.0619853734970093 0.2020554542541504 0.13967788219451904
0.6372950077056885 1.2204527854919434 0.14043936133384705 0.2160801887512207
0.47870081663131714 1.1145601272583008 0.16745728254318237 0.048388246446847916
