0.544653058052063 0.3747653365135193 -0.3007316589355469 0.9999654293060303
0.552428662776947 0.35145407915115356 -0.2761927545070648 0.999982476234436
0.5567461252212524 0.3523138761520386 -0.27626901865005493 0.9999773502349854
0.5618109107017517 0.35325080156326294 -0.27646222710609436 0.9999785423278809
0.53434157371521 0.34947359561920166 -0.28111591935157776 0.9999804496765137
0.5267006754875183 0.3496716022491455 -0.28103160858154297 0.9999722242355347
0.5206000804901123 0.35028570890426636 -0.2811199426651001 0.999975323677063
0.5686124563217163 0.36783337593078613 -0.12085611373186111 0.9999828338623047
0.5122988224029541 0.3637961149215698 -0.14585267007350922 0.9999891519546509
0.5540267825126648 0.4050074517726898 -0.23979705572128296 0.9999910593032837
0.5314854979515076 0.40270084142684937 -0.24723868072032928 0.9999947547912598
0.6022932529449463 0.4932256042957306 -0.03972358629107475 0.9999362230300903
0.4630168080329895 0.49656715989112854 -0.06961120665073395 0.9998722076416016
0.6273893713951111 0.6741503477096558 -0.19083912670612335 0.9948752522468567
0.4242073893547058 0.6773133277893066 -0.20282979309558868 0.9894475936889648
0.5807411670684814 0.49059921503067017 -0.49978718161582947 0.9977826476097107
0.48556485772132874 0.6903371214866638 -0.44119298458099365 0.9839187860488892
0.5715615749359131 0.4419509470462799 -0.5661249160766602 0.9944975972175598
0.5068144798278809 0.7000465393066406 -0.48910218477249146 0.9644652009010315
0.5738646388053894 0.4278135299682617 -0.5436441898345947 0.9938945174217224
0.5132750272750854 0.6704195737838745 -0.4792795181274414 0.9615697860717773
0.5737902522087097 0.442390114068985 -0.4963633418083191 0.989860475063324
0.50818932056427 0.6614007949829102 -0.4392341077327728 0.9506165981292725
0.5979668498039246 0.810702919960022 0.01205137837678194 0.9986605644226074
0.49293452501296997 0.8242887258529663 -0.011902577243745327 0.9976769089698792
0.6973603367805481 0.9872415065765381 -0.16410893201828003 0.9768940806388855
0.4056372046470642 1.0240345001220703 -0.1426771581172943 0.9331883192062378
0.630119264125824 1.0887959003448486 0.24499034881591797 0.30449551343917847
0.4665755331516266 1.0706509351730347 0.20952816307544708 0.1596054881811142
0.6094126105308533 1.077436923980713 0.29043540358543396 0.2879481017589569
0.4792529344558716 1.0699869394302368 0.2503182291984558 0.17939892411231995
0.622283399105072 1.1897923946380615 0.2670102119445801 0.19125154614448547
0.46602657437324524 1.1283719539642334 0.2231854647397995 0.07478556036949158
