0.543016791343689 0.3696172535419464 -0.42000046372413635 0.9999396800994873
0.5503992438316345 0.3461659550666809 -0.3968825042247772 0.9999525547027588
0.5548244118690491 0.3466155529022217 -0.3969605565071106 0.9999525547027588
0.5598335266113281 0.3468286991119385 -0.3971799314022064 0.9999465942382812
0.5325444936752319 0.34459394216537476 -0.39967161417007446 0.9999560117721558
0.5248667001724243 0.34484100341796875 -0.39968252182006836 0.9999469518661499
0.5181421637535095 0.34542661905288696 -0.3997739255428314 0.9999397993087769
0.5646488666534424 0.35807931423187256 -0.2471967190504074 0.9999587535858154
0.5082582831382751 0.36066287755966187 -0.2600705921649933 0.999974250793457
0.5498769283294678 0.3977929949760437 -0.36251166462898254 0.9999867677688599
0.5286580324172974 0.39735886454582214 -0.3662162125110626 0.9999910593032837
0.6047261953353882 0.5020981431007385 -0.15259619057178497 0.9999179840087891
0.4608294665813446 0.5018067359924316 -0.17348593473434448 0.9998739957809448
0.6317787170410156 0.6951949000358582 -0.3196014165878296 0.9938638210296631
0.4227772057056427 0.6886476278305054 -0.3373531401157379 0.9945195317268372
0.6055203676223755 0.6279189586639404 -0.6690657138824463 0.9948896169662476
0.480288028717041 0.6968201398849487 -0.6085578203201294 0.9879433512687683
0.5899999141693115 0.6037740111351013 -0.7416433691978455 0.9885247349739075
0.5023800134658813 0.7066420316696167 -0.659565269947052 0.9687618017196655
0.5890679955482483 0.5723602175712585 -0.7193823456764221 0.988004744052887
0.5080934762954712 0.6814762949943542 -0.6456553936004639 0.9650694131851196
0.589949369430542 0.575747013092041 -0.6659570336341858 0.9775459170341492
0.5031124949455261 0.67520672082901 -0.6049743890762329 0.9499075412750244
0.5913472771644592 0.8188525438308716 0.005836921278387308 0.9911120533943176
0.4874139726161957 0.82828688621521 -0.005586100276559591 0.9896721839904785
0.6966049671173096 0.9878804683685303 -0.2827316224575043 0.9771248698234558
0.4148280918598175 1.0226662158966064 -0.19483189284801483 0.9404453635215759
0.6203981041908264 1.2052854299545288 -0.037950240075588226 0.5583618879318237
0.49020516872406006 1.2086127996444702 0.11618967354297638 0.1549617499113083
0.6012073755264282 1.2240983247756958 -0.01612122729420662 0.46150335669517517
0.5016926527023315 1.2246146202087402 0.14549638330936432 0.1322748064994812
0.6249934434890747 1.3026630878448486 -0.12606669962406158 0.3150486648082733
0.49047142267227173 1.2819485664367676 0.061060357838869095 0.05636315792798996
