0.5385409593582153 0.3230375051498413 -0.43204641342163086 0.9999947547912598
0.5459596514701843 0.30358201265335083 -0.39842289686203003 0.9999740123748779
0.5501079559326172 0.30440276861190796 -0.398551881313324 0.9999885559082031
0.5535768270492554 0.30530083179473877 -0.3985920548439026 0.9999762773513794
0.5286234617233276 0.30504894256591797 -0.40726786851882935 0.9999637603759766
0.522662878036499 0.30658870935440063 -0.4074319303035736 0.9999786615371704
0.5167520642280579 0.3083750009536743 -0.4076249301433563 0.9999465942382812
0.5585864782333374 0.3229292631149292 -0.2146620750427246 0.9999781847000122
0.5076878070831299 0.32401925325393677 -0.2556978166103363 0.9999818801879883
0.5485706925392151 0.3521726131439209 -0.3644343316555023 0.9999934434890747
0.5263944864273071 0.3523293733596802 -0.37668073177337646 0.9999936819076538
0.6022828817367554 0.4980224668979645 -0.08057595044374466 0.9999886751174927
0.4569827616214752 0.48264017701148987 -0.13552053272724152 0.9999221563339233
0.6367818117141724 0.6956208944320679 -0.19284239411354065 0.9978796243667603
0.4291331470012665 0.697791576385498 -0.0910872146487236 0.9938794374465942
0.6862895488739014 0.6440830826759338 -0.5310593247413635 0.998207688331604
0.4073302447795868 0.880499541759491 -0.1975652277469635 0.9736999273300171
0.7049586772918701 0.6138999462127686 -0.5915912985801697 0.9934757351875305
0.3919122815132141 0.9407942891120911 -0.21363325417041779 0.9304401278495789
0.70047527551651 0.588158369064331 -0.5949413180351257 0.9942512512207031
0.4008592367172241 0.951540470123291 -0.26017487049102783 0.9410250782966614
0.694225549697876 0.597793698310852 -0.5398536324501038 0.9928677082061768
0.4096435606479645 0.9304834604263306 -0.21467232704162598 0.9449934959411621
0.5839787125587463 0.8195133805274963 0.01635795459151268 0.9971428513526917
0.48106589913368225 0.8308677077293396 -0.015365430153906345 0.9947094917297363
0.6012077331542969 1.08335280418396 -0.34105926752090454 0.7546210289001465
0.47789204120635986 1.0878475904464722 -0.27834877371788025 0.6437828540802002
0.5997052788734436 1.3205140829086304 -0.029186109080910683 0.029960669577121735
0.46440601348876953 1.336167812347412 -0.021414808928966522 0.05958687514066696
0.5990616083145142 1.358994722366333 -0.007740267086774111 0.08193343877792358
0.4608691334724426 1.3814265727996826 -0.0062581817619502544 0.07478705048561096
0.5909379720687866 1.4153342247009277 -0.19692502915859222 0.01804221048951149
0.46946823596954346 1.4150116443634033 -0.22531455755233765 0.04191569983959198
