0.539716362953186 0.326484739780426 -0.41784611344337463 0.999990701675415
0.5458315014839172 0.3036985993385315 -0.3880196213722229 0.9999654293060303
0.5497223138809204 0.30439913272857666 -0.3881748616695404 0.9999830722808838
0.5531677603721619 0.30478543043136597 -0.3882623612880707 0.9999699592590332
0.5296744704246521 0.30437159538269043 -0.3971617519855499 0.9999517202377319
0.5236345529556274 0.3053038716316223 -0.3972833454608917 0.9999682903289795
0.5182011723518372 0.30682599544525146 -0.39748409390449524 0.9999327659606934
0.5576095581054688 0.3218368887901306 -0.20879890024662018 0.9999741315841675
0.5076501965522766 0.325572669506073 -0.2503901422023773 0.9999724626541138
0.5488161444664001 0.3566465973854065 -0.3497913181781769 0.9999909400939941
0.527739405632019 0.356201708316803 -0.36199119687080383 0.9999910593032837
0.60271817445755 0.492249995470047 -0.07235017418861389 0.9999916553497314
0.45768246054649353 0.4837374687194824 -0.12919284403324127 0.9999369382858276
0.6307533979415894 0.687766969203949 -0.1426328718662262 0.9962728023529053
0.42884016036987305 0.6934467554092407 -0.08430477231740952 0.9942623972892761
0.6825869679450989 0.6809255480766296 -0.48657211661338806 0.9975671768188477
0.4092654585838318 0.8763999342918396 -0.20152460038661957 0.9736177921295166
0.7033849358558655 0.6766201257705688 -0.5513948798179626 0.9935373663902283
0.3938741683959961 0.9409661889076233 -0.2243267148733139 0.937915027141571
0.7023342847824097 0.6515898108482361 -0.5700156688690186 0.9946409463882446
0.4021979570388794 0.9485312104225159 -0.2719767689704895 0.9472254514694214
0.6951776742935181 0.6525132060050964 -0.502129852771759 0.9929017424583435
0.41052305698394775 0.9294801950454712 -0.219706192612648 0.9483478665351868
0.5842506885528564 0.8219126462936401 0.016947384923696518 0.9970086216926575
0.483307808637619 0.8322504758834839 -0.016077840700745583 0.9946703314781189
0.6089131236076355 1.0822535753250122 -0.2974061667919159 0.8401476740837097
0.481146901845932 1.0991311073303223 -0.20337842404842377 0.6932451128959656
0.6036046743392944 1.31126070022583 0.03283889591693878 0.1048833355307579
0.4659697413444519 1.343304991722107 0.06588789075613022 0.13177475333213806
0.6013873815536499 1.3422232866287231 0.05726756528019905 0.17701144516468048
0.4625418484210968 1.3844460248947144 0.08342766016721725 0.13973966240882874
0.596308171749115 1.4116580486297607 -0.12047527730464935 0.05070341378450394
0.46943041682243347 1.4232141971588135 -0.125468909740448 0.07742353528738022
