0.5403953790664673 0.32545435428619385 -0.4058828055858612 0.9999792575836182
0.5457333922386169 0.30406057834625244 -0.374005526304245 0.9999339580535889
0.5494738221168518 0.3046175241470337 -0.37420472502708435 0.9999634027481079
0.5527973175048828 0.3048897385597229 -0.3743561804294586 0.999941349029541
0.530386745929718 0.30525022745132446 -0.38683250546455383 0.9999159574508667
0.5243959426879883 0.30651670694351196 -0.38695594668388367 0.9999438524246216
0.5191202759742737 0.3078446388244629 -0.38718271255493164 0.9998992681503296
0.5564001798629761 0.32152891159057617 -0.19406341016292572 0.9999347925186157
0.5079861879348755 0.3271663188934326 -0.25294315814971924 0.9999490976333618
0.5491901636123657 0.35602378845214844 -0.33781591057777405 0.9999819993972778
0.5286489725112915 0.3554777503013611 -0.3549603223800659 0.9999850988388062
0.5994901061058044 0.48767006397247314 -0.05882988125085831 0.9999759197235107
0.45714181661605835 0.48542049527168274 -0.1506393551826477 0.9998581409454346
0.6259713768959045 0.6798245310783386 -0.0901298001408577 0.9827232360839844
0.4282398223876953 0.6942286491394043 -0.1235961988568306 0.9849708676338196
0.6911789178848267 0.7133926153182983 -0.39528924226760864 0.9862961769104004
0.4073973000049591 0.8782597780227661 -0.2515757381916046 0.9260293245315552
0.7132662534713745 0.7502740621566772 -0.4528217613697052 0.9686181545257568
0.39258137345314026 0.9424247741699219 -0.2820308804512024 0.8464081287384033
0.7139760255813599 0.7309130430221558 -0.4835580885410309 0.9759278297424316
0.3996802270412445 0.9519795775413513 -0.3284170925617218 0.8719822764396667
0.7048122882843018 0.7111027240753174 -0.4158216118812561 0.9681270718574524
0.4079264998435974 0.9304860830307007 -0.2704177796840668 0.862055778503418
0.582870602607727 0.8200080990791321 0.024684717878699303 0.9882049560546875
0.48346173763275146 0.8298363089561462 -0.023958852514624596 0.9814954400062561
0.6056159734725952 1.070797324180603 -0.321971595287323 0.8171499371528625
0.48759230971336365 1.0744647979736328 -0.3221350610256195 0.688847541809082
0.6008456349372864 1.2916626930236816 0.007459058426320553 0.1835608035326004
0.475875586271286 1.318242073059082 -0.06619319319725037 0.2665580213069916
0.5983641147613525 1.32147216796875 0.030766932293772697 0.2575981318950653
0.47247546911239624 1.3556147813796997 -0.04954836517572403 0.21380338072776794
0.5951670408248901 1.3887428045272827 -0.1459801197052002 0.1181344985961914
0.48242634534835815 1.4006155729293823 -0.26302269101142883 0.1895206868648529
