0.5353474020957947 0.40758588910102844 -0.1941247433423996 0.9975307583808899
0.5414003729820251 0.3886474668979645 -0.16610397398471832 0.9967607855796814
0.5452659130096436 0.38973039388656616 -0.16609981656074524 0.9972456693649292
0.5494055151939392 0.3914683759212494 -0.16614432632923126 0.9969446063041687
0.5271905660629272 0.38598766922950745 -0.16752927005290985 0.9965100884437561
0.5211538076400757 0.3852202594280243 -0.167648047208786 0.997067391872406
0.5158505439758301 0.38520538806915283 -0.16782329976558685 0.9967854022979736
0.5528913736343384 0.4047899842262268 -0.026906294748187065 0.9984132051467896
0.504780113697052 0.3997350037097931 -0.02837175503373146 0.9985923171043396
0.542141318321228 0.43325290083885193 -0.14285285770893097 0.9973614811897278
0.524368166923523 0.43101316690444946 -0.1441166251897812 0.9964207410812378
0.5909706354141235 0.5485613346099854 9.980268805520609e-05 0.998175859451294
0.46070393919944763 0.5362117290496826 -0.012859479524195194 0.9968376159667969
0.6417354345321655 0.6677876710891724 -0.2218613624572754 0.9980995059013367
0.41879093647003174 0.6624285578727722 -0.24759523570537567 0.9982232451438904
0.5514557361602783 0.5467650890350342 -0.42150041460990906 0.9953047037124634
0.5239803791046143 0.5566384792327881 -0.4281054437160492 0.997481644153595
0.5421499609947205 0.5066134333610535 -0.4664403200149536 0.9798272848129272
0.5334331393241882 0.5181101560592651 -0.4686752259731293 0.9833706617355347
0.5396634340286255 0.49582338333129883 -0.4153691530227661 0.9766770601272583
0.5317568182945251 0.5088342428207397 -0.4281882643699646 0.9797716736793518
0.5411584973335266 0.5133092999458313 -0.40609386563301086 0.983647882938385
0.5307782888412476 0.5290310382843018 -0.4159788489341736 0.9847399592399597
0.5724930167198181 0.844120442867279 -0.002015391830354929 0.9997010827064514
0.48667389154434204 0.8475828170776367 0.003161826403811574 0.9996607303619385
0.5798229575157166 1.1044971942901611 -0.05821088328957558 0.22452861070632935
0.4772782623767853 1.0909538269042969 0.03824327513575554 0.2629844546318054
0.5736510157585144 1.3085856437683105 0.2670169472694397 0.00010782672325149179
0.4850081503391266 1.2999792098999023 0.3393305838108063 0.00048057682579383254
0.5755476355552673 1.342909336090088 0.29575425386428833 0.0004122990358155221
0.4854612648487091 1.3387864828109741 0.3658725619316101 0.0005575946415774524
0.5648577809333801 1.3914700746536255 0.16365009546279907 5.573053567786701e-05
0.4858465790748596 1.3746854066848755 0.22312985360622406 0.0002982998266816139
