0.5352414846420288 0.4055320620536804 -0.35444724559783936 0.9999301433563232
0.5422217845916748 0.38510820269584656 -0.3280022442340851 0.999876856803894
0.5462680459022522 0.38656455278396606 -0.3280187249183655 0.9998816251754761
0.5502744317054749 0.38815492391586304 -0.3281286060810089 0.9998158812522888
0.5266223549842834 0.3816506266593933 -0.33000802993774414 0.9998884201049805
0.5206792950630188 0.3816015422344208 -0.33019909262657166 0.9999195337295532
0.5151745080947876 0.38274577260017395 -0.3303382992744446 0.9999055862426758
0.5547952651977539 0.40047335624694824 -0.18248774111270905 0.9999250173568726
0.5059176683425903 0.3979465067386627 -0.19024425745010376 0.9999680519104004
0.5418699979782104 0.4314247965812683 -0.3002657890319824 0.9999862909317017
0.5226299166679382 0.42902883887290955 -0.30289819836616516 0.9999902248382568
0.5888472199440002 0.5375767946243286 -0.10959646850824356 0.9999146461486816
0.4571543335914612 0.5314037203788757 -0.1088065430521965 0.9998268485069275
0.6484596729278564 0.6907762885093689 -0.22119548916816711 0.998221218585968
0.40682870149612427 0.6740882396697998 -0.22839286923408508 0.9982592463493347
0.5985006093978882 0.6880776882171631 -0.4804246127605438 0.9909549355506897
0.46990105509757996 0.6930682063102722 -0.46478164196014404 0.9931921362876892
0.5793062448501587 0.6952335834503174 -0.5366904139518738 0.9652818441390991
0.4853028655052185 0.7129689455032349 -0.5125041007995605 0.972919225692749
0.5741783380508423 0.6704679131507874 -0.517516553401947 0.9664726853370667
0.496099591255188 0.6969238519668579 -0.4997852146625519 0.9733095169067383
0.5774852633476257 0.665626049041748 -0.4757850766181946 0.9640126824378967
0.4929237961769104 0.6879756450653076 -0.4618065655231476 0.9694942235946655
0.5688440203666687 0.8260628581047058 -0.00827882532030344 0.9980552196502686
0.48225530982017517 0.8277056813240051 0.00894042570143938 0.9980552196502686
0.5744802355766296 1.0512731075286865 -0.259806752204895 0.4975275993347168
0.4538404047489166 1.0319666862487793 -0.18642224371433258 0.5980359315872192
0.5637677907943726 1.2239131927490234 0.11822375655174255 0.006899344269186258
0.459060400724411 1.2177863121032715 0.12870143353939056 0.029013382270932198
0.5614416003227234 1.2535316944122314 0.1503865122795105 0.01972525380551815
0.4616188704967499 1.251286506652832 0.15465641021728516 0.025564631447196007
0.5592531561851501 1.306176781654358 0.015125959180295467 0.004415824543684721
0.4555046260356903 1.2953463792800903 0.004218385089188814 0.017229950055480003
