0.56549072265625 0.3662431836128235 -0.31137198209762573 0.9999450445175171
0.5760307908058167 0.35019657015800476 -0.28215664625167847 0.9998157620429993
0.5809838771820068 0.3521585464477539 -0.2822316884994507 0.9998767375946045
0.5863748788833618 0.35449856519699097 -0.28226199746131897 0.999763548374176
0.558013379573822 0.34806662797927856 -0.2819654047489166 0.9998160004615784
0.5518701672554016 0.34849026799201965 -0.28214845061302185 0.9998878240585327
0.5470275282859802 0.3489992916584015 -0.28238239884376526 0.9998210072517395
0.5968223810195923 0.3751416802406311 -0.13341650366783142 0.9998615980148315
0.5421804785728455 0.36643874645233154 -0.1341295838356018 0.999954104423523
0.5757743120193481 0.39967501163482666 -0.2573273479938507 0.9999781847000122
0.5518516898155212 0.3957320749759674 -0.2582038938999176 0.9999864101409912
0.6254526376724243 0.5333825349807739 -0.07296676188707352 0.9997150301933289
0.5071426033973694 0.5218586921691895 -0.06397572159767151 0.999813973903656
0.6558692455291748 0.7524303197860718 -0.26396816968917847 0.999142050743103
0.49673664569854736 0.7053351402282715 -0.12775321304798126 0.9790685176849365
0.5961897373199463 0.6204116344451904 -0.5501012802124023 0.9986782670021057
0.5263168215751648 0.810828447341919 -0.3173157572746277 0.966382622718811
0.5662141442298889 0.5882028341293335 -0.6121683120727539 0.9938327074050903
0.5318742394447327 0.8632161617279053 -0.35738152265548706 0.9187346696853638
0.5689088106155396 0.5598564147949219 -0.5767252445220947 0.9940057992935181
0.5442671179771423 0.8569650053977966 -0.36658114194869995 0.9271103143692017
0.5764034986495972 0.5631600618362427 -0.5409256815910339 0.9925259351730347
0.540706992149353 0.8400804400444031 -0.3230750858783722 0.9319181442260742
0.611029326915741 0.8463116884231567 0.0013351445086300373 0.9987271428108215
0.5277547240257263 0.83829265832901 -0.0005456192884594202 0.9991500377655029
0.6151320338249207 1.069880485534668 -0.2780020534992218 0.49698907136917114
0.5187363028526306 1.046624779701233 -0.3912789523601532 0.6223029494285583
0.6091505885124207 1.2590597867965698 0.0493880920112133 0.0011812133016064763
0.5297995805740356 1.260617733001709 -0.11507793515920639 0.007895770482718945
0.610842764377594 1.293908715248108 0.07499143481254578 0.00571998069062829
0.5295553207397461 1.3011398315429688 -0.09358015656471252 0.008470901288092136
0.5950153470039368 1.341644525527954 -0.07826418429613113 0.0012841998832300305
0.5384467840194702 1.3299304246902466 -0.2743963301181793 0.009835942648351192
