0.5723076462745667 0.3693434000015259 -0.1708514392375946 0.9949347376823425
0.5803706645965576 0.35032016038894653 -0.1444510519504547 0.9937328696250916
0.5849806666374207 0.35186296701431274 -0.14453968405723572 0.9933146834373474
0.5893286466598511 0.3534677028656006 -0.14468543231487274 0.9944407343864441
0.5628520846366882 0.3493726849555969 -0.14697974920272827 0.9917430281639099
0.5557538866996765 0.3504629135131836 -0.1470484435558319 0.9903643727302551
0.5494442582130432 0.35209137201309204 -0.1471383422613144 0.9905750751495361
0.5943197011947632 0.36984750628471375 -0.015332733280956745 0.9950398802757263
0.541282594203949 0.36938199400901794 -0.025058571249246597 0.9886000156402588
0.5794280767440796 0.4006998836994171 -0.12214132398366928 0.9961012601852417
0.5583681464195251 0.3993617594242096 -0.12510967254638672 0.9927036762237549
0.6218396425247192 0.5098470449447632 0.009485415183007717 0.9966572523117065
0.5072525143623352 0.5216424465179443 -0.022184964269399643 0.9909237027168274
0.6323814988136292 0.6845104098320007 -0.12251617759466171 0.9408066272735596
0.5326116681098938 0.6769906878471375 -0.1867145448923111 0.9337255358695984
0.5839303731918335 0.677622377872467 -0.31052860617637634 0.897192120552063
0.6190983057022095 0.6369191408157349 -0.3628172278404236 0.9454464912414551
0.566761314868927 0.6877456903457642 -0.3601926565170288 0.8164139986038208
0.6392863392829895 0.6350547671318054 -0.4091005027294159 0.884578287601471
0.558144748210907 0.6609622240066528 -0.3392534554004669 0.8245438933372498
0.6374377012252808 0.6080617904663086 -0.3904350697994232 0.8830612897872925
0.5625457167625427 0.658800482749939 -0.30570992827415466 0.8419279456138611
0.6253580451011658 0.6157536506652832 -0.3585030436515808 0.8752205967903137
0.6161951422691345 0.8329336047172546 0.0033518942072987556 0.9986382126808167
0.526075541973114 0.8366616368293762 -0.002662552986294031 0.997712254524231
0.6300587058067322 1.0548540353775024 -0.14494161307811737 0.7264554500579834
0.5215000510215759 1.080465316772461 -0.0749826654791832 0.7440027594566345
0.6206096410751343 1.2188931703567505 0.2244599461555481 0.014701900072395802
0.5290097594261169 1.2279362678527832 0.3129701316356659 0.01390149723738432
0.6154870390892029 1.2494611740112305 0.2603176236152649 0.03097217157483101
0.5322466492652893 1.2533369064331055 0.3516269624233246 0.011455781757831573
0.6215129494667053 1.299560546875 0.16780409216880798 0.010507612489163876
0.5351104140281677 1.304431676864624 0.2596873641014099 0.008326984941959381
