0.5448608994483948 0.380890429019928 -0.618102490901947 0.9998997449874878
0.5531827211380005 0.35298919677734375 -0.5930085778236389 0.9999212026596069
0.5575942993164062 0.35282135009765625 -0.5930647253990173 0.9999343156814575
0.5630267858505249 0.3525209426879883 -0.5933624505996704 0.9999151229858398
0.5354487299919128 0.3508750796318054 -0.5984371900558472 0.9999020099639893
0.5272701978683472 0.34959614276885986 -0.5985352396965027 0.9999117851257324
0.5202898979187012 0.3488752245903015 -0.5986127853393555 0.9998859167098999
0.5675285458564758 0.3595201373100281 -0.4102332293987274 0.9999376535415649
0.5096539258956909 0.3569314479827881 -0.4368816614151001 0.9999316930770874
0.5517144799232483 0.41049638390541077 -0.5465619564056396 0.9999721050262451
0.5318718552589417 0.41058945655822754 -0.5545663833618164 0.9999771118164062
0.6039623022079468 0.4988497197628021 -0.2852368652820587 0.9999054670333862
0.4602757692337036 0.49531736969947815 -0.31211936473846436 0.9997145533561707
0.6451137065887451 0.700149655342102 -0.49403998255729675 0.9922152161598206
0.4257345199584961 0.6876800060272217 -0.5472823977470398 0.9917318820953369
0.6141194105148315 0.6261863708496094 -0.9001356363296509 0.9890311360359192
0.4905027449131012 0.614764928817749 -0.9104515314102173 0.9918618202209473
0.6007596254348755 0.5981879234313965 -0.9820083379745483 0.974550724029541
0.5057373642921448 0.5929797887802124 -0.9783586263656616 0.9771254062652588
0.6008968949317932 0.5679563879966736 -0.9567395448684692 0.9744317531585693
0.5057534575462341 0.5610402822494507 -0.9532451033592224 0.9740741848945618
0.5994601845741272 0.5723221302032471 -0.8973686099052429 0.9543321132659912
0.5047325491905212 0.5652222633361816 -0.9049047827720642 0.9580839276313782
0.5903040170669556 0.8041368126869202 0.007769512478262186 0.9856528043746948
0.4888429641723633 0.8200144171714783 -0.007518993224948645 0.9794114232063293
0.6853629946708679 0.967427134513855 -0.3207022547721863 0.8943861722946167
0.4525564908981323 1.0324004888534546 -0.24342574179172516 0.8201825618743896
0.6300408244132996 1.1414626836776733 0.11494282633066177 0.12653297185897827
0.4822121262550354 1.1651232242584229 0.18208429217338562 0.06969214975833893
0.6140571236610413 1.1540857553482056 0.15483708679676056 0.12478919327259064
0.48799610137939453 1.1808805465698242 0.22188983857631683 0.05803372710943222
0.6303017139434814 1.2434587478637695 0.03080783598124981 0.05087054520845413
0.48786523938179016 1.2400485277175903 0.09664853662252426 0.02475087344646454
