0.5432660579681396 0.3788833022117615 -0.672732949256897 0.9999724626541138
0.5523635745048523 0.34951335191726685 -0.6492647528648376 0.9999768733978271
0.5569627285003662 0.34914809465408325 -0.6493424773216248 0.999984622001648
0.5630016326904297 0.34891629219055176 -0.6496205925941467 0.9999767541885376
0.5331180691719055 0.34820932149887085 -0.6533542275428772 0.9999650716781616
0.5249018669128418 0.34747380018234253 -0.6534744501113892 0.9999722242355347
0.5179581642150879 0.34751951694488525 -0.6535809636116028 0.9999544620513916
0.5690428614616394 0.3574061393737793 -0.45687392354011536 0.9999892711639404
0.5087636113166809 0.3574780821800232 -0.4770008623600006 0.999981164932251
0.5516926646232605 0.40904200077056885 -0.5969074964523315 0.9999927282333374
0.5301828980445862 0.40913957357406616 -0.6033039093017578 0.9999923706054688
0.606501579284668 0.5067018270492554 -0.3070569932460785 0.9999682903289795
0.4612707793712616 0.4940291941165924 -0.31768932938575745 0.9998856782913208
0.6397260427474976 0.7124753594398499 -0.4970513582229614 0.9887420535087585
0.42364680767059326 0.6985242962837219 -0.5625515580177307 0.9925381541252136
0.6429329514503479 0.6490857005119324 -0.9016845226287842 0.9881107807159424
0.46874290704727173 0.6139264106750488 -0.971388041973114 0.9948866963386536
0.6395933628082275 0.6083093881607056 -0.979891836643219 0.9691958427429199
0.48080360889434814 0.5900499224662781 -1.0385996103286743 0.9822853803634644
0.6406185030937195 0.5802065134048462 -0.9613969326019287 0.9700685739517212
0.4797798991203308 0.556161642074585 -1.0202484130859375 0.9803933501243591
0.6368153691291809 0.5899635553359985 -0.9019895792007446 0.9542819857597351
0.48085081577301025 0.5593807697296143 -0.9700711369514465 0.9725860357284546
0.586224377155304 0.8139505982398987 0.0024658164475113153 0.9828367233276367
0.48374873399734497 0.832548201084137 -0.0017594995442777872 0.9783352017402649
0.6836303472518921 0.9828068614006042 -0.4277084469795227 0.9009935855865479
0.4267778992652893 1.027510643005371 -0.2993944585323334 0.8938668370246887
0.6485783457756042 1.2967709302902222 -0.09059827029705048 0.09683594852685928
0.46216991543769836 1.321516990661621 -0.01481208112090826 0.10181887447834015
0.6381722688674927 1.3339433670043945 -0.06721322238445282 0.08236979693174362
0.46446773409843445 1.3608160018920898 0.005477752070873976 0.05623915418982506
0.658419668674469 1.3978700637817383 -0.2548680007457733 0.02384730987250805
0.4616859555244446 1.4043266773223877 -0.1859358847141266 0.026689760386943817
