0.5449801087379456 0.375499963760376 -0.6070707440376282 0.9999489784240723
0.5526148080825806 0.34867292642593384 -0.5849727988243103 0.9999473094940186
0.5574191212654114 0.3485284447669983 -0.5850688219070435 0.999961256980896
0.5627533793449402 0.34848564863204956 -0.5853356719017029 0.9999282360076904
0.5342571139335632 0.34791356325149536 -0.5879565477371216 0.9999356269836426
0.5261486172676086 0.34749794006347656 -0.5880941152572632 0.9999498128890991
0.5194239616394043 0.34748733043670654 -0.5881836414337158 0.9999227523803711
0.5680296421051025 0.35639864206314087 -0.4041583240032196 0.999963641166687
0.510436475276947 0.3564402461051941 -0.4197405278682709 0.9999680519104004
0.5525834560394287 0.4063870310783386 -0.5354492664337158 0.9999877214431763
0.5325247645378113 0.40924134850502014 -0.5403432250022888 0.9999910593032837
0.6070289611816406 0.5099562406539917 -0.26171544194221497 0.999922513961792
0.4608190655708313 0.5021511316299438 -0.26378393173217773 0.99991774559021
0.6429323554039001 0.7018537521362305 -0.40918412804603577 0.9850881695747375
0.42299577593803406 0.6909055113792419 -0.44281986355781555 0.9944648146629333
0.6456877589225769 0.6911687850952148 -0.8134395480155945 0.9828065633773804
0.438957154750824 0.6752784252166748 -0.8468610048294067 0.9952421188354492
0.6526523232460022 0.6970528364181519 -0.895250141620636 0.9686267375946045
0.4556258022785187 0.6758222579956055 -0.9169079065322876 0.9894587993621826
0.649405300617218 0.6707347631454468 -0.8930501937866211 0.9695683121681213
0.45803484320640564 0.6360854506492615 -0.9155992269515991 0.9888230562210083
0.6436415314674377 0.6664165258407593 -0.8196740746498108 0.9436550140380859
0.4560788571834564 0.634382963180542 -0.8516696691513062 0.980487048625946
0.5939896106719971 0.8112676739692688 -0.0013142210664227605 0.9742413759231567
0.49215736985206604 0.8330981135368347 0.0015345185529440641 0.9757206439971924
0.6752756834030151 0.9457064270973206 -0.43894684314727783 0.9590883851051331
0.45478254556655884 1.0407668352127075 -0.31802722811698914 0.9259682297706604
0.6531689167022705 1.1680357456207275 -0.06386148184537888 0.4813570976257324
0.4978858232498169 1.2099123001098633 0.06432444602251053 0.3107704818248749
0.6375426054000854 1.1971955299377441 -0.033667054027318954 0.4206753373146057
0.5089272260665894 1.232117772102356 0.0959739163517952 0.24052493274211884
0.673963189125061 1.276214361190796 -0.1912834495306015 0.24870797991752625
0.49523448944091797 1.2931498289108276 -0.061558354645967484 0.11133391410112381
