0.5448106527328491 0.37518590688705444 -0.6126828789710999 0.9999669790267944
0.5522950887680054 0.3489171266555786 -0.590357780456543 0.9999690055847168
0.5562690496444702 0.349151611328125 -0.5904701352119446 0.9999755620956421
0.561601996421814 0.34919261932373047 -0.5907155871391296 0.9999605417251587
0.5351868867874146 0.34824979305267334 -0.5949382781982422 0.9999690055847168
0.5270310044288635 0.3482171893119812 -0.5950916409492493 0.9999747276306152
0.5203630328178406 0.34840285778045654 -0.5951983332633972 0.9999641180038452
0.5662830471992493 0.3584825396537781 -0.4073086082935333 0.9999808073043823
0.5092889666557312 0.35940247774124146 -0.4288395643234253 0.999984860420227
0.5518850088119507 0.4029238820075989 -0.5404469966888428 0.999990701675415
0.530867874622345 0.40351778268814087 -0.5470397472381592 0.9999938011169434
0.6063846945762634 0.5050563812255859 -0.2561274766921997 0.9999216794967651
0.45929861068725586 0.5027484893798828 -0.2719213366508484 0.9999403953552246
0.6458500623703003 0.6965004205703735 -0.3909090459346771 0.9794674515724182
0.42300572991371155 0.6941226720809937 -0.45172345638275146 0.9957407712936401
0.6468122601509094 0.6822261810302734 -0.7889521718025208 0.9627127051353455
0.4421473443508148 0.6715236902236938 -0.8436355590820312 0.9958480596542358
0.6501886248588562 0.6863275170326233 -0.8683570623397827 0.9316102266311646
0.4564436078071594 0.6715405583381653 -0.91126948595047 0.9891201257705688
0.6478601694107056 0.6616702079772949 -0.8685077428817749 0.9368057250976562
0.45909759402275085 0.6347565650939941 -0.9102386832237244 0.9888262748718262
0.6423289179801941 0.6584255695343018 -0.7968392968177795 0.9053447842597961
0.45799750089645386 0.6322993040084839 -0.8483291864395142 0.9828963875770569
0.5937318205833435 0.815342128276825 0.0026803023647516966 0.9715800881385803
0.4926801919937134 0.8370387554168701 -0.002281540771946311 0.9721778035163879
0.6787877678871155 0.9595309495925903 -0.4075181186199188 0.9714205861091614
0.45913293957710266 1.0703285932540894 -0.1882370263338089 0.9531795382499695
0.648454487323761 1.2416003942489624 -0.09061909466981888 0.5715564489364624
0.4799281060695648 1.2904728651046753 0.10262057930231094 0.48111492395401
0.6347969770431519 1.2731285095214844 -0.06756961345672607 0.44317078590393066
0.4885880649089813 1.3222047090530396 0.12286173552274704 0.2698245346546173
0.6644337773323059 1.3404579162597656 -0.2432793229818344 0.27228617668151855
0.4732336401939392 1.37890625 -0.05490384250879288 0.14661355316638947
