0.5711162686347961 0.3632051944732666 -0.22365489602088928 0.9998527765274048
0.5802282691001892 0.3454819321632385 -0.19700603187084198 0.9997885823249817
0.5847508907318115 0.34761494398117065 -0.19702878594398499 0.9998176693916321
0.5895757675170898 0.35013675689697266 -0.19704389572143555 0.9997944235801697
0.5624246001243591 0.3422831892967224 -0.20872238278388977 0.9997542500495911
0.5555118322372437 0.3426644802093506 -0.2087717056274414 0.9997685551643372
0.5492286682128906 0.3433319330215454 -0.2089667171239853 0.9997209906578064
0.5952069759368896 0.36819905042648315 -0.06357626616954803 0.9997720122337341
0.5405441522598267 0.3627849817276001 -0.11725060641765594 0.9999102354049683
0.580016553401947 0.39626601338386536 -0.17379648983478546 0.999924898147583
0.5572188496589661 0.39205402135849 -0.18992218375205994 0.999945878982544
0.6268531084060669 0.5260553359985352 0.016261732205748558 0.999584972858429
0.5034039616584778 0.5254706740379333 -0.09359047561883926 0.9994183778762817
0.6496621370315552 0.7354864478111267 -0.12798082828521729 0.9922917485237122
0.5174669027328491 0.7206885814666748 -0.17745201289653778 0.9765129089355469
0.618157148361206 0.5753296613693237 -0.3550409972667694 0.9967902302742004
0.5745723247528076 0.7586095929145813 -0.2941720187664032 0.9756433367729187
0.618946373462677 0.5188213586807251 -0.4043157696723938 0.9862767457962036
0.5955976843833923 0.8045182824134827 -0.3231354057788849 0.9372649788856506
0.6208125948905945 0.5019250512123108 -0.36990872025489807 0.9848981499671936
0.6081821322441101 0.79045569896698 -0.3191410303115845 0.9395737051963806
0.615007758140564 0.5196791291236877 -0.34760963916778564 0.9872335195541382
0.6047171950340271 0.7795372605323792 -0.29243335127830505 0.9458554983139038
0.6177833080291748 0.8502455353736877 0.028272056952118874 0.99905925989151
0.5271775722503662 0.8544015884399414 -0.02700507454574108 0.9986287355422974
0.6173869371414185 1.0987682342529297 -0.025164484977722168 0.16479797661304474
0.5300266742706299 1.0961639881134033 -0.04406736046075821 0.10596470534801483
0.6235410571098328 1.3131237030029297 0.2391907125711441 0.000156389971380122
0.5272192358970642 1.319514513015747 0.1818092316389084 0.000503513147123158
0.6268476843833923 1.3538472652435303 0.25906383991241455 0.0007361404714174569
0.5223532319068909 1.363531470298767 0.19853980839252472 0.0006259384681470692
0.6106252074241638 1.3969285488128662 0.11580350995063782 0.00015316522330977023
0.5444408059120178 1.3907212018966675 0.027557654306292534 0.000682950543705374
