0.5708959698677063 0.3737291991710663 -0.16060683131217957 0.9994059801101685
0.5790393948554993 0.3520311117172241 -0.13045306503772736 0.9993649125099182
0.5836181640625 0.35349005460739136 -0.13056360185146332 0.9993273019790649
0.5883206725120544 0.35558509826660156 -0.13071779906749725 0.9994019269943237
0.5616498589515686 0.3520370125770569 -0.1394493281841278 0.9990900754928589
0.555088460445404 0.3530568480491638 -0.13953500986099243 0.9989078044891357
0.5489547252655029 0.35487252473831177 -0.1396467685699463 0.9988986253738403
0.5948916077613831 0.3725396990776062 0.017612537369132042 0.9995207786560059
0.5403684973716736 0.3713424503803253 -0.02251521125435829 0.9991095662117004
0.5798627138137817 0.40434351563453674 -0.10555892437696457 0.9997188448905945
0.5581085681915283 0.4030081033706665 -0.11777351796627045 0.9994982481002808
0.6249814629554749 0.5262051820755005 0.06319328397512436 0.9987987279891968
0.5032991170883179 0.5242311358451843 -0.015520524233579636 0.9982070922851562
0.6422684192657471 0.7222039103507996 -0.11667966097593307 0.9051501154899597
0.5280988216400146 0.6915408968925476 -0.19733095169067383 0.9688597917556763
0.6010655164718628 0.6220765709877014 -0.3600431978702545 0.9295358061790466
0.5987571477890015 0.6228189468383789 -0.3586524724960327 0.9848110675811768
0.5945021510124207 0.5972636342048645 -0.4124015271663666 0.8540907502174377
0.6227694749832153 0.5890427827835083 -0.3982751965522766 0.9539825320243835
0.596008837223053 0.5657246112823486 -0.3822331726551056 0.8554026484489441
0.6179006099700928 0.5643410086631775 -0.37544041872024536 0.9505757093429565
0.5953129529953003 0.5765957236289978 -0.35429584980010986 0.8715431690216064
0.6099337935447693 0.5753045082092285 -0.3516007363796234 0.9445834755897522
0.616834282875061 0.8504297733306885 0.015602219849824905 0.9991713762283325
0.5250465273857117 0.8563242554664612 -0.014611647464334965 0.9979043006896973
0.6272225975990295 1.0715217590332031 -0.24950137734413147 0.6381431221961975
0.5251920223236084 1.0974260568618774 -0.10472647845745087 0.6536640524864197
0.6266435384750366 1.280538558959961 0.016727443784475327 0.006950377486646175
0.5308701992034912 1.2755687236785889 0.25234687328338623 0.006865771021693945
0.6240931749343872 1.3195308446884155 0.040003202855587006 0.014705809764564037
0.5310656428337097 1.3033552169799805 0.2851731479167938 0.004431951325386763
0.6270070672035217 1.3524420261383057 -0.09953884035348892 0.005726126488298178
0.5402032136917114 1.3495523929595947 0.15486101806163788 0.004212026484310627
