0.5389105677604675 0.33763575553894043 -0.4139755070209503 0.99994957447052
0.5464866757392883 0.3143100142478943 -0.3777760863304138 0.9998797178268433
0.5508505702018738 0.3155018091201782 -0.3779188394546509 0.999920129776001
0.5543734431266785 0.31660473346710205 -0.37814947962760925 0.9999051094055176
0.5296463370323181 0.31421154737472534 -0.38526448607444763 0.9998670816421509
0.523741602897644 0.3149966597557068 -0.38534605503082275 0.9999071359634399
0.5181839466094971 0.3161545395851135 -0.38545334339141846 0.9998658895492554
0.5599993467330933 0.3350074291229248 -0.20670628547668457 0.9998865127563477
0.5087136030197144 0.3357378840446472 -0.2436569184064865 0.9998204112052917
0.5486854314804077 0.3668689727783203 -0.3524216115474701 0.999954104423523
0.526616096496582 0.3663526773452759 -0.3632778227329254 0.9999500513076782
0.6076422333717346 0.5120245814323425 -0.10687070339918137 0.99968421459198
0.4609360694885254 0.5003275871276855 -0.14501427114009857 0.9982536435127258
0.6528477072715759 0.7036604285240173 -0.052697859704494476 0.9778481125831604
0.4269792139530182 0.6947470903396606 -0.14160825312137604 0.916585385799408
0.6794647574424744 0.8746381998062134 -0.16666309535503387 0.8046759366989136
0.4333050549030304 0.8433752059936523 -0.26330265402793884 0.3690204322338104
0.686964750289917 0.9155654907226562 -0.20198307931423187 0.6624729037284851
0.43111753463745117 0.8857964873313904 -0.2947917878627777 0.2842109799385071
0.6806532144546509 0.9259270429611206 -0.23293863236904144 0.7114035487174988
0.43800249695777893 0.8732398152351379 -0.3256475627422333 0.3129346966743469
0.6744818091392517 0.9193108081817627 -0.18174301087856293 0.6916638612747192
0.4403945207595825 0.8640987277030945 -0.27727392315864563 0.29278749227523804
0.5940782427787781 0.8332911729812622 0.012978097423911095 0.9881957769393921
0.49773433804512024 0.8442993760108948 -0.012308776378631592 0.9718076586723328
0.6375800371170044 0.9737737774848938 -0.5217798352241516 0.9198210835456848
0.49771079421043396 1.0113587379455566 -0.4400313198566437 0.8357532024383545
0.6263826489448547 1.2525067329406738 -0.20879603922367096 0.3474874496459961
0.4921204745769501 1.274015188217163 -0.17643384635448456 0.2388327270746231
0.6184178590774536 1.2806544303894043 -0.18507429957389832 0.39489591121673584
0.4911157488822937 1.3085943460464478 -0.1577177494764328 0.2219557911157608
0.6240437626838684 1.3541371822357178 -0.3655279278755188 0.2094077318906784
0.5002973079681396 1.3757363557815552 -0.36496227979660034 0.11453308165073395
