0.5384894013404846 0.33774763345718384 -0.28585678339004517 0.9999926090240479
0.5473763942718506 0.3177030682563782 -0.25707486271858215 0.9999926090240479
0.5529577136039734 0.3181161880493164 -0.2570428252220154 0.9999938011169434
0.5565046668052673 0.31864285469055176 -0.257065087556839 0.9999933242797852
0.5286024808883667 0.31751495599746704 -0.26469752192497253 0.9999914169311523
0.5226651430130005 0.31859713792800903 -0.2646811902523041 0.9999916553497314
0.5165611505508423 0.319502055644989 -0.2648131847381592 0.9999896287918091
0.5634340643882751 0.33123862743377686 -0.09464278817176819 0.9999938011169434
0.5089694261550903 0.33370232582092285 -0.12873606383800507 0.9999936819076538
0.5494129061698914 0.3663596510887146 -0.22618165612220764 0.9999964237213135
0.5250775218009949 0.3677784204483032 -0.23631110787391663 0.9999953508377075
0.6078120470046997 0.4989244341850281 0.007143900729715824 0.999984622001648
0.45990410447120667 0.49798572063446045 -0.05454283207654953 0.9999452829360962
0.6572073101997375 0.7128703594207764 -0.13325388729572296 0.997240424156189
0.41690337657928467 0.6972447633743286 -0.21912382543087006 0.9971311092376709
0.6546971797943115 0.6152614951133728 -0.4705532491207123 0.996235191822052
0.4588638246059418 0.6459095478057861 -0.5247846841812134 0.996619462966919
0.6529876589775085 0.5910851955413818 -0.5309683084487915 0.9823673963546753
0.4692836105823517 0.6332944631576538 -0.5801443457603455 0.9842700958251953
0.653733491897583 0.5685460567474365 -0.5186240673065186 0.981465220451355
0.46848925948143005 0.607396125793457 -0.5675419569015503 0.983913004398346
0.6502335071563721 0.5724260807037354 -0.4735892713069916 0.9830414056777954
0.46817633509635925 0.6066198945045471 -0.5257363319396973 0.984831690788269
0.5909813642501831 0.8320523500442505 0.01488505955785513 0.9996155500411987
0.4838341474533081 0.8410331606864929 -0.013232739642262459 0.9994207620620728
0.597815215587616 1.1254380941390991 -0.006069346331059933 0.10090737044811249
0.4846741259098053 1.1200302839279175 0.11820461601018906 0.04697258397936821
0.6036753058433533 1.3681837320327759 0.30698108673095703 0.00020060763927176595
0.4797219932079315 1.3650585412979126 0.41954395174980164 0.00029381929198279977
0.6072663068771362 1.4147709608078003 0.33072224259376526 0.0006515575223602355
0.4746539890766144 1.4100115299224854 0.4417543113231659 0.00038325178320519626
0.5898624658584595 1.4523954391479492 0.141460582613945 0.00017278642917517573
0.49337509274482727 1.4521620273590088 0.2404106706380844 0.00033230253029614687
