0.539240300655365 0.3393628001213074 -0.24065639078617096 0.9987892508506775
0.54598468542099 0.31749629974365234 -0.2092100828886032 0.9987319111824036
0.5501645803451538 0.31742480397224426 -0.20919089019298553 0.9984185695648193
0.5545310378074646 0.3178098201751709 -0.2093733251094818 0.9985802173614502
0.5302391648292542 0.3205145597457886 -0.20840081572532654 0.9983439445495605
0.5247325301170349 0.321833997964859 -0.20861363410949707 0.9980587363243103
0.5193012356758118 0.32337361574172974 -0.2086901068687439 0.9982288479804993
0.5608004331588745 0.33280113339424133 -0.06177545711398125 0.9990542531013489
0.5100415349006653 0.33709588646888733 -0.055785320699214935 0.9982272982597351
0.5487235188484192 0.36389628052711487 -0.18696409463882446 0.9993128776550293
0.5289479494094849 0.36849239468574524 -0.1860753446817398 0.9989664554595947
0.602211594581604 0.47358906269073486 -0.01003855001181364 0.9992092251777649
0.47281914949417114 0.4705902338027954 -0.015851635485887527 0.9987038373947144
0.6666700839996338 0.6331090927124023 -0.23120616376399994 0.9989879727363586
0.40658605098724365 0.6233209371566772 -0.2388407289981842 0.9973799586296082
0.6153971552848816 0.47307631373405457 -0.4504872262477875 0.9987834095954895
0.472477525472641 0.455525279045105 -0.46056148409843445 0.9992534518241882
0.5996859669685364 0.428763747215271 -0.4931942820549011 0.9924426078796387
0.4874843657016754 0.4091123342514038 -0.49795952439308167 0.9949157238006592
0.5913350582122803 0.41463232040405273 -0.44104766845703125 0.9910481572151184
0.4928726851940155 0.40087926387786865 -0.4588901400566101 0.9935164451599121
0.5914921164512634 0.42599382996559143 -0.4328794777393341 0.9908778071403503
0.4922913908958435 0.4159266948699951 -0.4490702748298645 0.9926163554191589
0.5813373923301697 0.7794031500816345 0.006544735748320818 0.9997033476829529
0.49069449305534363 0.7858762741088867 -0.006275377236306667 0.999605119228363
0.6131522059440613 1.010024070739746 -0.22864970564842224 0.8951170444488525
0.48905178904533386 1.0172991752624512 -0.05722837522625923 0.7404917478561401
0.6127733588218689 1.113738775253296 0.2010122835636139 0.004076354671269655
0.5080879926681519 1.1551212072372437 0.32575929164886475 0.006069566123187542
0.6104344129562378 1.1286932229995728 0.24693036079406738 0.023071954026818275
0.5125994682312012 1.179060935974121 0.36497944593429565 0.007583397440612316
0.6145919561386108 1.1875278949737549 0.17853866517543793 0.005211147479712963
0.5099203586578369 1.2298390865325928 0.28038305044174194 0.005680164787918329
