0.5670639276504517 0.3598119616508484 -0.3637431263923645 0.9999985694885254
0.5781612992286682 0.34178486466407776 -0.3327941298484802 0.9999896287918091
0.5830747485160828 0.34332841634750366 -0.33281394839286804 0.9999936819076538
0.5879086852073669 0.34531381726264954 -0.33278927206993103 0.9999804496765137
0.5600582361221313 0.3401223421096802 -0.3375313878059387 0.9999909400939941
0.5539692640304565 0.34071362018585205 -0.3377015292644501 0.9999949932098389
0.5494087338447571 0.34129029512405396 -0.3378874957561493 0.9999887943267822
0.5967963337898254 0.36393874883651733 -0.17116305232048035 0.9999842643737793
0.5432178974151611 0.3579338490962982 -0.19390903413295746 0.9999974966049194
0.5769134759902954 0.3907923698425293 -0.30591732263565063 0.9999978542327881
0.5540793538093567 0.3858744204044342 -0.31303924322128296 0.999998927116394
0.6266171336174011 0.53271484375 -0.052536144852638245 0.999893307685852
0.502773106098175 0.509377121925354 -0.11641459167003632 0.9999473094940186
0.6775637865066528 0.727304220199585 -0.17949411273002625 0.9965556859970093
0.4766544699668884 0.6936565041542053 -0.18555893003940582 0.9982465505599976
0.7076781988143921 0.6074671745300293 -0.4751434624195099 0.9941508173942566
0.5044465661048889 0.840624213218689 -0.3859417736530304 0.9944883584976196
0.722600519657135 0.5677526593208313 -0.5265132188796997 0.9729902148246765
0.5044987201690674 0.8939275741577148 -0.41214224696159363 0.9817032217979431
0.7184432744979858 0.5478278398513794 -0.5083011388778687 0.9737493395805359
0.5223553776741028 0.890028178691864 -0.4236357808113098 0.9833828806877136
0.7127870321273804 0.5591139197349548 -0.4738987386226654 0.9769715666770935
0.5245645642280579 0.8720871806144714 -0.38933199644088745 0.984571099281311
0.6120812892913818 0.8291172385215759 0.009800320491194725 0.999392032623291
0.5248781442642212 0.8387332558631897 -0.008853819221258163 0.9991995692253113
0.6137505769729614 1.052666425704956 -0.33022457361221313 0.4357765018939972
0.518909752368927 1.0699008703231812 -0.18235154449939728 0.3599371016025543
0.6077108979225159 1.249333143234253 -0.00362545158714056 0.0008007349679246545
0.5263592004776001 1.260955572128296 0.1741003543138504 0.0017605426255613565
0.6089611053466797 1.286011815071106 0.021715112030506134 0.004917787853628397
0.5244895219802856 1.295259952545166 0.20205818116664886 0.002585943089798093
0.5932603478431702 1.3367500305175781 -0.13839565217494965 0.000952421803958714
0.5396603345870972 1.3412625789642334 0.034638892859220505 0.0020479836966842413
