0.5692594647407532 0.360734760761261 -0.22848910093307495 0.9999929666519165
0.5824283957481384 0.3442191183567047 -0.20189595222473145 0.9999696016311646
0.5888728499412537 0.34651440382003784 -0.2019229531288147 0.9999786615371704
0.5938829779624939 0.3488283157348633 -0.20198515057563782 0.9999507665634155
0.5645796656608582 0.3413832187652588 -0.20505760610103607 0.9999756813049316
0.5599070191383362 0.34123677015304565 -0.20518407225608826 0.9999841451644897
0.5554531812667847 0.3406706154346466 -0.2053295075893402 0.9999737739562988
0.6021201014518738 0.36656078696250916 -0.05927002429962158 0.9999704360961914
0.5507918000221252 0.3580186665058136 -0.07661817222833633 0.9999947547912598
0.5794267058372498 0.3908596932888031 -0.17527832090854645 0.9999887943267822
0.5585940480232239 0.38470458984375 -0.18073183298110962 0.9999954700469971
0.6268501877784729 0.5230140686035156 0.021066300570964813 0.9999170303344727
0.5093593597412109 0.49951907992362976 -0.014748437330126762 0.999940037727356
0.6806236505508423 0.6403812170028687 -0.14073996245861053 0.9991580247879028
0.48052459955215454 0.6800088882446289 -0.04042766988277435 0.9909278750419617
0.6580663919448853 0.4249430298805237 -0.38184383511543274 0.9983096122741699
0.5037050247192383 0.8393279910087585 -0.1552262008190155 0.9888716340065002
0.6594513654708862 0.37472641468048096 -0.433845579624176 0.9934826493263245
0.5006583333015442 0.8932192325592041 -0.17287561297416687 0.9728474617004395
0.6526798605918884 0.3604098856449127 -0.3976934850215912 0.9928798079490662
0.5190343856811523 0.8900244235992432 -0.18616165220737457 0.9736173152923584
0.6480709910392761 0.3877578377723694 -0.3733247220516205 0.9928823709487915
0.5231583118438721 0.8719372153282166 -0.15865133702754974 0.9756062626838684
0.6066849827766418 0.821540355682373 0.006971644703298807 0.9999474287033081
0.5228946208953857 0.8232854008674622 -0.00653186347335577 0.9999128580093384
0.6279146075248718 1.0455492734909058 -0.24643804132938385 0.8288580775260925
0.5166239738464355 1.0473710298538208 -0.1527700275182724 0.7630992531776428
0.610929548740387 1.2175071239471436 0.0845404863357544 0.007379658054560423
0.5273160934448242 1.2255698442459106 0.20897714793682098 0.010711676441133022
0.6072547435760498 1.2442179918289185 0.11565408855676651 0.04294535145163536
0.5282532572746277 1.254336953163147 0.24232275784015656 0.025108160451054573
0.6053264737129211 1.2993190288543701 0.0018261887598782778 0.006694144103676081
0.5314469933509827 1.3037464618682861 0.12576253712177277 0.007459002081304789
