0.5597185492515564 0.3751707673072815 -0.36356207728385925 0.9999923706054688
0.5703203082084656 0.3572610914707184 -0.3370719254016876 0.999969482421875
0.5761213898658752 0.35782983899116516 -0.33709558844566345 0.9999730587005615
0.5818209052085876 0.3590121567249298 -0.3372131288051605 0.9999525547027588
0.5521694421768188 0.3578498065471649 -0.33910366892814636 0.9999682903289795
0.545774519443512 0.35892120003700256 -0.33923059701919556 0.9999754428863525
0.5400722622871399 0.3603906035423279 -0.33940160274505615 0.999968409538269
0.5912871956825256 0.3760398030281067 -0.205337792634964 0.9999573230743408
0.5337957739830017 0.37432098388671875 -0.21564283967018127 0.9999821186065674
0.5687001943588257 0.4078061878681183 -0.31572043895721436 0.9999966621398926
0.5467550158500671 0.40504398941993713 -0.31877726316452026 0.9999980926513672
0.6209003925323486 0.541510283946991 -0.1287929266691208 0.9999353885650635
0.4957709312438965 0.5250137448310852 -0.16823101043701172 0.9999030828475952
0.6474106311798096 0.7118659615516663 -0.12489371746778488 0.9941877126693726
0.47869476675987244 0.7035866379737854 -0.2288682460784912 0.9937887787818909
0.6382054090499878 0.8339588642120361 -0.2632538378238678 0.9820414781570435
0.5088822245597839 0.8374955058097839 -0.40405628085136414 0.9880010485649109
0.6514715552330017 0.8893954157829285 -0.3034558594226837 0.943510890007019
0.506431519985199 0.887460470199585 -0.45075055956840515 0.9638994932174683
0.632485568523407 0.884997546672821 -0.3185916244983673 0.9521352648735046
0.5270193219184875 0.8810623288154602 -0.4613892734050751 0.9692617058753967
0.6233887076377869 0.8649665117263794 -0.2710023820400238 0.9570145010948181
0.5303484201431274 0.8636025786399841 -0.4100612699985504 0.9675859212875366
0.5993139743804932 0.8036115765571594 0.01190521102398634 0.9995197057723999
0.5167485475540161 0.8168770670890808 -0.01163378544151783 0.9995972514152527
0.623189389705658 1.0210124254226685 -0.07082733511924744 0.659050464630127
0.5149763226509094 1.043492317199707 -0.16171178221702576 0.6325235366821289
0.6310970783233643 1.148587942123413 0.3631679117679596 0.028090255334973335
0.5314996242523193 1.1855757236480713 0.2525792419910431 0.03426973149180412
0.631016194820404 1.1731359958648682 0.40198758244514465 0.06894821673631668
0.5350172519683838 1.2088618278503418 0.29117658734321594 0.030621565878391266
0.6348018050193787 1.2311341762542725 0.3069482445716858 0.028116343542933464
0.5386990904808044 1.2656034231185913 0.17675045132637024 0.03636472299695015
