0.5524826049804688 0.3380420506000519 -0.567094087600708 0.9990777969360352
0.5602786540985107 0.32035988569259644 -0.536990225315094 0.9989012479782104
0.5648865103721619 0.3220292031764984 -0.5369160175323486 0.9985872507095337
0.5693099498748779 0.32383301854133606 -0.5371149778366089 0.9984694123268127
0.5460233092308044 0.3162742257118225 -0.539520800113678 0.9986030459403992
0.5393722653388977 0.3153051733970642 -0.5396648049354553 0.9982547163963318
0.5328417420387268 0.3150826394557953 -0.5396963953971863 0.9979933500289917
0.5747661590576172 0.3372337818145752 -0.36732470989227295 0.9990781545639038
0.5198315382003784 0.3330930769443512 -0.3778240382671356 0.998706579208374
0.5589984655380249 0.36536356806755066 -0.5038971304893494 0.9996538162231445
0.5416424870491028 0.3627668023109436 -0.5076386332511902 0.9994173049926758
0.6093710064888 0.4691424071788788 -0.27850115299224854 0.9978122711181641
0.48364555835723877 0.48171839118003845 -0.29057776927948 0.9926232099533081
0.681508481502533 0.5974956750869751 -0.5408774614334106 0.9970793724060059
0.4510864019393921 0.6233372092247009 -0.5495689511299133 0.993000864982605
0.6402808427810669 0.4167465269565582 -0.8041667342185974 0.9957564473152161
0.4903021454811096 0.42744144797325134 -0.8425571322441101 0.998278021812439
0.6301290988922119 0.36325350403785706 -0.8575913310050964 0.97132807970047
0.4928721785545349 0.3772830069065094 -0.8945654630661011 0.9916980266571045
0.6216593384742737 0.35384806990623474 -0.8101633787155151 0.9640800356864929
0.49647340178489685 0.37029018998146057 -0.8585880398750305 0.9887073040008545
0.6216608881950378 0.37160974740982056 -0.7908111810684204 0.9568741917610168
0.49753066897392273 0.3882242739200592 -0.8343406319618225 0.9808165431022644
0.5974641442298889 0.7445440292358398 0.0073326569981873035 0.9981846213340759
0.5099213719367981 0.7551311254501343 -0.007315195631235838 0.99808669090271
0.6358732581138611 0.9498294591903687 -0.28858357667922974 0.6617791652679443
0.49457696080207825 0.9416190385818481 -0.18605877459049225 0.5531781315803528
0.6161118149757385 1.0649538040161133 0.14590305089950562 0.0037108263932168484
0.5106373429298401 1.0892513990402222 0.2373577207326889 0.007832661271095276
0.6103687882423401 1.0831102132797241 0.1878686547279358 0.021152151748538017
0.5174841284751892 1.1097657680511475 0.2764756977558136 0.009945442900061607
0.6173959970474243 1.139716386795044 0.08840501308441162 0.007050336338579655
0.5060762763023376 1.1711606979370117 0.17367388308048248 0.0102694695815444
