0.5550233125686646 0.34057942032814026 -0.3151532709598541 0.9998984336853027
0.5626318454742432 0.3201955556869507 -0.28771811723709106 0.9998606443405151
0.5676568746566772 0.321236252784729 -0.28773781657218933 0.9998847246170044
0.5726865530014038 0.3229779005050659 -0.28784066438674927 0.9998551607131958
0.5446510910987854 0.32004719972610474 -0.2994796931743622 0.9998195767402649
0.5372634530067444 0.3217540383338928 -0.299728661775589 0.9998587369918823
0.5304831862449646 0.3244432210922241 -0.29988643527030945 0.9998137354850769
0.5789881348609924 0.3382570743560791 -0.1382402628660202 0.9999001026153564
0.5202810168266296 0.3435857892036438 -0.1919684112071991 0.9999094009399414
0.5632990002632141 0.37165194749832153 -0.25778287649154663 0.9997485280036926
0.5415760278701782 0.3729296326637268 -0.27413299679756165 0.9995643496513367
0.6139525771141052 0.4674268066883087 -0.04341641813516617 0.999230146408081
0.4796275496482849 0.4786153733730316 -0.15085266530513763 0.9988492727279663
0.6627483367919922 0.6101185083389282 -0.22402261197566986 0.9983944296836853
0.4633016586303711 0.6416928768157959 -0.37577077746391296 0.997864305973053
0.689999520778656 0.4254734516143799 -0.45851144194602966 0.9994955062866211
0.45472392439842224 0.4321315288543701 -0.627198338508606 0.9998692274093628
0.6940610408782959 0.3706560730934143 -0.49435725808143616 0.9979761242866516
0.44860607385635376 0.38045692443847656 -0.6713083386421204 0.9994127750396729
0.6895053386688232 0.3475634455680847 -0.46562644839286804 0.9977954626083374
0.4508298337459564 0.36970773339271545 -0.648094892501831 0.9993489384651184
0.6864992380142212 0.3725665807723999 -0.4535130262374878 0.9980831146240234
0.4532005488872528 0.390306681394577 -0.6238831877708435 0.9992727637290955
0.6065253615379333 0.7849317193031311 0.02392864041030407 0.9998714923858643
0.5081350207328796 0.7936882376670837 -0.02343575283885002 0.9999021291732788
0.6074842810630798 1.0580145120620728 -0.01603427715599537 0.7567843794822693
0.5162453055381775 1.0690762996673584 -0.04367274045944214 0.638078510761261
0.6265639066696167 1.2388007640838623 0.3813151717185974 0.0018137790029868484
0.5046972632408142 1.2814135551452637 0.2883882522583008 0.006413902156054974
0.6317997574806213 1.26686429977417 0.41878753900527954 0.0061553167179226875
0.5028619766235352 1.316880464553833 0.3174023926258087 0.005293796304613352
0.6207922101020813 1.3261646032333374 0.3042902946472168 0.0012478787684813142
0.5167837142944336 1.363356113433838 0.15651743113994598 0.0038125847931951284
