0.5522233843803406 0.33991408348083496 -0.16132159531116486 0.9999864101409912
0.559745728969574 0.3189760148525238 -0.13409297168254852 0.9998993873596191
0.5650686621665955 0.3194582760334015 -0.13406899571418762 0.9999736547470093
0.5697908997535706 0.3199863135814667 -0.13403381407260895 0.9998825788497925
0.5432344675064087 0.3194023072719574 -0.1322997659444809 0.9998857975006104
0.5377747416496277 0.3203776180744171 -0.13267074525356293 0.9999711513519287
0.5333493947982788 0.3219861686229706 -0.13266541063785553 0.9998891353607178
0.5772674083709717 0.33321329951286316 -0.0034284673165529966 0.9999854564666748
0.5250908732414246 0.3396812081336975 0.00400154385715723 0.9999867677688599
0.5627603530883789 0.36841076612472534 -0.11264664679765701 0.9999167919158936
0.54246586561203 0.3685864806175232 -0.11101914942264557 0.9998961687088013
0.6178131103515625 0.4735899865627289 0.025156181305646896 0.9999551773071289
0.48533833026885986 0.4947550594806671 0.057544220238924026 0.9998822212219238
0.6722573637962341 0.6077602505683899 -0.20364461839199066 0.9999171495437622
0.4554077982902527 0.6985471248626709 -0.12850087881088257 0.9983357787132263
0.6264246106147766 0.41447868943214417 -0.42677542567253113 0.9999839067459106
0.5012181401252747 0.5853204727172852 -0.38639846444129944 0.9999665021896362
0.6188550591468811 0.3501215875148773 -0.4713190495967865 0.9999403953552246
0.5124991536140442 0.5460062026977539 -0.4245169460773468 0.9998785257339478
0.6166459918022156 0.34079015254974365 -0.4232639670372009 0.999923586845398
0.5110214352607727 0.5137597918510437 -0.3989560306072235 0.9998465776443481
0.6136747598648071 0.36469295620918274 -0.4116957485675812 0.9999452829360962
0.512236475944519 0.5225039720535278 -0.3810034990310669 0.9998705387115479
0.6056066155433655 0.7927064895629883 -0.0024706076364964247 0.9999768733978271
0.5091912150382996 0.7957941889762878 0.003317323513329029 0.9999693632125854
0.6151520013809204 1.0475026369094849 -0.061488501727581024 0.8122612833976746
0.5039290189743042 1.0574275255203247 -0.051110461354255676 0.856304407119751
0.6215641498565674 1.2176520824432373 0.33535295724868774 0.00020864720863755792
0.4940994679927826 1.2269470691680908 0.33581534028053284 0.000751528306864202
0.6254976987838745 1.2507141828536987 0.37386271357536316 0.0032273908145725727
0.4924030303955078 1.2626073360443115 0.37363097071647644 0.004358587320894003
0.613011360168457 1.3003562688827515 0.29236480593681335 7.046065002214164e-05
0.4935610890388489 1.3002244234085083 0.27604472637176514 0.00032867075060494244
