0.5520526170730591 0.3398769199848175 -0.48574912548065186 0.9999550580978394
0.5605519413948059 0.31799450516700745 -0.4592127501964569 0.9997100234031677
0.5657325387001038 0.3191487491130829 -0.4591779112815857 0.999859094619751
0.5702062249183655 0.3207903504371643 -0.4592368006706238 0.9995243549346924
0.5433644652366638 0.31795281171798706 -0.45570823550224304 0.9996862411499023
0.5373675227165222 0.31940340995788574 -0.456006795167923 0.9998499155044556
0.5328744053840637 0.32154566049575806 -0.4560379087924957 0.9995005130767822
0.5785282850265503 0.3365667462348938 -0.30377477407455444 0.9998881816864014
0.5230181813240051 0.3407367765903473 -0.28766557574272156 0.9999103546142578
0.5630587935447693 0.3705213963985443 -0.4273770749568939 0.999947190284729
0.5410016775131226 0.3711780309677124 -0.42347314953804016 0.9999310970306396
0.6142356395721436 0.472610741853714 -0.23222716152668 0.9998828172683716
0.4832049310207367 0.4896637499332428 -0.18294741213321686 0.9995318651199341
0.6745314002037048 0.5891880989074707 -0.5044028162956238 0.9990124702453613
0.4564901292324066 0.6970175504684448 -0.3946220278739929 0.9978887438774109
0.6398290991783142 0.39593392610549927 -0.80593341588974 0.9998481273651123
0.4974082112312317 0.610552191734314 -0.6932340264320374 0.9998486042022705
0.6376546025276184 0.3302958607673645 -0.8667042255401611 0.9991340041160583
0.5083843469619751 0.5660621523857117 -0.7400929927825928 0.9992895126342773
0.6309494376182556 0.32012224197387695 -0.8237717747688293 0.9988565444946289
0.5057604312896729 0.537480354309082 -0.7084102034568787 0.9991232752799988
0.6251462697982788 0.3473665416240692 -0.7939580082893372 0.9988458156585693
0.5049537420272827 0.5480618476867676 -0.6855983138084412 0.998807430267334
0.6011796593666077 0.7683855295181274 -0.013570296578109264 0.9995293617248535
0.5087012052536011 0.774370551109314 0.014357199892401695 0.9989821314811707
0.6150293350219727 1.0018236637115479 -0.22991381585597992 0.4872376024723053
0.5016360878944397 1.0244333744049072 -0.048962634056806564 0.4974476993083954
0.614368200302124 1.1904054880142212 0.15356703102588654 0.0007096934132277966
0.48760101199150085 1.1778537034988403 0.36339035630226135 0.001467761816456914
0.61362624168396 1.2308101654052734 0.18642836809158325 0.008796470239758492
0.48770469427108765 1.214302659034729 0.40017834305763245 0.004427270032465458
0.6121015548706055 1.276732087135315 0.04637710750102997 0.0006957215955480933
0.4796302914619446 1.253777265548706 0.26593446731567383 0.0015471014194190502
