0.5511411428451538 0.3423874080181122 -0.19176869094371796 0.9999946355819702
0.5597020387649536 0.32056090235710144 -0.16543254256248474 0.9999709129333496
0.5655858516693115 0.3210117220878601 -0.16539426147937775 0.9999899864196777
0.5704851150512695 0.3216818869113922 -0.16532455384731293 0.9999638795852661
0.5418998003005981 0.3203958570957184 -0.17047151923179626 0.9999672174453735
0.5365281701087952 0.32145845890045166 -0.17077957093715668 0.9999892711639404
0.5328297019004822 0.32261860370635986 -0.17080089449882507 0.9999648332595825
0.5771570205688477 0.3347497284412384 -0.02816438116133213 0.9999943971633911
0.5235146880149841 0.33971142768859863 -0.050228334963321686 0.9999964237213135
0.563069760799408 0.37151744961738586 -0.1397279053926468 0.9999769926071167
0.5403428673744202 0.3714114725589752 -0.1464952975511551 0.9999765157699585
0.6129274964332581 0.467441588640213 0.02744503691792488 0.9999750852584839
0.48218461871147156 0.4873030483722687 -0.002426040591672063 0.9998781681060791
0.6787087917327881 0.5615687966346741 -0.17806243896484375 0.9998900890350342
0.4544579088687897 0.6939966082572937 -0.18440836668014526 0.9992756247520447
0.662392258644104 0.3784099519252777 -0.43136999011039734 0.999988317489624
0.4978497326374054 0.6187368631362915 -0.4547165632247925 0.9999769926071167
0.6628173589706421 0.307964950799942 -0.4856601655483246 0.9999395608901978
0.5139231085777283 0.5850833058357239 -0.4983717203140259 0.9999079704284668
0.6541977524757385 0.29707610607147217 -0.4495147168636322 0.9999219179153442
0.5115431547164917 0.5580302476882935 -0.48094356060028076 0.999891996383667
0.6493784785270691 0.32020020484924316 -0.4237108826637268 0.9999517202377319
0.5079784393310547 0.5642736554145813 -0.4523310661315918 0.9999085664749146
0.604063868522644 0.7868791222572327 0.008603569120168686 0.9999737739562988
0.509571373462677 0.7902238965034485 -0.00746308034285903 0.9999532699584961
0.6167885661125183 1.039426565170288 -0.036701641976833344 0.6307032108306885
0.5049745440483093 1.0510611534118652 0.05510503798723221 0.6095453500747681
0.6202470064163208 1.2314786911010742 0.32110196352005005 0.00010916670726146549
0.4945906698703766 1.233705759048462 0.4044715464115143 0.0004407625237945467
0.6232122778892517 1.2696254253387451 0.35330647230148315 0.0017328645335510373
0.4920308291912079 1.2750498056411743 0.4365776777267456 0.002036780584603548
0.6118161082267761 1.3182215690612793 0.24726133048534393 3.989936158177443e-05
0.4980970621109009 1.307319164276123 0.3145253360271454 0.00024047199985943735
