0.5506956577301025 0.3495941162109375 -0.17915529012680054 0.9983839988708496
0.558386504650116 0.3270968198776245 -0.15315930545330048 0.9982746839523315
0.5637312531471252 0.3272969126701355 -0.15321888029575348 0.9987448453903198
0.5676670670509338 0.32800471782684326 -0.15333771705627441 0.9985643029212952
0.5410599112510681 0.32726168632507324 -0.15546603500843048 0.9974473714828491
0.5352098345756531 0.3281474709510803 -0.15562017261981964 0.9980783462524414
0.529675304889679 0.32931268215179443 -0.15578235685825348 0.9976791739463806
0.5767472386360168 0.34108924865722656 -0.010478382930159569 0.999025821685791
0.5222121477127075 0.3440503478050232 -0.017543043941259384 0.9987289309501648
0.5624780654907227 0.3752378225326538 -0.12414789944887161 0.9968716502189636
0.5404941439628601 0.37463876605033875 -0.12696850299835205 0.9937259554862976
0.6205264329910278 0.475772887468338 0.02757737599313259 0.9989467263221741
0.4855331778526306 0.4800888001918793 -0.016111155971884727 0.9980171918869019
0.6524521708488464 0.6542522311210632 -0.18869619071483612 0.9984266757965088
0.479369193315506 0.6502866148948669 -0.26032766699790955 0.9971605539321899
0.5770274996757507 0.5187631845474243 -0.404479444026947 0.9979064464569092
0.5504944920539856 0.5133420825004578 -0.47483280301094055 0.9993360638618469
0.5707141160964966 0.4694470465183258 -0.44751617312431335 0.9938375353813171
0.5572768449783325 0.46223101019859314 -0.5213466286659241 0.9965757727622986
0.5700168609619141 0.4543635845184326 -0.40705570578575134 0.9933386445045471
0.5519548058509827 0.44723808765411377 -0.48440778255462646 0.995989978313446
0.5689011812210083 0.4694262444972992 -0.3931237459182739 0.995527446269989
0.5499446988105774 0.46421298384666443 -0.46486398577690125 0.9967789053916931
0.6078360676765442 0.8126375675201416 0.015263495035469532 0.9999696016311646
0.5078591108322144 0.8129581809043884 -0.014529255218803883 0.9999544620513916
0.611588716506958 1.0776102542877197 0.05208941176533699 0.5198719501495361
0.5048122406005859 1.0913892984390259 0.023030661046504974 0.6861793398857117
0.6202204823493958 1.2702152729034424 0.47880902886390686 0.00016435117868240923
0.49148550629615784 1.2723143100738525 0.4045953154563904 0.0005373099120333791
0.6245576739311218 1.3062381744384766 0.5216737389564514 0.0006690211012028158
0.48920291662216187 1.3078193664550781 0.4434124231338501 0.0006370989140123129
0.6133731603622437 1.3511316776275635 0.4351596236228943 8.910470933187753e-05
0.49746963381767273 1.3486225605010986 0.3389500677585602 0.00030534513643942773
