0.5507349371910095 0.3388146162033081 -0.3377455174922943 0.9999654293060303
0.5593173503875732 0.3202531039714813 -0.3117823004722595 0.9997705817222595
0.5640367269515991 0.3207176923751831 -0.31169626116752625 0.9998792409896851
0.5686582922935486 0.3211430609226227 -0.31163015961647034 0.9996341466903687
0.5401903986930847 0.3209170997142792 -0.3218008577823639 0.9998519420623779
0.5334872603416443 0.32219696044921875 -0.32189053297042847 0.9999240636825562
0.5280179977416992 0.323444128036499 -0.3221152722835541 0.9998268485069275
0.5745794773101807 0.33482471108436584 -0.1737053394317627 0.9997159838676453
0.5213258266448975 0.3407365679740906 -0.21815699338912964 0.9999809265136719
0.5618255734443665 0.3668734133243561 -0.2855915427207947 0.9998817443847656
0.5390996336936951 0.36864063143730164 -0.29887548089027405 0.9999595880508423
0.6087053418159485 0.4749191701412201 -0.07810451090335846 0.9997782111167908
0.48111191391944885 0.4918181896209717 -0.16723492741584778 0.999815046787262
0.6585336923599243 0.5911710858345032 -0.21518133580684662 0.9998127818107605
0.48297518491744995 0.7071735262870789 -0.21866703033447266 0.9990735054016113
0.613455593585968 0.3975338935852051 -0.3951135575771332 0.9998480081558228
0.5315704941749573 0.8702648282051086 -0.31051233410835266 0.9993637204170227
0.6023117899894714 0.3429900109767914 -0.4332530200481415 0.9990108013153076
0.5384553074836731 0.9236551523208618 -0.3274534344673157 0.9965542554855347
0.5985347032546997 0.3320728838443756 -0.38894274830818176 0.9988769888877869
0.5555115938186646 0.9118860960006714 -0.3341648280620575 0.9970605969429016
0.5979193449020386 0.35508623719215393 -0.38097259402275085 0.9991208910942078
0.5558963418006897 0.8960087895393372 -0.3106613755226135 0.9978194236755371
0.6061131358146667 0.7806649208068848 0.019708698615431786 0.9999068975448608
0.5179473757743835 0.801129162311554 -0.018845202401280403 0.9998921155929565
0.615592360496521 1.0442383289337158 0.018079333007335663 0.28585290908813477
0.5155637860298157 1.0450876951217651 -0.05951223149895668 0.24674956500530243
0.620467483997345 1.2438621520996094 0.39621666073799133 6.50349902571179e-05
0.5269936919212341 1.2443861961364746 0.2746706008911133 0.00017862385720945895
0.6262327432632446 1.2807645797729492 0.4291815459728241 0.0004530744918156415
0.5263345241546631 1.2845638990402222 0.30290886759757996 0.0005268633831292391
0.6087337732315063 1.3294570446014404 0.3119400441646576 0.00010295731044607237
0.5418807864189148 1.3197731971740723 0.16234031319618225 0.00023889995645731688
