0.5451489090919495 0.33297139406204224 -0.3516083061695099 0.9999381303787231
0.5540498495101929 0.3150991201400757 -0.32599982619285583 0.9998000264167786
0.559613049030304 0.31567472219467163 -0.3260940611362457 0.9998112320899963
0.5653184652328491 0.3166757822036743 -0.32628530263900757 0.9997476935386658
0.5356084108352661 0.31595033407211304 -0.32621514797210693 0.9997937083244324
0.529286801815033 0.3170609474182129 -0.32631194591522217 0.9998155236244202
0.5239003896713257 0.31901299953460693 -0.32649391889572144 0.9997982382774353
0.5762340426445007 0.33463382720947266 -0.187224343419075 0.9998171925544739
0.5167296528816223 0.34007567167282104 -0.18491435050964355 0.9998489618301392
0.5582634806632996 0.36633986234664917 -0.2998380959033966 0.9999841451644897
0.5340458154678345 0.3670894503593445 -0.2993818521499634 0.9999862909317017
0.6169968247413635 0.47492897510528564 -0.11205513775348663 0.9997856020927429
0.47920888662338257 0.4923391342163086 -0.12553997337818146 0.9995173215866089
0.6630235910415649 0.6413177251815796 -0.17851699888706207 0.9878734946250916
0.47957196831703186 0.6994276642799377 -0.15764975547790527 0.991297721862793
0.629734992980957 0.7359669804573059 -0.40173283219337463 0.9269709587097168
0.5273271799087524 0.8656758666038513 -0.2913379967212677 0.9602044224739075
0.6246476769447327 0.7748702764511108 -0.4609260857105255 0.8254149556159973
0.5379734039306641 0.920901894569397 -0.330622136592865 0.9033932685852051
0.6067968010902405 0.7496647238731384 -0.4616737365722656 0.8414638042449951
0.554260790348053 0.9053493142127991 -0.3443343937397003 0.9104940295219421
0.6073399186134338 0.7378695607185364 -0.4050900638103485 0.8452556729316711
0.5526235699653625 0.88526451587677 -0.2962248921394348 0.8991981744766235
0.6049039959907532 0.7839147448539734 -0.0030102431774139404 0.9988478422164917
0.5127259492874146 0.8092719316482544 0.0035081510432064533 0.9978727102279663
0.6278339624404907 0.986943781375885 -0.3852914273738861 0.815212607383728
0.5041767954826355 1.0379655361175537 -0.22474287450313568 0.7828680276870728
0.6271460056304932 1.15871000289917 0.01705791987478733 0.06645119935274124
0.5294825434684753 1.2057478427886963 0.18157251179218292 0.057806652039289474
0.6248010993003845 1.1880340576171875 0.053824443370103836 0.16970546543598175
0.5355726480484009 1.2312984466552734 0.21860340237617493 0.04556415602564812
0.6327314376831055 1.251704454421997 -0.0725770890712738 0.07529588788747787
0.5353841781616211 1.2964138984680176 0.09378229826688766 0.03706477954983711
