0.5481905341148376 0.35455846786499023 -0.389762818813324 0.9999630451202393
0.5552276372909546 0.3288026452064514 -0.3593699336051941 0.9999737739562988
0.5608746409416199 0.3287848234176636 -0.35955744981765747 0.9999779462814331
0.566149890422821 0.3290329575538635 -0.359871506690979 0.999971866607666
0.5369850993156433 0.3278178572654724 -0.3626655042171478 0.9999574422836304
0.5281233191490173 0.32777345180511475 -0.3626185357570648 0.999955415725708
0.5211808681488037 0.3287501931190491 -0.36261308193206787 0.999940037727356
0.5715963840484619 0.34076446294784546 -0.17986299097537994 0.9999845027923584
0.5105469226837158 0.3446184992790222 -0.19619621336460114 0.9999686479568481
0.5560763478279114 0.38705357909202576 -0.32346999645233154 0.9999945163726807
0.5337739586830139 0.3873683214187622 -0.32814836502075195 0.999991774559021
0.6117715835571289 0.495444118976593 -0.08685024827718735 0.9999351501464844
0.4613797068595886 0.49715450406074524 -0.10052736848592758 0.9996342658996582
0.6666113138198853 0.6546303629875183 -0.2529274523258209 0.9821497797966003
0.4308978319168091 0.685739278793335 -0.2826710045337677 0.9760194420814514
0.6607338190078735 0.636021614074707 -0.6597656011581421 0.9823044538497925
0.42680591344833374 0.640028715133667 -0.6979147791862488 0.9896228313446045
0.671619176864624 0.6572431325912476 -0.7441445589065552 0.971978485584259
0.41533389687538147 0.6352895498275757 -0.7773306369781494 0.9848195314407349
0.6619398593902588 0.6450519561767578 -0.7490509748458862 0.9743056297302246
0.4178759753704071 0.6028648614883423 -0.7878103256225586 0.985281765460968
0.6547815203666687 0.6375206112861633 -0.6708966493606567 0.963727593421936
0.42428696155548096 0.6033050417900085 -0.7117071151733398 0.9793375730514526
0.5914089679718018 0.8339211940765381 0.012131482362747192 0.9931204319000244
0.4866655766963959 0.8414012789726257 -0.011872993782162666 0.9865238666534424
0.6623704433441162 0.9753256440162659 -0.35122182965278625 0.9465323686599731
0.4243384003639221 1.0189049243927002 -0.3594394624233246 0.9240044951438904
0.6279621124267578 1.1426825523376465 0.05658620223402977 0.3234056532382965
0.49278154969215393 1.1637108325958252 0.058963216841220856 0.10826756060123444
0.612208366394043 1.1617518663406372 0.09565318375825882 0.30535638332366943
0.5050973892211914 1.16694176197052 0.10023796558380127 0.08465896546840668
0.6408260464668274 1.239709734916687 -0.007667921017855406 0.15171539783477783
0.5048796534538269 1.2483552694320679 -0.0033251747954636812 0.036982521414756775
