0.5467327833175659 0.3564295768737793 -0.4163467586040497 0.9999449253082275
0.5542159676551819 0.32851022481918335 -0.3885708153247833 0.999962568283081
0.5593531727790833 0.3281446695327759 -0.38873091340065 0.9999650716781616
0.5648991465568542 0.3281709551811218 -0.3890228867530823 0.9999557733535767
0.5354110598564148 0.33007800579071045 -0.3918711841106415 0.9999388456344604
0.5278311967849731 0.33083003759384155 -0.39188772439956665 0.9999352693557739
0.5208473205566406 0.3316267728805542 -0.3919289708137512 0.9999173879623413
0.5706333518028259 0.3411790728569031 -0.20322589576244354 0.9999750852584839
0.5100328326225281 0.3448958992958069 -0.21901121735572815 0.9999494552612305
0.5556829571723938 0.3866192698478699 -0.3453572690486908 0.9999878406524658
0.5336703062057495 0.3872457444667816 -0.3502582013607025 0.9999829530715942
0.612147867679596 0.4910498261451721 -0.09385716915130615 0.9998657703399658
0.4666847884654999 0.4914509654045105 -0.10702702403068542 0.9995287656784058
0.648950457572937 0.6662917733192444 -0.29967567324638367 0.9762760400772095
0.4426115155220032 0.6966057419776917 -0.32976388931274414 0.9772077202796936
0.6370806097984314 0.5868923664093018 -0.7171109318733215 0.9818768501281738
0.46202510595321655 0.5981540679931641 -0.7496033310890198 0.9922624826431274
0.6369885206222534 0.5770784616470337 -0.7987151741981506 0.9680896401405334
0.4573262333869934 0.5667756795883179 -0.8228074908256531 0.9855741858482361
0.6299310326576233 0.5622717142105103 -0.7857824563980103 0.9688711166381836
0.4590519964694977 0.5442280769348145 -0.8191117644309998 0.9848543405532837
0.6263316869735718 0.5654314160346985 -0.7204564809799194 0.9518373012542725
0.46529558300971985 0.5537292957305908 -0.7559847235679626 0.9775436520576477
0.5917935967445374 0.8363472819328308 0.004462018609046936 0.9931610822677612
0.49034473299980164 0.8464380502700806 -0.00421928009018302 0.9840179085731506
0.6641639471054077 0.9822947382926941 -0.39390644431114197 0.9623987078666687
0.4413389563560486 1.0619211196899414 -0.2699635922908783 0.9263622760772705
0.6240286231040955 1.2178603410720825 -0.018763132393360138 0.4710906744003296
0.47184520959854126 1.2234153747558594 0.12883195281028748 0.1808042675256729
0.6078774929046631 1.2423772811889648 0.014894947409629822 0.4134865403175354
0.48142439126968384 1.2407357692718506 0.16596122086048126 0.1307491809129715
0.6359838843345642 1.3255069255828857 -0.1215442419052124 0.25598016381263733
0.47092029452323914 1.3118305206298828 0.03598698228597641 0.06324733048677444
