0.5575444102287292 0.37641534209251404 -0.4221608340740204 0.9999940395355225
0.5637921690940857 0.34727412462234497 -0.3999061584472656 0.9999949932098389
0.5683721899986267 0.3466026186943054 -0.4000221788883209 0.9999963045120239
0.5724600553512573 0.34618401527404785 -0.4003259837627411 0.9999955892562866
0.5477100014686584 0.3475949168205261 -0.4027194678783417 0.9999905824661255
0.5389829277992249 0.3475901484489441 -0.40259164571762085 0.9999874830245972
0.5299893021583557 0.34765708446502686 -0.40264350175857544 0.9999806880950928
0.5755005478858948 0.3518667221069336 -0.23389919102191925 0.9999978542327881
0.5147541165351868 0.35594701766967773 -0.24865318834781647 0.9999964237213135
0.563485324382782 0.403878778219223 -0.3556877374649048 0.9999979734420776
0.5451825857162476 0.40334105491638184 -0.3602869212627411 0.9999979734420776
0.6132888793945312 0.48886623978614807 -0.13852275907993317 0.9999904632568359
0.46801552176475525 0.4798412322998047 -0.09533928334712982 0.9999004602432251
0.6163228154182434 0.6977611184120178 -0.26869869232177734 0.9977104663848877
0.43824052810668945 0.6490446925163269 0.005035647191107273 0.9378305077552795
0.5686764121055603 0.4909381866455078 -0.5568193197250366 0.9989984631538391
0.42788636684417725 0.759476363658905 -0.0738566443324089 0.8253945708274841
0.5556914806365967 0.44625231623649597 -0.625160813331604 0.9969761371612549
0.4158518612384796 0.8045217990875244 -0.08820663392543793 0.7538877129554749
0.5601369738578796 0.4316737949848175 -0.6141501665115356 0.9969410300254822
0.4225441515445709 0.7974361777305603 -0.13181298971176147 0.7561675906181335
0.5613842010498047 0.4445412755012512 -0.557698667049408 0.9940022826194763
0.4297999143600464 0.7834300994873047 -0.09081714600324631 0.7355602383613586
0.5875727534294128 0.8209313154220581 0.006972636561840773 0.9977557063102722
0.48336154222488403 0.8283624053001404 -0.0064073423855006695 0.9954892992973328
0.6677356958389282 0.9802377223968506 -0.3273659348487854 0.9722338914871216
0.4308295249938965 1.0143970251083374 -0.3595789074897766 0.9715127944946289
0.596484899520874 1.2110040187835693 -0.02688305452466011 0.5318970680236816
0.4646942913532257 1.217414379119873 -0.020276129245758057 0.27056023478507996
0.5757836699485779 1.2336348295211792 0.00016659592802170664 0.5793732404708862
0.47570452094078064 1.2357053756713867 0.01140851341187954 0.2299279123544693
0.605961263179779 1.3194940090179443 -0.11519281566143036 0.31862351298332214
0.4602380394935608 1.3168587684631348 -0.09744863212108612 0.10805570334196091
