0.5474920272827148 0.3597305417060852 -0.5916672945022583 0.9999644756317139
0.5556190609931946 0.33133387565612793 -0.5601216554641724 0.9999614953994751
0.560792088508606 0.3315562605857849 -0.560315728187561 0.9999808073043823
0.5668643116950989 0.3313816785812378 -0.5605970025062561 0.9999723434448242
0.5364789366722107 0.33082449436187744 -0.562142014503479 0.9999175071716309
0.5279653668403625 0.3309602737426758 -0.5622329711914062 0.999935507774353
0.5212375521659851 0.3315426707267761 -0.562408983707428 0.9998742341995239
0.5724782943725586 0.34152162075042725 -0.3548218905925751 0.9999897480010986
0.509397566318512 0.3447449803352356 -0.36546027660369873 0.9999722242355347
0.5558496713638306 0.390014111995697 -0.5134193897247314 0.9999934434890747
0.5321571230888367 0.38927406072616577 -0.5169882774353027 0.9999903440475464
0.6155040264129639 0.5076583027839661 -0.219939723610878 0.9999927282333374
0.4586558938026428 0.4923952519893646 -0.16099412739276886 0.9998205304145813
0.6390764713287354 0.7403619289398193 -0.3626667857170105 0.9985108971595764
0.4285336136817932 0.7027504444122314 -0.06384720653295517 0.9457734823226929
0.62482750415802 0.6593443751335144 -0.7683074474334717 0.9961338043212891
0.423714816570282 0.8454006910324097 -0.20366458594799042 0.7184213399887085
0.6090545058250427 0.6261559128761292 -0.851788341999054 0.9882506132125854
0.4220062494277954 0.895207405090332 -0.22879566252231598 0.5853854417800903
0.6137324571609497 0.5915379524230957 -0.8378534913063049 0.989044189453125
0.4251710772514343 0.8813704252243042 -0.27012014389038086 0.611662745475769
0.6146293878555298 0.5971958637237549 -0.769216001033783 0.9797336459159851
0.43175938725471497 0.8629357814788818 -0.22071236371994019 0.5859806537628174
0.590505063533783 0.8362462520599365 -0.004810493905097246 0.9973878264427185
0.4803526997566223 0.8468248248100281 0.0057127634063363075 0.9935372471809387
0.6721373200416565 1.019811749458313 -0.4993939697742462 0.882960319519043
0.4299590289592743 1.0536748170852661 -0.4711454212665558 0.8636016249656677
0.6297369599342346 1.3484225273132324 -0.10315566509962082 0.16919013857841492
0.45384666323661804 1.3549957275390625 -0.13113780319690704 0.1620071530342102
0.6226130127906799 1.386242151260376 -0.07265137881040573 0.2530854344367981
0.4556669592857361 1.3902980089187622 -0.10629535466432571 0.18447920680046082
0.628348708152771 1.4498424530029297 -0.28510570526123047 0.07330464571714401
0.4610150456428528 1.4490362405776978 -0.3314720392227173 0.06824439764022827
