0.5500736832618713 0.3584439158439636 -0.5744121074676514 0.9999287128448486
0.5570300817489624 0.3310219645500183 -0.5441086888313293 0.9999213218688965
0.5629385113716125 0.33116358518600464 -0.5442990064620972 0.9999605417251587
0.5676906704902649 0.3312395215034485 -0.5446029305458069 0.9999402761459351
0.5382412075996399 0.3297504782676697 -0.547683596611023 0.9998291730880737
0.5292159914970398 0.3293190002441406 -0.5477634072303772 0.9998689889907837
0.5214847922325134 0.32976382970809937 -0.5479409694671631 0.9997369647026062
0.572102963924408 0.3410240411758423 -0.3460511267185211 0.9999790191650391
0.5091712474822998 0.3430081605911255 -0.36324748396873474 0.9999405145645142
0.5570158362388611 0.3903762102127075 -0.4985666871070862 0.9999878406524658
0.5350095629692078 0.38972896337509155 -0.5040290951728821 0.999983549118042
0.6116920709609985 0.5028355717658997 -0.20746569335460663 0.999988317489624
0.4594198167324066 0.4932975471019745 -0.16484802961349487 0.9997203946113586
0.6378106474876404 0.7361628413200378 -0.3345951437950134 0.9965805411338806
0.4291197955608368 0.6960932612419128 -0.07719407230615616 0.9330441355705261
0.6312914490699768 0.6726198196411133 -0.7252517342567444 0.9912081956863403
0.4148487448692322 0.8441001772880554 -0.23059961199760437 0.6641388535499573
0.6217898726463318 0.6455408334732056 -0.8034906983375549 0.9743735790252686
0.41093653440475464 0.9022374153137207 -0.256896436214447 0.526213526725769
0.624643087387085 0.6059152483940125 -0.7936174273490906 0.9764684438705444
0.4147137701511383 0.880140483379364 -0.3002263903617859 0.5651737451553345
0.6234285235404968 0.6095225811004639 -0.7275401949882507 0.9591244459152222
0.4220987856388092 0.8624230623245239 -0.24895606935024261 0.5422670245170593
0.588049054145813 0.8305226564407349 -0.0019391068490222096 0.9947482943534851
0.48080891370773315 0.8403821587562561 0.00285809813067317 0.9868855476379395
0.6624085903167725 0.994574785232544 -0.4687826931476593 0.8349780440330505
0.4551331102848053 1.0887486934661865 -0.4047392010688782 0.7818061709403992
0.6187245845794678 1.3152328729629517 -0.10228803008794785 0.1455148607492447
0.4579271972179413 1.330277919769287 -0.09535282105207443 0.14629217982292175
0.6114954352378845 1.351627230644226 -0.07476189732551575 0.23714277148246765
0.4585743248462677 1.3688771724700928 -0.07370255887508392 0.16650305688381195
0.6161261796951294 1.4140594005584717 -0.2810056507587433 0.06937485188245773
0.46327823400497437 1.4169926643371582 -0.2933723032474518 0.06692394614219666
