0.5528042912483215 0.362327516078949 -0.5994358658790588 0.9999526739120483
0.5609206557273865 0.33387744426727295 -0.5670034289360046 0.9999481439590454
0.566619336605072 0.33384203910827637 -0.567195475101471 0.9999697208404541
0.5715399980545044 0.3341166377067566 -0.567534863948822 0.9999610185623169
0.5419282913208008 0.33259040117263794 -0.5721991062164307 0.9998952150344849
0.5333752036094666 0.3319113254547119 -0.572278618812561 0.9998977184295654
0.5260337591171265 0.33173859119415283 -0.5724259614944458 0.9997988343238831
0.5755053162574768 0.34544771909713745 -0.3605204224586487 0.9999825954437256
0.5127993822097778 0.3448985815048218 -0.3851058781147003 0.9999567270278931
0.5603346228599548 0.3931708335876465 -0.5202487111091614 0.9999904632568359
0.5379655957221985 0.3911736011505127 -0.5278716683387756 0.9999862909317017
0.6150529384613037 0.501024603843689 -0.22245435416698456 0.9999905824661255
0.46102553606033325 0.49208536744117737 -0.19594404101371765 0.9997654557228088
0.6440108418464661 0.7208681106567383 -0.3890593945980072 0.997361958026886
0.4270172715187073 0.7051181197166443 -0.10572215169668198 0.9414953589439392
0.6309711933135986 0.6169701218605042 -0.7949517965316772 0.9954720735549927
0.4158841669559479 0.8789501786231995 -0.21118834614753723 0.595299243927002
0.6156553030014038 0.5855621099472046 -0.8786501288414001 0.9856443405151367
0.4112929105758667 0.9246426224708557 -0.23043085634708405 0.45622217655181885
0.6182382702827454 0.5472383499145508 -0.8655446171760559 0.9860382676124573
0.4151979386806488 0.9269077181816101 -0.27601781487464905 0.4830556809902191
0.6181513667106628 0.5514131784439087 -0.7967256307601929 0.9715090990066528
0.4207722246646881 0.9081330299377441 -0.2288605272769928 0.45113226771354675
0.5903159379959106 0.8292911052703857 0.003647521138191223 0.9955818057060242
0.4866665005683899 0.83130943775177 -0.002992072841152549 0.9883196353912354
0.6743487119674683 0.9984028935432434 -0.4588618576526642 0.9421244263648987
0.43070024251937866 1.021890640258789 -0.3174384534358978 0.8951916098594666
0.6330183148384094 1.2818365097045898 -0.06947323679924011 0.4671951234340668
0.4703395962715149 1.3060393333435059 0.040930237621068954 0.3122701048851013
0.6192620396614075 1.3142154216766357 -0.03816409409046173 0.47647514939308167
0.47651270031929016 1.3361027240753174 0.06801138073205948 0.27662479877471924
0.6435574889183044 1.3824366331100464 -0.2300574630498886 0.24831049144268036
0.46874114871025085 1.4018925428390503 -0.1276581883430481 0.1290232390165329
