0.5439850091934204 0.38456815481185913 -0.6380853056907654 0.9999723434448242
0.5556528568267822 0.35858917236328125 -0.611413836479187 0.9999648332595825
0.5614294409751892 0.35887640714645386 -0.611514151096344 0.9999762773513794
0.5667831897735596 0.3591657876968384 -0.6118866801261902 0.9999685287475586
0.535098671913147 0.35360103845596313 -0.614645779132843 0.9999438524246216
0.5280770063400269 0.3507641553878784 -0.6146488785743713 0.9999361038208008
0.5220537781715393 0.3484470248222351 -0.6147478222846985 0.9998798370361328
0.5748084783554077 0.3642497658729553 -0.40562042593955994 0.9999871253967285
0.5136588215827942 0.35226625204086304 -0.4212075173854828 0.9999841451644897
0.5539904236793518 0.41402527689933777 -0.5551958084106445 0.9999914169311523
0.5289564728736877 0.4112805128097534 -0.5605760216712952 0.9999914169311523
0.6036087274551392 0.47967782616615295 -0.2595853805541992 0.9999901056289673
0.4603123068809509 0.48992982506752014 -0.20594510436058044 0.9999009370803833
0.6460773348808289 0.6608771681785583 -0.4517013728618622 0.9984166622161865
0.4291287064552307 0.6891394257545471 -0.024326443672180176 0.8832754492759705
0.6017945408821106 0.4573673903942108 -0.8300233483314514 0.9974042773246765
0.4194416403770447 0.8616346120834351 -0.011512503027915955 0.6006326675415039
0.5907475352287292 0.41128605604171753 -0.9117704629898071 0.9899125695228577
0.4128226041793823 0.9066579937934875 -0.008315132930874825 0.4711190462112427
0.5889734029769897 0.3975487947463989 -0.8876317739486694 0.9893975257873535
0.41712695360183716 0.9101133942604065 -0.05856465920805931 0.49138516187667847
0.5879018306732178 0.41469964385032654 -0.8278921842575073 0.9782251119613647
0.4228827655315399 0.8929844498634338 -0.027519466355443 0.4731579124927521
0.5877332091331482 0.8172394633293152 -0.0004442562931217253 0.9964386224746704
0.48798200488090515 0.8233247399330139 0.000972106761764735 0.9932065010070801
0.6751527190208435 0.9920269846916199 -0.4076386094093323 0.9592625498771667
0.4327503442764282 1.0107510089874268 -0.31682661175727844 0.9140297770500183
0.6329805254936218 1.209345817565918 0.02397441864013672 0.39778977632522583
0.4803851842880249 1.2585493326187134 0.062693290412426 0.331744909286499
0.6153930425643921 1.2337883710861206 0.06256143003702164 0.4726702868938446
0.4924502670764923 1.2884339094161987 0.09385330229997635 0.3522305190563202
0.6451452970504761 1.315187692642212 -0.10321955382823944 0.20843353867530823
0.4738968014717102 1.357980489730835 -0.08977748453617096 0.13119980692863464
