0.5377615094184875 0.38546323776245117 -0.6829978227615356 0.999975323677063
0.5489954352378845 0.3618018627166748 -0.6609570384025574 0.9999673366546631
0.554591178894043 0.36212241649627686 -0.661050021648407 0.9999792575836182
0.5601645112037659 0.3624690771102905 -0.6614496111869812 0.9999744892120361
0.5300989151000977 0.35645121335983276 -0.6619672179222107 0.9999418258666992
0.5233952403068542 0.35298794507980347 -0.6619853973388672 0.9999326467514038
0.5177470445632935 0.35008931159973145 -0.6620698571205139 0.9998719692230225
0.570414125919342 0.3677130341529846 -0.46801984310150146 0.999984860420227
0.509033203125 0.35288870334625244 -0.47279754281044006 0.999977707862854
0.5467978119850159 0.41245773434638977 -0.6035928726196289 0.9999908208847046
0.5235002040863037 0.4065885543823242 -0.6056450009346008 0.9999897480010986
0.6041138172149658 0.48109832406044006 -0.3007514178752899 0.9999880790710449
0.4626820683479309 0.48243018984794617 -0.2507461607456207 0.999901294708252
0.6343831419944763 0.6822633147239685 -0.4653443992137909 0.9976612329483032
0.4302780330181122 0.6987828612327576 -0.08886740356683731 0.9200672507286072
0.6043477654457092 0.4911607503890991 -0.8126638531684875 0.9957626461982727
0.421597421169281 0.87371826171875 -0.09792114794254303 0.6278806924819946
0.5932309627532959 0.4467935264110565 -0.890198826789856 0.9841012358665466
0.41902419924736023 0.9190328121185303 -0.09980576485395432 0.46024927496910095
0.5917027592658997 0.43162107467651367 -0.8709579110145569 0.9843286275863647
0.4217628836631775 0.9230556488037109 -0.14952407777309418 0.4825993776321411
0.5914297103881836 0.44663286209106445 -0.811587929725647 0.9718354940414429
0.42645132541656494 0.9056234359741211 -0.11475077271461487 0.46761268377304077
0.5882761478424072 0.8159908056259155 0.007767210248857737 0.9973456263542175
0.48610633611679077 0.8195128440856934 -0.007129620295017958 0.993407130241394
0.6701672077178955 0.9871308207511902 -0.3313538730144501 0.9601752758026123
0.4346447288990021 1.0153062343597412 -0.16926605999469757 0.9097752571105957
0.6283761262893677 1.2613835334777832 0.05471388250589371 0.47778594493865967
0.4689786732196808 1.292945384979248 0.19109034538269043 0.4064357876777649
0.6122094988822937 1.2962589263916016 0.08677085489034653 0.4362925887107849
0.4771050214767456 1.3252251148223877 0.21838165819644928 0.28442367911338806
0.6410359144210815 1.3636107444763184 -0.10293848067522049 0.24522796273231506
0.46420764923095703 1.3964948654174805 0.009942138567566872 0.1746727079153061
