0.550782322883606 0.31841355562210083 -0.20079343020915985 0.9999239444732666
0.5602264404296875 0.30106860399246216 -0.1738627851009369 0.9999316930770874
0.5649331212043762 0.30276262760162354 -0.1739090532064438 0.9999492168426514
0.5695888996124268 0.30471813678741455 -0.17406858503818512 0.9999243021011353
0.5421356558799744 0.2985977530479431 -0.17468295991420746 0.9998987913131714
0.53643798828125 0.2986188530921936 -0.17475686967372894 0.9999170303344727
0.5309230089187622 0.29915493726730347 -0.1748245805501938 0.9998900890350342
0.5772498846054077 0.3221960663795471 -0.033620841801166534 0.9999645948410034
0.5234044194221497 0.3166269063949585 -0.03849426284432411 0.9999395608901978
0.5609731078147888 0.347702294588089 -0.14805084466934204 0.9999527931213379
0.5378513336181641 0.3443135917186737 -0.14970803260803223 0.9999445676803589
0.6079347729682922 0.46635279059410095 0.024029139429330826 0.9998661279678345
0.4838675856590271 0.4672172963619232 0.00860605575144291 0.9994853734970093
0.6384353041648865 0.6699503660202026 -0.15595673024654388 0.9976590871810913
0.45629802346229553 0.6613762378692627 -0.16998668015003204 0.9900561571121216
0.5859613418579102 0.5317356586456299 -0.4306364953517914 0.9978994131088257
0.5138691067695618 0.5835113525390625 -0.40835434198379517 0.9971906542778015
0.5664262175559998 0.49166733026504517 -0.4870459735393524 0.9933452606201172
0.5300101637840271 0.552953839302063 -0.45401087403297424 0.9908168315887451
0.5670759081840515 0.4609657824039459 -0.449876993894577 0.9931854009628296
0.5285153388977051 0.5145514607429504 -0.42507249116897583 0.9900189638137817
0.5696154832839966 0.47064369916915894 -0.4207671284675598 0.9929283261299133
0.5270109176635742 0.521872341632843 -0.4000418484210968 0.989149272441864
0.5910865068435669 0.7788686752319336 0.015034537762403488 0.9998816251754761
0.49650290608406067 0.7770959734916687 -0.014324842020869255 0.9996848106384277
0.6222641468048096 1.0130928754806519 -0.17135867476463318 0.9214113354682922
0.49844181537628174 1.0502341985702515 -0.03970642015337944 0.7855264544487
0.5989581942558289 1.1851965188980103 0.22613880038261414 0.010369937866926193
0.4947580099105835 1.2162036895751953 0.35742464661598206 0.006911152042448521
0.5955005884170532 1.2091050148010254 0.26647505164146423 0.02846258319914341
0.4929529130458832 1.2444899082183838 0.3962096571922302 0.0073123350739479065
0.5865841507911682 1.2777717113494873 0.17091624438762665 0.005490042734891176
0.5059491991996765 1.29512357711792 0.28752291202545166 0.0032015000469982624
