0.5524534583091736 0.3238788843154907 -0.3970366418361664 0.9986677169799805
0.5609709620475769 0.30552804470062256 -0.3711031377315521 0.9989504814147949
0.5663913488388062 0.30715250968933105 -0.3711548149585724 0.9990276098251343
0.5713428258895874 0.3091256022453308 -0.3713572919368744 0.9988310933113098
0.542999267578125 0.30342918634414673 -0.37177708745002747 0.9985430240631104
0.5363807082176208 0.3036564588546753 -0.37186336517333984 0.9985867738723755
0.5310454368591309 0.304301381111145 -0.3719886839389801 0.9984849095344543
0.5771390199661255 0.3241134285926819 -0.21372292935848236 0.9992722868919373
0.5221760869026184 0.3230135440826416 -0.2179558277130127 0.9988945126533508
0.5620649456977844 0.35745105147361755 -0.33647385239601135 0.9995983242988586
0.5411680340766907 0.35255923867225647 -0.3379957973957062 0.9995954632759094
0.6081892251968384 0.4699857532978058 -0.13078512251377106 0.9993294477462769
0.48234641551971436 0.4721508026123047 -0.1379372626543045 0.9988052845001221
0.6426662802696228 0.6709550619125366 -0.31239795684814453 0.9906545281410217
0.45563068985939026 0.6682872772216797 -0.346733033657074 0.9767391681671143
0.5854818224906921 0.552068829536438 -0.6017642617225647 0.9903016090393066
0.5180162191390991 0.5708795785903931 -0.6414688229560852 0.9896257519721985
0.5642065405845642 0.511691689491272 -0.6594739556312561 0.9725040793418884
0.5326786041259766 0.5401214361190796 -0.695012092590332 0.9685413241386414
0.5633445382118225 0.479496031999588 -0.6226432919502258 0.9708384275436401
0.5299268960952759 0.5054832696914673 -0.6647430658340454 0.9637104272842407
0.5674012303352356 0.48889222741127014 -0.5912593603134155 0.9626367092132568
0.5281808972358704 0.5151326060295105 -0.6331832408905029 0.9519725441932678
0.5913622379302979 0.7881185412406921 0.012885372154414654 0.997413694858551
0.49546438455581665 0.7842653393745422 -0.012422014027833939 0.996645987033844
0.630961537361145 1.021484136581421 -0.25162866711616516 0.7889595627784729
0.48723655939102173 1.0321729183197021 -0.25468459725379944 0.7195337414741516
0.6063017249107361 1.1650567054748535 0.20845061540603638 0.0158818531781435
0.4856407940387726 1.2013275623321533 0.14852701127529144 0.022660760208964348
0.6006710529327393 1.1792185306549072 0.2525559067726135 0.03495379909873009
0.4853210747241974 1.2271947860717773 0.18665711581707 0.020005755126476288
0.5988025665283203 1.2596319913864136 0.15380989015102386 0.009284604340791702
0.49498260021209717 1.2795588970184326 0.055788587778806686 0.013486122712492943
