0.5529597401618958 0.3228875994682312 -0.4616348147392273 0.9992764592170715
0.5601228475570679 0.30256205797195435 -0.43623533844947815 0.9994825124740601
0.5647752285003662 0.3037884831428528 -0.4363129436969757 0.999466598033905
0.5700715780258179 0.3052293062210083 -0.4364956021308899 0.9993115663528442
0.5426162481307983 0.3014688491821289 -0.44044220447540283 0.9994669556617737
0.536266565322876 0.30216723680496216 -0.440507709980011 0.9994837045669556
0.5308853983879089 0.30345940589904785 -0.44064152240753174 0.9993956089019775
0.5761333703994751 0.3210933804512024 -0.2836548388004303 0.9993517994880676
0.521678626537323 0.3216838836669922 -0.3036726117134094 0.9996046423912048
0.5617169737815857 0.3527408838272095 -0.4043692350387573 0.9998472929000854
0.5407811403274536 0.34975147247314453 -0.4101580083370209 0.9998867511749268
0.6091430187225342 0.47749027609825134 -0.19925259053707123 0.99945467710495
0.48092421889305115 0.47660455107688904 -0.23077966272830963 0.9994325041770935
0.6356669664382935 0.6689131259918213 -0.35244014859199524 0.9719061851501465
0.4529302716255188 0.6580044031143188 -0.3956906199455261 0.9716013669967651
0.6020722985267639 0.6497676372528076 -0.6902101635932922 0.9686377048492432
0.5056074261665344 0.6529237031936646 -0.6894775629043579 0.9766652584075928
0.5825774073600769 0.6451072096824646 -0.7620737552642822 0.9454168677330017
0.5205223560333252 0.6526566743850708 -0.7515057921409607 0.9583835005760193
0.5835255980491638 0.611423909664154 -0.7514687776565552 0.9463703632354736
0.5238019824028015 0.6151382327079773 -0.7410537004470825 0.9580541253089905
0.5864355564117432 0.6085583567619324 -0.6924137473106384 0.929008960723877
0.5209991931915283 0.6115013360977173 -0.6890459060668945 0.9449869990348816
0.5923227667808533 0.7856646776199341 0.011127077974379063 0.9957534074783325
0.49857646226882935 0.7842859029769897 -0.010928125120699406 0.9964849948883057
0.6302651762962341 1.0190988779067993 -0.11019118875265121 0.5352703928947449
0.5004852414131165 0.9803725481033325 -0.11417225748300552 0.5023558139801025
0.6090503931045532 1.1131739616394043 0.35321059823036194 0.012502792291343212
0.4893697202205658 1.147303581237793 0.3006528615951538 0.011967772617936134
0.6028934121131897 1.1171576976776123 0.3984449505805969 0.021165089681744576
0.4910898804664612 1.1619855165481567 0.3418372571468353 0.013257964514195919
0.6025619506835938 1.1956205368041992 0.32993045449256897 0.008006231859326363
0.49411991238594055 1.2213046550750732 0.25558510422706604 0.007882790639996529
