0.5635150074958801 0.37088966369628906 -0.2522771656513214 0.9999967813491821
0.5751623511314392 0.3527463972568512 -0.22843223810195923 0.9999872446060181
0.5802745819091797 0.35311105847358704 -0.228510320186615 0.9999903440475464
0.5855342149734497 0.35380423069000244 -0.22861561179161072 0.9999830722808838
0.5558270215988159 0.35408809781074524 -0.22679820656776428 0.999982476234436
0.5496435761451721 0.3548527956008911 -0.226847305893898 0.9999856948852539
0.5456371307373047 0.3552679717540741 -0.22703784704208374 0.99997878074646
0.5965324640274048 0.37100154161453247 -0.10526999086141586 0.9999853372573853
0.5404384732246399 0.3732728064060211 -0.09735432267189026 0.9999901056289673
0.574517548084259 0.404717355966568 -0.20781323313713074 0.9999988079071045
0.5510616898536682 0.40307876467704773 -0.20572058856487274 0.9999991655349731
0.6280161738395691 0.5407149791717529 -0.04125603288412094 0.9999691247940063
0.5046839118003845 0.5181434154510498 -0.050752557814121246 0.9999116659164429
0.6513394713401794 0.726614236831665 -0.14632894098758698 0.9910759925842285
0.4784797728061676 0.7008524537086487 -0.09774143248796463 0.9934857487678528
0.6497315764427185 0.7038877010345459 -0.4210817217826843 0.9946598410606384
0.5093256831169128 0.8363161087036133 -0.24929279088974 0.9877378940582275
0.6589804887771606 0.7390878796577454 -0.4810335040092468 0.9836817979812622
0.5092399716377258 0.8875197172164917 -0.284759521484375 0.9645620584487915
0.6446466445922852 0.7166963815689087 -0.4809001088142395 0.9858442544937134
0.5272613167762756 0.8807376623153687 -0.2974095642566681 0.967199444770813
0.6385554671287537 0.703925371170044 -0.4258718490600586 0.9832478165626526
0.5289320945739746 0.8632177114486694 -0.2543773353099823 0.9645105600357056
0.6033000946044922 0.8252747654914856 0.005674208980053663 0.9993280172348022
0.5184155702590942 0.819694459438324 -0.005106095690280199 0.998946487903595
0.6214390993118286 1.0370044708251953 -0.26996681094169617 0.6321852803230286
0.5035290718078613 1.0319966077804565 -0.21236106753349304 0.6547919511795044
0.6057684421539307 1.2181742191314697 0.058750830590724945 0.026791036128997803
0.5161739587783813 1.2250981330871582 0.1107628345489502 0.0541234090924263
0.601031482219696 1.2490131855010986 0.08603560924530029 0.09716477990150452
0.5182169079780579 1.2581795454025269 0.13825362920761108 0.041081976145505905
0.6027302145957947 1.3118550777435303 -0.047361038625240326 0.03197364881634712
0.5195696949958801 1.3077199459075928 -0.0008335851598531008 0.05247620865702629
