0.5670986175537109 0.3859686851501465 -0.2917305827140808 0.9999942779541016
0.5781769156455994 0.3654993772506714 -0.2666429579257965 0.9999874830245972
0.5842950344085693 0.3658856749534607 -0.2666153907775879 0.9999904632568359
0.5889202356338501 0.3666080832481384 -0.2666414976119995 0.9999858140945435
0.5601443648338318 0.3648642301559448 -0.26627570390701294 0.9999867677688599
0.5545673966407776 0.3652019500732422 -0.2662591338157654 0.9999895095825195
0.5507519245147705 0.36563605070114136 -0.2664146423339844 0.9999866485595703
0.5955910086631775 0.3775503635406494 -0.12391884624958038 0.9999892711639404
0.5445637106895447 0.3791630268096924 -0.12224693596363068 0.9999959468841553
0.577357292175293 0.4131060242652893 -0.2388709932565689 0.9999967813491821
0.5559883117675781 0.4101490080356598 -0.23904913663864136 0.9999980926513672
0.627964973449707 0.5288256406784058 -0.04889816790819168 0.9999725818634033
0.5036993026733398 0.5180776119232178 -0.041829392313957214 0.9999507665634155
0.6756467223167419 0.6963340044021606 -0.22875800728797913 0.999371349811554
0.47974854707717896 0.7052905559539795 -0.07139604538679123 0.9905175566673279
0.6364609003067017 0.48701122403144836 -0.48382046818733215 0.9989062547683716
0.508186936378479 0.8349831700325012 -0.2183832973241806 0.9786050319671631
0.6368018388748169 0.4295377731323242 -0.5378938913345337 0.9929782748222351
0.5096093416213989 0.884006679058075 -0.244127094745636 0.9386311769485474
0.6322088241577148 0.4205670654773712 -0.5023882985115051 0.9923068881034851
0.5271546840667725 0.8784244060516357 -0.2547042965888977 0.9439711570739746
0.6271438598632812 0.4419505298137665 -0.4752533733844757 0.9913297891616821
0.5286645889282227 0.861183226108551 -0.22340582311153412 0.947838544845581
0.6139234304428101 0.8477676510810852 0.00130939029622823 0.9994033575057983
0.5219831466674805 0.8502433896064758 -0.0002644714550115168 0.9992256164550781
0.6193810105323792 1.1017332077026367 -0.18641981482505798 0.31534677743911743
0.5278289914131165 1.0825138092041016 -0.18038775026798248 0.25598424673080444
0.6179391741752625 1.31227707862854 0.08610676974058151 0.0008867676369845867
0.5309709906578064 1.3101321458816528 0.010086476802825928 0.002837984124198556
0.6196257472038269 1.3483550548553467 0.10664541274309158 0.0030845089349895716
0.5272467136383057 1.3524121046066284 0.023279769346117973 0.003646730212494731
0.6007713079452515 1.4014182090759277 -0.05038347467780113 0.0010048216208815575
0.5446698069572449 1.3860198259353638 -0.1498708575963974 0.0032962190452963114
