0.5676124095916748 0.38624107837677 -0.2735210061073303 0.9999970197677612
0.5792050957679749 0.3662744164466858 -0.24735532701015472 0.9999918937683105
0.5851596593856812 0.3669591546058655 -0.2473258525133133 0.9999936819076538
0.5893124341964722 0.3677983283996582 -0.24732184410095215 0.9999895095825195
0.5610798597335815 0.3643600344657898 -0.24775844812393188 0.9999923706054688
0.5554322004318237 0.36417192220687866 -0.24776789546012878 0.9999945163726807
0.5514037013053894 0.3638465404510498 -0.2479405552148819 0.9999929666519165
0.596520185470581 0.378775954246521 -0.10389808565378189 0.9999922513961792
0.544908881187439 0.3770645260810852 -0.10657019913196564 0.9999979734420776
0.5774878263473511 0.41448402404785156 -0.22068056464195251 0.9999977350234985
0.5557579398155212 0.4107430577278137 -0.22214104235172272 0.9999988079071045
0.6287491321563721 0.5326522588729858 -0.03187987580895424 0.9999653100967407
0.5032423138618469 0.5172041654586792 -0.036253977566957474 0.9999654293060303
0.6758383512496948 0.696551501750946 -0.22041599452495575 0.9995112419128418
0.4796499013900757 0.7075401544570923 -0.09031304717063904 0.9949446320533752
0.6377534866333008 0.4865889847278595 -0.4855697453022003 0.9991500377655029
0.5080004334449768 0.8362447023391724 -0.25201061367988586 0.9904137253761292
0.6360923647880554 0.42361414432525635 -0.5409519076347351 0.9944301247596741
0.5092810988426208 0.8856098651885986 -0.28136757016181946 0.9699675440788269
0.6311777830123901 0.4143722355365753 -0.5021392107009888 0.9938814640045166
0.5266432762145996 0.8777227997779846 -0.28928273916244507 0.9726219773292542
0.6276859045028687 0.4354485869407654 -0.4760836958885193 0.9933218359947205
0.5280088782310486 0.8607536554336548 -0.256117582321167 0.9739428758621216
0.6143296957015991 0.8536083698272705 0.0019039501203224063 0.9996126294136047
0.5215227007865906 0.8528901934623718 -0.0009457997512072325 0.9995550513267517
0.6190289855003357 1.104686975479126 -0.25893983244895935 0.3945595622062683
0.5209203362464905 1.085562825202942 -0.24488790333271027 0.3652208149433136
0.6157823801040649 1.313889741897583 0.030032074078917503 0.00091759447241202
0.5262472033500671 1.3138288259506226 -0.04545874893665314 0.003827975131571293
0.6172918677330017 1.350265383720398 0.052408616989851 0.0034218793734908104
0.5231024026870728 1.3552277088165283 -0.031301919370889664 0.004438634496182203
0.5986592173576355 1.4024142026901245 -0.10275786370038986 0.001098669832572341
0.5385025143623352 1.391139268875122 -0.20177552103996277 0.003953929059207439
