0.564022958278656 0.3749353289604187 -0.3482670187950134 0.9999924898147583
0.575167715549469 0.35625791549682617 -0.31869322061538696 0.9999747276306152
0.5802552700042725 0.35688555240631104 -0.31873998045921326 0.9999768733978271
0.5855451226234436 0.35764211416244507 -0.31883031129837036 0.9999587535858154
0.5561758279800415 0.356825053691864 -0.3206023573875427 0.9999762773513794
0.5497018694877625 0.35740166902542114 -0.3207652270793915 0.999982476234436
0.5451604723930359 0.3579740524291992 -0.3209530711174011 0.9999765157699585
0.5955966114997864 0.37480050325393677 -0.16397131979465485 0.9999651908874512
0.5400535464286804 0.37491458654403687 -0.17496031522750854 0.9999915361404419
0.5741085410118103 0.40854209661483765 -0.2920185327529907 0.9999979734420776
0.5511965155601501 0.4067405164241791 -0.2956647574901581 0.9999990463256836
0.6251128911972046 0.5415388345718384 -0.07940506190061569 0.9999451637268066
0.5020847320556641 0.5230588912963867 -0.09291091561317444 0.9999496936798096
0.6612234115600586 0.7469664812088013 -0.21746684610843658 0.9973875880241394
0.476205050945282 0.7076137065887451 -0.14482633769512177 0.9934344291687012
0.6314074993133545 0.6908217668533325 -0.5270111560821533 0.9968018531799316
0.5081064701080322 0.8391391038894653 -0.3508754074573517 0.9879543781280518
0.6229665875434875 0.6809743046760559 -0.5931844711303711 0.9846701622009277
0.5095095634460449 0.8872793316841125 -0.3936273455619812 0.9651048183441162
0.619103193283081 0.6517770886421204 -0.5726814270019531 0.9855570197105408
0.5269814729690552 0.8784691095352173 -0.4051026999950409 0.9685072302818298
0.6187208890914917 0.6507755517959595 -0.5240358114242554 0.9803196787834167
0.5274158120155334 0.8620263338088989 -0.3561192452907562 0.9624941349029541
0.6110839247703552 0.8362690806388855 -0.0009345781290903687 0.9986542463302612
0.5228320360183716 0.8378980159759521 0.0015468617202714086 0.9988677501678467
0.620757520198822 1.0598520040512085 -0.37485483288764954 0.6504039168357849
0.5087661743164062 1.0329229831695557 -0.36201128363609314 0.6986837387084961
0.6171169877052307 1.2469114065170288 -0.040860679000616074 0.013696889393031597
0.5232699513435364 1.2395918369293213 -0.028603171929717064 0.043144479393959045
0.615559995174408 1.2822500467300415 -0.014395449310541153 0.06041378527879715
0.5261998772621155 1.2760708332061768 -0.001600162242539227 0.035826753824949265
0.6128485202789307 1.3308769464492798 -0.17742614448070526 0.020991597324609756
0.5264903903007507 1.318794846534729 -0.1745750457048416 0.04734042286872864
