0.5411485433578491 0.35743117332458496 -0.10825993120670319 0.9995837807655334
0.5473381280899048 0.33638471364974976 -0.07592441141605377 0.9996389150619507
0.5512081384658813 0.33637648820877075 -0.07603204250335693 0.9997557997703552
0.55556720495224 0.3367133140563965 -0.07618531584739685 0.9997034668922424
0.5314903259277344 0.33608269691467285 -0.0827980786561966 0.9993928670883179
0.5253500938415527 0.33623552322387695 -0.08288638293743134 0.9995087385177612
0.5195497870445251 0.336872398853302 -0.083015076816082 0.9993247985839844
0.561501145362854 0.3488631844520569 0.07086049020290375 0.9998201727867126
0.5092037320137024 0.3499276638031006 0.03857472911477089 0.9997090697288513
0.5502161383628845 0.38334301114082336 -0.054467953741550446 0.9992586970329285
0.5308526158332825 0.381727010011673 -0.06418061256408691 0.9990383386611938
0.5979703664779663 0.49352946877479553 0.10161111503839493 0.9994029998779297
0.46065112948417664 0.48559021949768066 0.03244103118777275 0.9987947940826416
0.6171127557754517 0.6723686456680298 -0.10760252922773361 0.992224931716919
0.4581497013568878 0.6489972472190857 -0.18511962890625 0.9924960136413574
0.5822594165802002 0.5013684034347534 -0.34798768162727356 0.9957785606384277
0.5313841700553894 0.5166559219360352 -0.35060665011405945 0.9983575940132141
0.5860891938209534 0.4519411027431488 -0.39496007561683655 0.9908733367919922
0.5524130463600159 0.48076656460762024 -0.3853646218776703 0.9927196502685547
0.5845297574996948 0.43623897433280945 -0.3522297441959381 0.9904963970184326
0.5459685921669006 0.4559217095375061 -0.35047557950019836 0.9915937185287476
0.5780370831489563 0.4544450640678406 -0.33760014176368713 0.9917479753494263
0.5409422516822815 0.4683983027935028 -0.3389963209629059 0.9919438362121582
0.5838361382484436 0.8052946925163269 0.025616466999053955 0.9998607635498047
0.4849534332752228 0.8161376714706421 -0.024925775825977325 0.999707043170929
0.6463660001754761 0.9914002418518066 -0.14682358503341675 0.8855511546134949
0.4760858416557312 1.017758846282959 -0.1544763594865799 0.871590793132782
0.6096649169921875 1.2061394453048706 0.2491103559732437 0.0033390771131962538
0.4790057837963104 1.2267882823944092 0.2190735638141632 0.0034230146557092667
0.6037346720695496 1.2304966449737549 0.29010316729545593 0.009925780817866325
0.47652795910835266 1.2511870861053467 0.25836050510406494 0.005162541288882494
0.6037357449531555 1.29520845413208 0.22232277691364288 0.0010835103457793593
0.4923950433731079 1.2995245456695557 0.1753215193748474 0.0013869465328752995
