0.538025975227356 0.3587295413017273 -0.20584657788276672 0.9996784925460815
0.5456863641738892 0.33883917331695557 -0.18142923712730408 0.9995731711387634
0.5501039624214172 0.3385651111602783 -0.18155315518379211 0.9997734427452087
0.55417400598526 0.3382102847099304 -0.1816566437482834 0.999626636505127
0.5292329788208008 0.3381343483924866 -0.18238310515880585 0.9992766976356506
0.5233920216560364 0.3379528522491455 -0.18251961469650269 0.9995601773262024
0.5179427862167358 0.33817511796951294 -0.18266358971595764 0.9992114305496216
0.561728298664093 0.34864675998687744 -0.04762892797589302 0.9998422861099243
0.5092156529426575 0.3500104546546936 -0.053243137896060944 0.9997158646583557
0.5480553507804871 0.3870771825313568 -0.15505649149417877 0.9994710087776184
0.5283763408660889 0.388361394405365 -0.15712429583072662 0.9991982579231262
0.6025331020355225 0.4954243302345276 -0.003991557285189629 0.9996198415756226
0.4636768698692322 0.4840535521507263 -0.0289080198854208 0.9991809725761414
0.6192702651023865 0.6746570467948914 -0.20666061341762543 0.9988027811050415
0.45470649003982544 0.653002142906189 -0.2438337802886963 0.9975798726081848
0.5844890475273132 0.5010648965835571 -0.4668772518634796 0.9992833733558655
0.5213731527328491 0.538215160369873 -0.45335498452186584 0.9995711445808411
0.5813751220703125 0.45026257634162903 -0.5162319540977478 0.9984867572784424
0.5445117950439453 0.5007907152175903 -0.4958808720111847 0.9981662631034851
0.5811777114868164 0.4352438747882843 -0.48056524991989136 0.9984310269355774
0.539380669593811 0.47013548016548157 -0.4590694010257721 0.9978995323181152
0.5788890719413757 0.44858142733573914 -0.4582073986530304 0.9986175298690796
0.533939778804779 0.48760342597961426 -0.44236406683921814 0.9980460405349731
0.5849035382270813 0.8106005787849426 0.013582888059318066 0.9999070167541504
0.484963595867157 0.8155156373977661 -0.012976938858628273 0.9998007416725159
0.6369538903236389 0.9911122918128967 -0.11744827777147293 0.8654524087905884
0.4807262718677521 1.0875122547149658 -0.11876722425222397 0.9084429740905762
0.6043711304664612 1.2649977207183838 0.2860279083251953 0.0017256620340049267
0.4762531816959381 1.2736128568649292 0.2258734554052353 0.003043212229385972
0.6015424132347107 1.29653799533844 0.32686665654182434 0.005149692762643099
0.47258156538009644 1.3046948909759521 0.26175859570503235 0.005335600581020117
0.5964037775993347 1.357651710510254 0.24955299496650696 0.00045507182949222624
0.4888990521430969 1.3478760719299316 0.16669414937496185 0.0009665171382948756
