0.5464798212051392 0.4137464165687561 -0.33470025658607483 0.9997716546058655
0.5505544543266296 0.3929175138473511 -0.31120216846466064 0.9992971420288086
0.5536226630210876 0.3938181400299072 -0.3112545609474182 0.9995570778846741
0.5565935373306274 0.3949856162071228 -0.3113059997558594 0.9993093013763428
0.5388582348823547 0.3897920250892639 -0.31941911578178406 0.9993813037872314
0.5333026051521301 0.3886726498603821 -0.3194963335990906 0.9995442032814026
0.5274385213851929 0.388258159160614 -0.3196922838687897 0.9992565512657166
0.5542926788330078 0.40494969487190247 -0.1589786410331726 0.9996150732040405
0.511127769947052 0.40093469619750977 -0.19630183279514313 0.9998194575309753
0.5491048693656921 0.43818026781082153 -0.2754097580909729 0.9998880624771118
0.5357502698898315 0.43788978457450867 -0.28685513138771057 0.9999096393585205
0.5870938897132874 0.5344609022140503 -0.0898345336318016 0.9999477863311768
0.4596470594406128 0.5352691411972046 -0.07140864431858063 0.9998821020126343
0.6383337378501892 0.6647495031356812 -0.2774660289287567 0.9996691942214966
0.42826956510543823 0.7032729983329773 -0.00011869551235577092 0.9953771829605103
0.5687890648841858 0.5326154232025146 -0.5863618850708008 0.9984174966812134
0.43514716625213623 0.8543210029602051 -0.061732228845357895 0.9782580733299255
0.5510241389274597 0.501319408416748 -0.6522045731544495 0.9930180311203003
0.42451950907707214 0.9062177538871765 -0.07746927440166473 0.9405587315559387
0.5483243465423584 0.488034725189209 -0.6201328039169312 0.9923392534255981
0.4378120005130768 0.9027416706085205 -0.10724879801273346 0.9467253088951111
0.5501756072044373 0.49590325355529785 -0.5802969336509705 0.9917575716972351
0.446115642786026 0.8829289674758911 -0.07243014127016068 0.9555173516273499
0.5767121911048889 0.8485647439956665 -0.0014299564063549042 0.9992635846138
0.4870711863040924 0.8624280691146851 0.002374916570261121 0.9988441467285156
0.584983229637146 1.1075607538223267 -0.08728577196598053 0.7104455232620239
0.48462504148483276 1.120582938194275 0.010812378488481045 0.5593842267990112
0.5837655663490295 1.315374493598938 0.24384866654872894 0.004179026000201702
0.48307931423187256 1.3224177360534668 0.32353708148002625 0.007194299250841141
0.5842710137367249 1.3483514785766602 0.2727687656879425 0.011043553240597248
0.48199671506881714 1.3588650226593018 0.34942686557769775 0.016580896452069283
0.5759668350219727 1.4017549753189087 0.13080236315727234 0.0016739115817472339
0.48974817991256714 1.396467924118042 0.18925006687641144 0.0034825170878320932
