0.5349822640419006 0.41212713718414307 -0.4344179332256317 0.9999567270278931
0.5427231192588806 0.3934915065765381 -0.41005459427833557 0.9998133778572083
0.5469710230827332 0.39480388164520264 -0.4101772904396057 0.999903678894043
0.5516344308853149 0.39634668827056885 -0.4102756083011627 0.9998005032539368
0.5266659259796143 0.3894089460372925 -0.4151532053947449 0.99978107213974
0.5204067230224609 0.38870179653167725 -0.41522055864334106 0.9998407363891602
0.5148239731788635 0.38887864351272583 -0.41539156436920166 0.9996090531349182
0.5551429390907288 0.4057691693305969 -0.24384434521198273 0.999874472618103
0.5042312145233154 0.4003105163574219 -0.265438050031662 0.9998869895935059
0.5412057638168335 0.4403406083583832 -0.3702681362628937 0.9999653100967407
0.5220671892166138 0.4395580291748047 -0.3770354986190796 0.9999616146087646
0.5907393097877502 0.5407007336616516 -0.12286534905433655 0.9999524354934692
0.45513999462127686 0.5400651693344116 -0.13537827134132385 0.9998193383216858
0.6214060187339783 0.7038174867630005 -0.2531734108924866 0.9928392171859741
0.4201732575893402 0.7228150367736816 -0.12479901313781738 0.9938889741897583
0.6507183313369751 0.6624878644943237 -0.6085638403892517 0.9875572919845581
0.41676318645477295 0.8686767816543579 -0.2554633617401123 0.9418104887008667
0.6634445190429688 0.6599171757698059 -0.6740941405296326 0.9691334366798401
0.4037577509880066 0.9273431897163391 -0.27557173371315 0.8639270663261414
0.6586287021636963 0.641529381275177 -0.6780465245246887 0.9722005128860474
0.41686326265335083 0.9254339337348938 -0.30846431851387024 0.880056619644165
0.6511335372924805 0.6408559083938599 -0.6184121370315552 0.9681820273399353
0.4238974452018738 0.9130169153213501 -0.26838043332099915 0.8830292820930481
0.5725060701370239 0.8520756959915161 -0.00012562514166347682 0.9976523518562317
0.47940534353256226 0.8647063374519348 0.0010612474288791418 0.9942107200622559
0.5887925624847412 1.0805797576904297 -0.3454449474811554 0.7606560587882996
0.47540557384490967 1.1215306520462036 -0.011884612962603569 0.5786568522453308
0.5842753052711487 1.2927792072296143 -0.05048014223575592 0.02898658812046051
0.48250463604927063 1.3149735927581787 0.33715611696243286 0.027053914964199066
0.5821571350097656 1.3267955780029297 -0.028038036078214645 0.04997437819838524
0.4841634929180145 1.349593997001648 0.3637324869632721 0.0451231375336647
0.5800644159317017 1.3797296285629272 -0.21080413460731506 0.012057192623615265
0.48268061876296997 1.3906259536743164 0.1860836148262024 0.011494211852550507
