0.537199079990387 0.3391231894493103 -0.3059925138950348 0.9992295503616333
0.5458943843841553 0.3180200159549713 -0.2785324156284332 0.9982239603996277
0.5509265065193176 0.3178074359893799 -0.2784799039363861 0.9986976385116577
0.5546910762786865 0.31808963418006897 -0.2786092460155487 0.998056173324585
0.5304740071296692 0.3187412619590759 -0.27611619234085083 0.9976385831832886
0.52516770362854 0.31849509477615356 -0.27643874287605286 0.9983034133911133
0.5207332372665405 0.3190544843673706 -0.2764596939086914 0.9972200393676758
0.5623524785041809 0.3312941789627075 -0.136099174618721 0.9992958307266235
0.5143191814422607 0.3306712508201599 -0.12499619275331497 0.9981510043144226
0.5477069020271301 0.3620873689651489 -0.25267907977104187 0.9994650483131409
0.527937114238739 0.3659402132034302 -0.2502051591873169 0.9989225268363953
0.6049746870994568 0.47612276673316956 -0.07738976180553436 0.9996079802513123
0.47461292147636414 0.4744738042354584 -0.075836680829525 0.9987778067588806
0.6696838140487671 0.6423022747039795 -0.34368816018104553 0.9989176988601685
0.4078602194786072 0.628850519657135 -0.31265249848365784 0.9977807402610779
0.6219177842140198 0.4816494882106781 -0.6256729960441589 0.9995026588439941
0.4810113310813904 0.45997244119644165 -0.5627804398536682 0.9998224377632141
0.6079038381576538 0.42977631092071533 -0.6791064143180847 0.9972907900810242
0.4946179687976837 0.4079029858112335 -0.6050271987915039 0.9989824891090393
0.5958299040794373 0.41252100467681885 -0.6236335039138794 0.9966956377029419
0.4976956248283386 0.3966648578643799 -0.5601294040679932 0.9987000226974487
0.5931650996208191 0.42493969202041626 -0.6082441210746765 0.9965583682060242
0.49833768606185913 0.4147856533527374 -0.5490536093711853 0.9982689619064331
0.5842226147651672 0.7915448546409607 0.0010349508374929428 0.9996764659881592
0.49209824204444885 0.8017585277557373 -0.0005137354019097984 0.9993630051612854
0.6125510334968567 1.0222182273864746 -0.31477993726730347 0.9167922735214233
0.4885675311088562 1.0403410196304321 -0.052220091223716736 0.7923339009284973
0.5970972776412964 1.1651945114135742 0.09599588811397552 0.007037862669676542
0.49790138006210327 1.1962004899978638 0.3675018548965454 0.007310628890991211
0.594231903553009 1.1873687505722046 0.1388072371482849 0.05663532763719559
0.5002481341362 1.2225502729415894 0.4081070125102997 0.011295292526483536
0.5903834700584412 1.2452934980392456 0.035577740520238876 0.008356615900993347
0.5017573237419128 1.2756078243255615 0.3002215325832367 0.005420651752501726
