0.5410199761390686 0.3746795654296875 -0.3151419460773468 0.9986447691917419
0.5484179258346558 0.35113751888275146 -0.2888423204421997 0.9991601705551147
0.5517190098762512 0.3519689440727234 -0.28896352648735046 0.9990465044975281
0.5557310581207275 0.35272496938705444 -0.2891620099544525 0.9992133378982544
0.5322062969207764 0.3501121997833252 -0.29143673181533813 0.9992165565490723
0.5246230363845825 0.35047149658203125 -0.2914145290851593 0.998975396156311
0.5181744694709778 0.3509421944618225 -0.2915346026420593 0.9990966320037842
0.5602731108665466 0.3663915991783142 -0.14455005526542664 0.9990429282188416
0.5077405571937561 0.36443227529525757 -0.15536566078662872 0.9989262223243713
0.5478268265724182 0.40358665585517883 -0.26077428460121155 0.9994848966598511
0.5274753570556641 0.4029521048069 -0.2641783058643341 0.9995416402816772
0.6038166880607605 0.5019170641899109 -0.09946802258491516 0.9992659687995911
0.4663347005844116 0.49369773268699646 -0.11900302022695541 0.9989105463027954
0.6285266280174255 0.6844344735145569 -0.24626198410987854 0.9833636283874512
0.44003647565841675 0.6573764085769653 -0.312501460313797 0.980233371257782
0.5585466027259827 0.5755671262741089 -0.4826052486896515 0.9805194735527039
0.5333948135375977 0.5554966330528259 -0.521243691444397 0.9827473759651184
0.5472099781036377 0.5306291580200195 -0.5272791385650635 0.9580577611923218
0.5456990599632263 0.5159374475479126 -0.564872682094574 0.9496582746505737
0.5483624339103699 0.5118474960327148 -0.5023680925369263 0.9549398422241211
0.5414600968360901 0.49917954206466675 -0.5322225689888 0.9399173259735107
0.5489397644996643 0.5239173173904419 -0.4748300015926361 0.9342049956321716
0.5383598208427429 0.5125604867935181 -0.5098596215248108 0.9238011837005615
0.589760959148407 0.8082432746887207 0.011841895058751106 0.9918850660324097
0.48991695046424866 0.8185141682624817 -0.011834997683763504 0.990384578704834
0.6811382174491882 0.9783818125724792 -0.17929889261722565 0.9349870085716248
0.422004759311676 1.0057940483093262 -0.1791110634803772 0.8948885202407837
0.604669988155365 0.9693984389305115 0.24291746318340302 0.05016075447201729
0.4925670027732849 0.9974631071090698 0.1780441254377365 0.04019629955291748
0.5903342962265015 0.9387117028236389 0.2922799289226532 0.044873617589473724
0.5015108585357666 0.9866223335266113 0.22094526886940002 0.04164200648665428
0.580127477645874 1.0237284898757935 0.30208903551101685 0.02863847278058529
0.5021002888679504 1.0244879722595215 0.21084828674793243 0.02180960215628147
