0.5405299067497253 0.37043333053588867 -0.2421850562095642 0.9954558610916138
0.5483784079551697 0.3469735383987427 -0.21265138685703278 0.997398853302002
0.5516676306724548 0.34843385219573975 -0.21280676126480103 0.9971475005149841
0.5553779602050781 0.3502362370491028 -0.21304412186145782 0.9977699518203735
0.5321425199508667 0.344626784324646 -0.21544550359249115 0.9974865913391113
0.5247712731361389 0.34458059072494507 -0.21539875864982605 0.9968089461326599
0.5183660387992859 0.34485381841659546 -0.21553072333335876 0.9972615242004395
0.559912383556366 0.36505383253097534 -0.06651658564805984 0.9968715310096741
0.5069388151168823 0.35928070545196533 -0.07768397033214569 0.9960963129997253
0.5473384261131287 0.40079906582832336 -0.1879536509513855 0.9978927969932556
0.5262423753738403 0.3994297981262207 -0.1915590614080429 0.9978983402252197
0.599358320236206 0.49687787890434265 -0.0338059738278389 0.9985670447349548
0.4634702503681183 0.49304771423339844 -0.05940873548388481 0.9975926280021667
0.6290848255157471 0.6839576959609985 -0.18404816091060638 0.9701887369155884
0.44037967920303345 0.6542596817016602 -0.2565165162086487 0.9565449953079224
0.5539108514785767 0.5724972486495972 -0.40468862652778625 0.9564287662506104
0.5361533761024475 0.5523325204849243 -0.4502853453159332 0.9576942920684814
0.5411714911460876 0.5269082188606262 -0.4490823745727539 0.9137275218963623
0.5490128397941589 0.5104385614395142 -0.494201123714447 0.8900109529495239
0.5439197421073914 0.5093836784362793 -0.4217637777328491 0.9077240228652954
0.5453354716300964 0.4970831871032715 -0.46128690242767334 0.870765745639801
0.5452197194099426 0.5218296051025391 -0.3960972726345062 0.8720333576202393
0.5418636798858643 0.5120894312858582 -0.43909648060798645 0.8441594243049622
0.5889695286750793 0.8063903450965881 0.013042930513620377 0.9936311841011047
0.4880249798297882 0.8174970746040344 -0.01299164816737175 0.990532398223877
0.6837636828422546 0.969719648361206 -0.15234747529029846 0.9409063458442688
0.4207252264022827 1.0127205848693848 -0.15894903242588043 0.8810253739356995
0.613050103187561 0.9802514910697937 0.27863451838493347 0.05923411250114441
0.4776468873023987 1.002158761024475 0.22807937860488892 0.03347405046224594
0.5980518460273743 0.9531827569007874 0.32930681109428406 0.04621320962905884
0.48502853512763977 0.9913674592971802 0.27492719888687134 0.03240872547030449
0.5924636125564575 1.0387063026428223 0.33813801407814026 0.030852340161800385
0.4838661849498749 1.0243862867355347 0.26867011189460754 0.018001632764935493
