0.5435663461685181 0.37063851952552795 -0.16645893454551697 0.9996916055679321
0.5484613180160522 0.3469163775444031 -0.13599635660648346 0.9996964931488037
0.5519629716873169 0.34757453203201294 -0.13615410029888153 0.9997162222862244
0.5558695197105408 0.34838438034057617 -0.1363667994737625 0.9997326731681824
0.5328249335289001 0.34638512134552 -0.14209170639514923 0.9997571110725403
0.5264863967895508 0.3462267518043518 -0.14205661416053772 0.9997490048408508
0.5200552940368652 0.3463987708091736 -0.14220570027828217 0.9997562766075134
0.5601608753204346 0.36207467317581177 0.01607300154864788 0.9997918009757996
0.5072044730186462 0.36085939407348633 -0.009580359794199467 0.9998619556427002
0.5508027672767639 0.39949923753738403 -0.1095467284321785 0.9998142123222351
0.5316038727760315 0.39953675866127014 -0.11708680540323257 0.9998584985733032
0.6012510061264038 0.5010467767715454 0.062103454023599625 0.999790370464325
0.4630054235458374 0.501143217086792 0.02729376032948494 0.9996628761291504
0.6372904181480408 0.6857358813285828 -0.08311338722705841 0.9860513210296631
0.44084271788597107 0.6699005961418152 -0.15788434445858002 0.9891518354415894
0.554786741733551 0.6496726870536804 -0.31978756189346313 0.9653323888778687
0.5414356589317322 0.650446891784668 -0.35961267352104187 0.9817589521408081
0.5346472263336182 0.6278975009918213 -0.37627649307250977 0.9227244853973389
0.5588746666908264 0.6334586143493652 -0.40550366044044495 0.9464770555496216
0.5367630124092102 0.6044650077819824 -0.34256598353385925 0.9233234524726868
0.5560044646263123 0.6116985082626343 -0.3830990195274353 0.9416099190711975
0.5424546599388123 0.607276439666748 -0.3098592460155487 0.8933150768280029
0.5507215857505798 0.6148434281349182 -0.35162022709846497 0.9264183640480042
0.5910842418670654 0.8092504143714905 0.004124599043279886 0.9830198884010315
0.4933445155620575 0.8171168565750122 -0.0035739808809012175 0.9835836291313171
0.6863526105880737 0.9778311252593994 -0.2119087129831314 0.9596235752105713
0.4274009168148041 1.015733003616333 -0.15512336790561676 0.9310327768325806
0.6215358972549438 1.2545628547668457 0.022788770496845245 0.42497169971466064
0.4861434996128082 1.2658271789550781 0.08531744033098221 0.2361881583929062
0.6063826680183411 1.2808092832565308 0.04345528408885002 0.30921080708503723
0.4953024685382843 1.2911049127578735 0.10682723671197891 0.15514618158340454
0.6295688152313232 1.3475271463394165 -0.07259726524353027 0.15870873630046844
0.4797629415988922 1.350217580795288 0.002495394553989172 0.06271818280220032
