0.5446258187294006 0.37219884991645813 -0.25860169529914856 0.999079704284668
0.5519244074821472 0.34923481941223145 -0.23447230458259583 0.9994165897369385
0.5560068488121033 0.34981048107147217 -0.23456425964832306 0.9992709755897522
0.5612636804580688 0.35045599937438965 -0.23474231362342834 0.999437153339386
0.5349515676498413 0.3463630676269531 -0.23742303252220154 0.9995346069335938
0.5274146795272827 0.34567415714263916 -0.23737922310829163 0.9993942975997925
0.521145224571228 0.34580594301223755 -0.23747839033603668 0.9995056390762329
0.5658419728279114 0.3604803681373596 -0.1077854335308075 0.9992114305496216
0.5116545557975769 0.35916393995285034 -0.11835110187530518 0.9993249177932739
0.5512999296188354 0.40271997451782227 -0.2109024077653885 0.9996870756149292
0.5311145782470703 0.40297338366508484 -0.21412737667560577 0.9996917247772217
0.6040743589401245 0.5007656812667847 -0.07336483150720596 0.9994741082191467
0.4671674966812134 0.49702566862106323 -0.10817300528287888 0.9992545247077942
0.6375028491020203 0.6829632520675659 -0.1899331659078598 0.9834354519844055
0.45531219244003296 0.6636979579925537 -0.2623145282268524 0.979676365852356
0.5685186386108398 0.6355112791061401 -0.4024988114833832 0.9562627077102661
0.5465258955955505 0.6226873397827148 -0.4259783923625946 0.9746413230895996
0.5556694269180298 0.6129928827285767 -0.442218154668808 0.9112876653671265
0.5636871457099915 0.596306562423706 -0.46297767758369446 0.9362471699714661
0.5551420450210571 0.5856052041053772 -0.4240303635597229 0.9050950407981873
0.5612357258796692 0.5753179788589478 -0.4400523006916046 0.926395833492279
0.5569363236427307 0.5906029939651489 -0.3963415324687958 0.8757376670837402
0.5558801293373108 0.5805392861366272 -0.416865736246109 0.9109180569648743
0.5887647867202759 0.8092586994171143 0.010891583748161793 0.9955146908760071
0.49006912112236023 0.8149967193603516 -0.010907890275120735 0.9943544864654541
0.6792779564857483 0.9701815843582153 -0.13524368405342102 0.9550603032112122
0.42015284299850464 1.0118201971054077 -0.1423274576663971 0.9210535883903503
0.5948594808578491 0.9338414072990417 0.2304767221212387 0.0582754872739315
0.4824880361557007 0.9440000057220459 0.2017451971769333 0.028638452291488647
0.5795459151268005 0.9007944464683533 0.2752685844898224 0.047632694244384766
0.49150508642196655 0.9241645336151123 0.2452012449502945 0.02832043170928955
0.5725997686386108 0.9742653369903564 0.30514436960220337 0.03167710453271866
0.49345630407333374 0.9539992809295654 0.2713043987751007 0.016086451709270477
