0.5347230434417725 0.40853047370910645 -0.4100705683231354 0.9999761581420898
0.5414126515388489 0.3901714086532593 -0.37756115198135376 0.999954104423523
0.545264482498169 0.390966534614563 -0.3776548504829407 0.9999635219573975
0.5492300391197205 0.3919917345046997 -0.3778034448623657 0.9999563694000244
0.5267912149429321 0.3885154128074646 -0.38180413842201233 0.9999485015869141
0.5205824971199036 0.3883224129676819 -0.3818572759628296 0.9999527931213379
0.51490718126297 0.38874340057373047 -0.3820384740829468 0.9999444484710693
0.5555163621902466 0.40586578845977783 -0.19170190393924713 0.9999610185623169
0.5050858855247498 0.4027320146560669 -0.2135590761899948 0.9999784231185913
0.5426996946334839 0.4392356872558594 -0.3402807414531708 0.9999876022338867
0.5231454372406006 0.43752604722976685 -0.3471633493900299 0.9999926090240479
0.5925253629684448 0.5363308787345886 -0.10098095238208771 0.9999417066574097
0.4529058337211609 0.545150876045227 -0.06259660422801971 0.9998893737792969
0.645865261554718 0.649564266204834 -0.3236697018146515 0.9978614449501038
0.4128001630306244 0.7380789518356323 -0.009258246049284935 0.9863203167915344
0.5876366496086121 0.47729039192199707 -0.6747614741325378 0.9928255081176758
0.39575862884521484 0.9111850261688232 -0.1254604458808899 0.932992160320282
0.5707021355628967 0.43974602222442627 -0.7469040751457214 0.9660765528678894
0.38492822647094727 0.9604809880256653 -0.1421302855014801 0.8244554400444031
0.5671207308769226 0.43231964111328125 -0.7079513669013977 0.965527355670929
0.3948715925216675 0.9681081175804138 -0.18462739884853363 0.8462321758270264
0.5677595138549805 0.4457505941390991 -0.6674872040748596 0.9489108324050903
0.40179967880249023 0.9527000188827515 -0.14236155152320862 0.8376795053482056
0.5793373584747314 0.8757646083831787 -0.005779184401035309 0.9935723543167114
0.4837416708469391 0.8888071775436401 0.006364252883940935 0.9874529242515564
0.611344575881958 1.0716578960418701 -0.4647276699542999 0.8887869715690613
0.48124128580093384 1.0670263767242432 -0.38674551248550415 0.8172793984413147
0.6090266108512878 1.3136529922485352 -0.1984233558177948 0.17178796231746674
0.4984913468360901 1.3335075378417969 -0.18977783620357513 0.1964569240808487
0.6062623858451843 1.3496280908584595 -0.17828510701656342 0.29755696654319763
0.4997510612010956 1.372871994972229 -0.17703355848789215 0.23450249433517456
0.6056493520736694 1.4005498886108398 -0.36763492226600647 0.13410328328609467
0.5122202038764954 1.4179866313934326 -0.3822881281375885 0.11837068945169449
