0.5340520143508911 0.4106202721595764 -0.39560940861701965 0.9999747276306152
0.5413786768913269 0.389989972114563 -0.3619491457939148 0.9999256134033203
0.5457190275192261 0.39117342233657837 -0.36202067136764526 0.9999517202377319
0.5502774715423584 0.39277416467666626 -0.3620714843273163 0.9999233484268188
0.5260870456695557 0.3880602717399597 -0.3660442531108856 0.9999374151229858
0.5198778510093689 0.3880414366722107 -0.36607059836387634 0.9999493360519409
0.5141039490699768 0.38823556900024414 -0.36627626419067383 0.9999197721481323
0.5551566481590271 0.40587830543518066 -0.17445014417171478 0.9999279975891113
0.5030249953269958 0.40211158990859985 -0.19311867654323578 0.9999754428863525
0.5411041975021362 0.4405832290649414 -0.3258197009563446 0.99997878074646
0.5212177038192749 0.4386751055717468 -0.3319600224494934 0.9999873638153076
0.5914387106895447 0.5406162142753601 -0.08049561083316803 0.9999029636383057
0.4516456723213196 0.5440545082092285 -0.04538575932383537 0.9999160766601562
0.6417587995529175 0.6520759463310242 -0.3237186670303345 0.9951267242431641
0.4130604565143585 0.7398313879966736 0.03286436200141907 0.9879542589187622
0.5844517946243286 0.4801681637763977 -0.6972601413726807 0.9663926362991333
0.3979697823524475 0.9200387001037598 -0.045449066907167435 0.9025437235832214
0.5649387240409851 0.4432997703552246 -0.7637552618980408 0.8468036651611328
0.3852151930332184 0.9746778607368469 -0.0499161072075367 0.7112625241279602
0.5629329085350037 0.43326348066329956 -0.7194482088088989 0.8473643660545349
0.39332276582717896 0.9815801382064819 -0.09387476742267609 0.7532082796096802
0.5644528269767761 0.4471530616283417 -0.6884368658065796 0.8194777965545654
0.4003598093986511 0.9667930603027344 -0.06131112948060036 0.7546137571334839
0.5780912041664124 0.8725042343139648 -0.0037544937804341316 0.9927214980125427
0.48484838008880615 0.8884975910186768 0.004645028617233038 0.986255407333374
0.5953769683837891 1.0917400121688843 -0.5006247758865356 0.7863073945045471
0.4916965067386627 1.0853660106658936 -0.32366761565208435 0.6199791431427002
0.5968772768974304 1.3412960767745972 -0.352580189704895 0.05432319641113281
0.5139912366867065 1.3519392013549805 -0.15044543147087097 0.04796316474676132
0.5981603860855103 1.3862977027893066 -0.34472647309303284 0.16563013195991516
0.5171483755111694 1.3957548141479492 -0.1415363848209381 0.10168617218732834
0.5858393907546997 1.4182571172714233 -0.5586650371551514 0.05088988319039345
0.526391327381134 1.4312331676483154 -0.3494362235069275 0.02688678540289402
