0.5269581079483032 0.4104568362236023 -0.42471593618392944 0.9998379945755005
0.5350069403648376 0.3892114758491516 -0.3989577293395996 0.999431312084198
0.5391330718994141 0.39000481367111206 -0.3991207480430603 0.9996393918991089
0.5439754724502563 0.39152586460113525 -0.39929378032684326 0.9994219541549683
0.5183596611022949 0.3881698250770569 -0.40287846326828003 0.9994381070137024
0.5120759010314941 0.38828331232070923 -0.402993768453598 0.9995825886726379
0.5069566369056702 0.388984739780426 -0.4032384157180786 0.9993818998336792
0.5494385957717896 0.4037153720855713 -0.2329917848110199 0.9995144605636597
0.49785131216049194 0.4038453698158264 -0.2489437311887741 0.9996985197067261
0.5353248715400696 0.43745774030685425 -0.3609221577644348 0.9999133348464966
0.5150481462478638 0.4382874071598053 -0.36571916937828064 0.9999356269836426
0.5933917164802551 0.5460196137428284 -0.1088121086359024 0.9998453855514526
0.4517923593521118 0.548719584941864 -0.12573544681072235 0.9998248219490051
0.6325498223304749 0.7130575180053711 -0.17892035841941833 0.9564045667648315
0.41118118166923523 0.7372404336929321 -0.10240688174962997 0.9882957935333252
0.6828390955924988 0.7520334124565125 -0.5054156184196472 0.8362482190132141
0.3943597376346588 0.9072760939598083 -0.23468846082687378 0.8920190930366516
0.6978392004966736 0.7657670974731445 -0.564841091632843 0.7012580037117004
0.3811146020889282 0.9686280488967896 -0.2601461708545685 0.7564868927001953
0.6956751942634583 0.7453958988189697 -0.5872851610183716 0.7531113028526306
0.39370453357696533 0.9733770489692688 -0.3012450039386749 0.7960033416748047
0.6880890727043152 0.742205023765564 -0.5228331685066223 0.7239928841590881
0.4004565477371216 0.9559271931648254 -0.25193101167678833 0.7829276919364929
0.5767790675163269 0.8728634715080261 -0.002134705428034067 0.980109691619873
0.4813533425331116 0.883255660533905 0.0029285650234669447 0.9733769297599792
0.597124457359314 1.0893369913101196 -0.4132947027683258 0.8254534006118774
0.4838923513889313 1.1166110038757324 -0.21566449105739594 0.6666710376739502
0.5986126661300659 1.3104736804962158 -0.14450983703136444 0.1601468026638031
0.5085602402687073 1.344876766204834 0.05517241731286049 0.12839019298553467
0.5970966815948486 1.3463588953018188 -0.12525306642055511 0.25725841522216797
0.5115107297897339 1.3808976411819458 0.0733436793088913 0.1384461522102356
0.597373366355896 1.3927639722824097 -0.3181568384170532 0.11366140097379684
0.5180639624595642 1.421769142150879 -0.12568539381027222 0.07343032956123352
