0.5544134378433228 0.3264597952365875 -0.3053542673587799 0.9988732933998108
0.5600614547729492 0.3065257668495178 -0.2763660252094269 0.9994332194328308
0.5639541149139404 0.30707502365112305 -0.27636468410491943 0.9991776347160339
0.5685831308364868 0.30786800384521484 -0.27654048800468445 0.9992890357971191
0.5434844493865967 0.30633699893951416 -0.2801775336265564 0.9993587136268616
0.5372670888900757 0.3068746328353882 -0.2802106440067291 0.9990279674530029
0.5316376686096191 0.30782729387283325 -0.2802903950214386 0.9991413354873657
0.5738984942436218 0.32304808497428894 -0.12827540934085846 0.9994237422943115
0.5218921899795532 0.3246048092842102 -0.1437007039785385 0.9991158843040466
0.5621041655540466 0.35318562388420105 -0.250222384929657 0.99982088804245
0.5437455773353577 0.3533334732055664 -0.25497689843177795 0.9997863173484802
0.6091972589492798 0.4764641225337982 -0.06587015837430954 0.9996967315673828
0.48263660073280334 0.4741700291633606 -0.09962840378284454 0.9989550113677979
0.6544004082679749 0.6650686264038086 -0.24041005969047546 0.987374484539032
0.44493788480758667 0.656461238861084 -0.31197255849838257 0.9760162830352783
0.5858568549156189 0.5565857887268066 -0.5038431882858276 0.9845923781394958
0.5116643309593201 0.5522021651268005 -0.558763861656189 0.9833923578262329
0.5746534466743469 0.5112653970718384 -0.5537954568862915 0.9549161791801453
0.5203777551651001 0.5019364356994629 -0.6019271612167358 0.9464669823646545
0.5729643702507019 0.4979313015937805 -0.5155872702598572 0.9493453502655029
0.5219704508781433 0.4848688244819641 -0.573150098323822 0.9337300062179565
0.5733032822608948 0.5071620941162109 -0.49230462312698364 0.9333635568618774
0.5216686129570007 0.49826693534851074 -0.5499277710914612 0.9148272275924683
0.590717077255249 0.7774126529693604 0.019481556490063667 0.9994459748268127
0.4971669316291809 0.7755131125450134 -0.019336069002747536 0.9986030459403992
0.6347755789756775 0.9727601408958435 -0.2306177318096161 0.7996736168861389
0.482797235250473 0.9848545789718628 -0.13909153640270233 0.570006251335144
0.6042451858520508 1.0251238346099854 0.16812986135482788 0.011881301179528236
0.4727403521537781 1.0304481983184814 0.26010608673095703 0.003489305265247822
0.5958837270736694 1.0191656351089478 0.21284620463848114 0.022096548229455948
0.47034257650375366 1.036433458328247 0.3042438328266144 0.005961334332823753
0.5946584939956665 1.08770751953125 0.17847652733325958 0.010734545066952705
0.47311365604400635 1.0782396793365479 0.2750946581363678 0.004091752227395773
