0.5521559119224548 0.32772988080978394 -0.20793387293815613 0.9978253841400146
0.5598874688148499 0.3076496720314026 -0.18166445195674896 0.9988769888877869
0.5636588335037231 0.3087620139122009 -0.18179355561733246 0.998798131942749
0.5683654546737671 0.3102632164955139 -0.1820267289876938 0.998971700668335
0.5427005290985107 0.3068898320198059 -0.18469230830669403 0.9985632300376892
0.5367053151130676 0.30775219202041626 -0.18462537229061127 0.9982226490974426
0.531388521194458 0.30930936336517334 -0.18476122617721558 0.9983009696006775
0.5747638940811157 0.3258169889450073 -0.04815581813454628 0.9991129040718079
0.5226031541824341 0.32644033432006836 -0.06070040911436081 0.9982727766036987
0.561434805393219 0.3554407060146332 -0.15791042149066925 0.9991773962974548
0.5403414368629456 0.35385411977767944 -0.16196557879447937 0.9990869760513306
0.6102046370506287 0.4668434262275696 -0.022169725969433784 0.9981462955474854
0.4817126393318176 0.46958863735198975 -0.04512974992394447 0.9956542253494263
0.632850706577301 0.6477784514427185 -0.21150022745132446 0.9674678444862366
0.46394285559654236 0.6453116536140442 -0.2679280936717987 0.8761091232299805
0.5623656511306763 0.5140689611434937 -0.4233100712299347 0.971347451210022
0.5193852782249451 0.5185213088989258 -0.4979449510574341 0.9343279004096985
0.5511119365692139 0.4717544913291931 -0.46123382449150085 0.939648449420929
0.5280200839042664 0.4747605621814728 -0.5389619469642639 0.8726511597633362
0.5521196722984314 0.45665788650512695 -0.4260571300983429 0.9347251653671265
0.5253048539161682 0.4607514441013336 -0.5123544335365295 0.8553130626678467
0.554073691368103 0.4671584367752075 -0.41205108165740967 0.9188568592071533
0.5237810015678406 0.4758240282535553 -0.49163782596588135 0.8336836099624634
0.5884622931480408 0.7794663906097412 0.020838232710957527 0.9931392073631287
0.4966449737548828 0.7743338942527771 -0.020616311579942703 0.9897356033325195
0.6344597339630127 0.9671823978424072 -0.21196348965168 0.7950627207756042
0.47949546575546265 0.9478781819343567 -0.25761544704437256 0.6869143843650818
0.6164868474006653 1.0295366048812866 0.19268383085727692 0.0168836060911417
0.49349913001060486 1.0644726753234863 0.0806453675031662 0.020217139273881912
0.6071814298629761 1.0199217796325684 0.23723693192005157 0.027109159156680107
0.4961698353290558 1.0748419761657715 0.11946282535791397 0.021578440442681313
0.6092625260353088 1.1114307641983032 0.21973110735416412 0.009700484573841095
0.5005775094032288 1.139488697052002 0.06957760453224182 0.011661624535918236
