0.5522910952568054 0.32675665616989136 -0.1070438101887703 0.9964460730552673
0.56106036901474 0.30789440870285034 -0.07697317004203796 0.9977370500564575
0.5648887157440186 0.3092576861381531 -0.07715024799108505 0.9975638389587402
0.5694975256919861 0.31113529205322266 -0.07739241421222687 0.9980959296226501
0.5442173480987549 0.3062441349029541 -0.08096369355916977 0.9973305463790894
0.5380367040634155 0.3063742518424988 -0.08090346306562424 0.9968379735946655
0.5323742628097534 0.3068639636039734 -0.08105809986591339 0.9972028732299805
0.5764091610908508 0.32781416177749634 0.052391134202480316 0.9981100559234619
0.5236636996269226 0.3247581124305725 0.03665030002593994 0.9971877932548523
0.5615785121917725 0.3578275144100189 -0.05971364676952362 0.9983353018760681
0.5405434370040894 0.3523646295070648 -0.06472165882587433 0.9982448816299438
0.6103017926216125 0.46995535492897034 0.06246011331677437 0.9981104135513306
0.48335736989974976 0.4666270315647125 0.03731384500861168 0.9954684972763062
0.6344351172447205 0.6518670320510864 -0.1318918913602829 0.9560107588768005
0.4616027772426605 0.6403365135192871 -0.194508895277977 0.8730326890945435
0.5641653537750244 0.5273312330245972 -0.34102359414100647 0.9632406830787659
0.5256372690200806 0.5193195343017578 -0.40764668583869934 0.9441424012184143
0.5553000569343567 0.4817711114883423 -0.37953367829322815 0.9273790121078491
0.5375519394874573 0.4705827534198761 -0.446658730506897 0.8874807357788086
0.5559797286987305 0.46421515941619873 -0.3426247537136078 0.9216287732124329
0.5330600738525391 0.4536873996257782 -0.41714656352996826 0.8680387139320374
0.5573642253875732 0.47886890172958374 -0.32928991317749023 0.8997368216514587
0.5302438735961914 0.4713546335697174 -0.3995175361633301 0.83994060754776
0.5916825532913208 0.7759117484092712 0.015273739583790302 0.9842901825904846
0.4974738359451294 0.7715917825698853 -0.01494355034083128 0.9772542715072632
0.63115394115448 0.9630085229873657 -0.281335711479187 0.7634404301643372
0.4820418953895569 0.925096869468689 -0.3031616508960724 0.6113426685333252
0.606364905834198 1.0522212982177734 -0.012281371280550957 0.021566111594438553
0.48999863862991333 1.0775154829025269 -0.10547620803117752 0.024982353672385216
0.5963364839553833 1.0541167259216309 0.016607986763119698 0.035235580056905746
0.49383851885795593 1.0987625122070312 -0.08341333270072937 0.028942618519067764
0.6018605828285217 1.1225820779800415 -0.026642343029379845 0.012814619578421116
0.4872685372829437 1.145115613937378 -0.16141527891159058 0.014547961764037609
