0.5541453957557678 0.3214067220687866 -0.3395930230617523 0.9989338517189026
0.5607892274856567 0.30370110273361206 -0.31312015652656555 0.9991958737373352
0.56525719165802 0.30481594800949097 -0.3132157027721405 0.999182403087616
0.5699542760848999 0.3059677481651306 -0.3133927881717682 0.9990052580833435
0.5441380739212036 0.3021131753921509 -0.3176461458206177 0.9991099238395691
0.5382044911384583 0.3028964400291443 -0.31771984696388245 0.9990881681442261
0.5327537655830383 0.3038465976715088 -0.317856103181839 0.9990590214729309
0.5758251547813416 0.32090628147125244 -0.1654926985502243 0.9993543028831482
0.5229647755622864 0.32181763648986816 -0.18592636287212372 0.9994602799415588
0.5632438659667969 0.34970781207084656 -0.2835709750652313 0.9996926784515381
0.5430735945701599 0.34799623489379883 -0.2897014617919922 0.9997677206993103
0.6101461052894592 0.4699496626853943 -0.09751768410205841 0.9988067150115967
0.48261067271232605 0.4728885591030121 -0.12216708064079285 0.9987345337867737
0.6324260830879211 0.6707611083984375 -0.2529566287994385 0.975918710231781
0.4611234962940216 0.663119912147522 -0.3009379208087921 0.9703707695007324
0.5786668062210083 0.5790454149246216 -0.5265235900878906 0.9666109085083008
0.5236673951148987 0.586699366569519 -0.5597070455551147 0.9799562692642212
0.5611221194267273 0.5357000827789307 -0.5814914703369141 0.9298709034919739
0.5424239635467529 0.5615363121032715 -0.6101250052452087 0.9513441920280457
0.560596764087677 0.5084166526794434 -0.5507381558418274 0.9277997016906738
0.5390406250953674 0.5316752195358276 -0.587218701839447 0.947123646736145
0.5634391903877258 0.5187667608261108 -0.518960177898407 0.9156490564346313
0.5358057618141174 0.537731409072876 -0.5539476275444031 0.9347296953201294
0.5898073315620422 0.7764222621917725 0.008875266648828983 0.9955868721008301
0.496475487947464 0.774529218673706 -0.008486945182085037 0.9955198764801025
0.6321189999580383 0.9756571650505066 -0.19017501175403595 0.7330698370933533
0.4810236692428589 1.0063278675079346 -0.20194944739341736 0.717140793800354
0.6080079674720764 1.130361557006836 0.2547997832298279 0.013873038813471794
0.494962215423584 1.16654634475708 0.18175652623176575 0.02111300826072693
0.6020960211753845 1.1413726806640625 0.2983969748020172 0.029876500368118286
0.4982641339302063 1.1870423555374146 0.2195196896791458 0.02117747999727726
0.6019445657730103 1.2208161354064941 0.2192315310239792 0.00883580930531025
0.5014950037002563 1.2496204376220703 0.11657983809709549 0.012530091218650341
