0.5518739819526672 0.3191252648830414 -0.32190120220184326 0.9999773502349854
0.5599289536476135 0.30136430263519287 -0.2893368899822235 0.9999713897705078
0.5650421977043152 0.3018816113471985 -0.28947246074676514 0.9999724626541138
0.5695546865463257 0.30238503217697144 -0.28970375657081604 0.9999654293060303
0.5425061583518982 0.30056726932525635 -0.2907586097717285 0.9999662637710571
0.536264955997467 0.3008941411972046 -0.2908065915107727 0.9999675750732422
0.5307804346084595 0.3015250563621521 -0.2909647226333618 0.9999655485153198
0.576720654964447 0.3184015452861786 -0.12417344003915787 0.999976634979248
0.5224542021751404 0.32149890065193176 -0.13115625083446503 0.9999885559082031
0.5607836842536926 0.3509059548377991 -0.2616696357727051 0.9999963045120239
0.540067732334137 0.3507263660430908 -0.2640223801136017 0.9999978542327881
0.6115978360176086 0.4797004461288452 -0.03717951476573944 0.9992815852165222
0.48105061054229736 0.47341954708099365 -0.0695163682103157 0.9997616410255432
0.627953827381134 0.6771515011787415 -0.18085339665412903 0.936897873878479
0.45431604981422424 0.6494615077972412 -0.20855501294136047 0.9427503943443298
0.6154035925865173 0.6921517252922058 -0.48354464769363403 0.798185408115387
0.49002504348754883 0.6984840035438538 -0.4781959354877472 0.8838740587234497
0.6196839809417725 0.7210735082626343 -0.5481075644493103 0.7010836005210876
0.500361442565918 0.7270538210868835 -0.535500705242157 0.8061990737915039
0.6158002018928528 0.6934295296669006 -0.5517042875289917 0.7209302186965942
0.5096961855888367 0.6976790428161621 -0.5362788438796997 0.8096582889556885
0.6113627552986145 0.6847375631332397 -0.4913422465324402 0.6840725541114807
0.5084449052810669 0.6897408366203308 -0.4818528890609741 0.7660908102989197
0.5874507427215576 0.7540110945701599 0.014270595274865627 0.9936420321464539
0.500075101852417 0.7553893327713013 -0.013626551255583763 0.9964674711227417
0.6276611089706421 0.9708489179611206 -0.4164130389690399 0.860060453414917
0.4998113512992859 0.9261764883995056 -0.49076804518699646 0.8542206287384033
0.6112741827964783 1.147578239440918 -0.2369595617055893 0.09499087184667587
0.4998095631599426 1.1688312292099 -0.33678826689720154 0.24739377200603485
0.6043540239334106 1.1789343357086182 -0.23091848194599152 0.28972452878952026
0.5038678646087646 1.2143751382827759 -0.33200207352638245 0.2404971569776535
0.6170706152915955 1.2269965410232544 -0.4027222692966461 0.08579567074775696
0.4955352544784546 1.2476972341537476 -0.540718138217926 0.18170854449272156
