0.5380403399467468 0.3578217625617981 -0.22106952965259552 0.9998390674591064
0.5460819005966187 0.3352963328361511 -0.1959187537431717 0.9997733235359192
0.550307035446167 0.33506298065185547 -0.1960320621728897 0.9998801946640015
0.5545339584350586 0.3353167176246643 -0.19611234962940216 0.9998019337654114
0.5299333930015564 0.3353903293609619 -0.19761285185813904 0.9996346235275269
0.5239986181259155 0.33527064323425293 -0.1977478712797165 0.9997830986976624
0.5184882283210754 0.3358703851699829 -0.19789503514766693 0.9996141195297241
0.5614657998085022 0.3471437096595764 -0.05824815854430199 0.9999111890792847
0.5089566111564636 0.3499091863632202 -0.06689675897359848 0.9998592138290405
0.5474274158477783 0.38524991273880005 -0.16907192766666412 0.9997304081916809
0.5282151699066162 0.38524577021598816 -0.172017440199852 0.9996259212493896
0.6009961366653442 0.4912366569042206 -0.00861335825175047 0.9997097849845886
0.4605424106121063 0.4854799509048462 -0.037358928471803665 0.999482274055481
0.6189647316932678 0.6774017214775085 -0.20605893433094025 0.9982878565788269
0.45600426197052 0.6569669842720032 -0.25680726766586304 0.997960090637207
0.5872008204460144 0.521460771560669 -0.475076824426651 0.9989926218986511
0.52460777759552 0.5417919158935547 -0.4735676348209381 0.9995172023773193
0.5846052169799805 0.47208890318870544 -0.5244431495666504 0.9977790713310242
0.5486459732055664 0.507309079170227 -0.516201913356781 0.9977928400039673
0.5834742784500122 0.4518122971057892 -0.4911459684371948 0.9976826906204224
0.5423068404197693 0.4750231206417084 -0.47861942648887634 0.9974709749221802
0.5801694393157959 0.4660283923149109 -0.4676261246204376 0.9979922771453857
0.5364885330200195 0.48732712864875793 -0.46211138367652893 0.9976467490196228
0.5855468511581421 0.810628354549408 0.014109613373875618 0.999841570854187
0.4840846061706543 0.8180228471755981 -0.013431873172521591 0.9996705055236816
0.6432872414588928 0.9887253642082214 -0.1127355769276619 0.8040187358856201
0.47651252150535583 1.0853564739227295 -0.07767488807439804 0.8592368960380554
0.605728030204773 1.2783284187316895 0.25753629207611084 0.0015229776035994291
0.4744970202445984 1.2882564067840576 0.22012418508529663 0.003479352919384837
0.6032959222793579 1.3142387866973877 0.29342082142829895 0.00437790947034955
0.47147873044013977 1.3241353034973145 0.24947650730609894 0.005206692032516003
0.6008967161178589 1.3698854446411133 0.19963659346103668 0.0004128585278522223
0.4859943687915802 1.3630528450012207 0.13813158869743347 0.0011763233924284577
