0.5377518534660339 0.3559623956680298 -0.16604571044445038 0.9999134540557861
0.5460060834884644 0.33559077978134155 -0.13752542436122894 0.9998561143875122
0.5499163269996643 0.3355058431625366 -0.1375422179698944 0.9999216794967651
0.5542058348655701 0.33535826206207275 -0.13759618997573853 0.9998824596405029
0.5297018885612488 0.3352867364883423 -0.13945703208446503 0.999762237071991
0.5236443877220154 0.3353731036186218 -0.13958829641342163 0.9998539686203003
0.5179919004440308 0.33560335636138916 -0.13969916105270386 0.9997524619102478
0.5602981448173523 0.3456233739852905 0.00018115327111445367 0.9999395608901978
0.5086333155632019 0.34737348556518555 -0.009439784102141857 0.9999043941497803
0.5466019511222839 0.3810938596725464 -0.11536766588687897 0.9997273087501526
0.5271856784820557 0.379658043384552 -0.11881625652313232 0.9995369911193848
0.6013264060020447 0.48967257142066956 0.03056047298014164 0.9997217059135437
0.4594605267047882 0.488697350025177 0.0010701707797124982 0.9994986057281494
0.6202569603919983 0.6789842844009399 -0.16753952205181122 0.9987012147903442
0.45814308524131775 0.6592780947685242 -0.21578870713710785 0.9987295269966125
0.5793622732162476 0.5077368021011353 -0.38520002365112305 0.9994146823883057
0.5368496179580688 0.5091638565063477 -0.39048081636428833 0.9998600482940674
0.5792363286018372 0.4593510627746582 -0.42571088671684265 0.9983804225921631
0.5562698245048523 0.4701673090457916 -0.4266076982021332 0.9992142915725708
0.5804683566093445 0.4429488182067871 -0.38526076078414917 0.9981890320777893
0.5519200563430786 0.44590574502944946 -0.38508886098861694 0.9990413784980774
0.5756627321243286 0.4583105146884918 -0.3745543658733368 0.9988002777099609
0.5453681945800781 0.4583268165588379 -0.37728673219680786 0.9992296695709229
0.5854085683822632 0.8069844245910645 0.012106126174330711 0.999962568283081
0.4853326380252838 0.8163591027259827 -0.011040790937840939 0.9999241828918457
0.6356790065765381 1.0037171840667725 -0.08089051395654678 0.5195430517196655
0.48118358850479126 1.0845203399658203 -0.03872823715209961 0.7468217015266418
0.605967104434967 1.2801337242126465 0.28967586159706116 9.395414963364601e-05
0.4826901853084564 1.2812480926513672 0.2938023805618286 0.00028822285821661353
0.6065271496772766 1.3203518390655518 0.326391339302063 0.0005379002541303635
0.4794124364852905 1.3165076971054077 0.32737302780151367 0.0005398435168899596
0.5982663631439209 1.3677968978881836 0.23376546800136566 3.2656174880685285e-05
0.49664729833602905 1.3590714931488037 0.22398065030574799 0.00011196760897291824
