0.5357276797294617 0.3376029133796692 -0.4055781960487366 0.9999996423721313
0.5449618101119995 0.31581103801727295 -0.37486737966537476 0.999998927116394
0.5509723424911499 0.31617337465286255 -0.3748372495174408 0.9999995231628418
0.5549732446670532 0.31701332330703735 -0.3748125731945038 0.9999988079071045
0.5268571972846985 0.3157002925872803 -0.37559235095977783 0.9999983310699463
0.5207279324531555 0.31611257791519165 -0.3758220970630646 0.9999990463256836
0.5163067579269409 0.3171478509902954 -0.37582290172576904 0.9999973773956299
0.5613908767700195 0.33595019578933716 -0.2017848640680313 0.9999996423721313
0.5079065561294556 0.3356032371520996 -0.20787844061851501 0.9999991655349731
0.5468708276748657 0.36624282598495483 -0.34244927763938904 0.9999997615814209
0.5243682265281677 0.366149365901947 -0.34500011801719666 0.9999994039535522
0.603119969367981 0.48848041892051697 -0.10651739686727524 0.9999988079071045
0.4573701024055481 0.4934339225292206 -0.10778845101594925 0.9999840259552002
0.6668264865875244 0.6943668127059937 -0.3036133944988251 0.9998735189437866
0.40356186032295227 0.6912442445755005 -0.31682083010673523 0.9995755553245544
0.6449341177940369 0.5616799592971802 -0.663273811340332 0.9999722242355347
0.4391227960586548 0.5670860409736633 -0.6799075603485107 0.9999750852584839
0.6314609050750732 0.5170506238937378 -0.7287887930870056 0.9998047947883606
0.4511476755142212 0.5226771831512451 -0.7400833964347839 0.9998237490653992
0.6302784085273743 0.4870435297489166 -0.699722170829773 0.9997815489768982
0.45346900820732117 0.4946745038032532 -0.7081997394561768 0.9997968077659607
0.6302669644355774 0.5054248571395874 -0.6572316884994507 0.99977046251297
0.4526204466819763 0.5088691711425781 -0.6736539602279663 0.99977046251297
0.589763343334198 0.825367271900177 0.00615950720384717 0.999943733215332
0.48261088132858276 0.8383567929267883 -0.004877727944403887 0.999832034111023
0.6048533916473389 1.0869337320327759 -0.23341353237628937 0.8058844208717346
0.4811037480831146 1.1205674409866333 0.09196184575557709 0.6503512859344482
0.6031083464622498 1.3189644813537598 0.18441295623779297 0.000726277765352279
0.47563448548316956 1.3305691480636597 0.533239483833313 0.0012392045464366674
0.6028012037277222 1.3660835027694702 0.2209017127752304 0.0033981024753302336
0.4719603359699249 1.373611569404602 0.5706843137741089 0.001836923649534583
0.5977951288223267 1.4086863994598389 0.04539419710636139 0.0003228773130103946
0.48741430044174194 1.4156336784362793 0.38851863145828247 0.000732306158170104
