0.5350927710533142 0.3405497670173645 -0.3925327956676483 0.9999982118606567
0.5454474091529846 0.3184366226196289 -0.3634917140007019 0.9999970197677612
0.5518441796302795 0.3185581564903259 -0.3635142147541046 0.9999982118606567
0.5561209321022034 0.3193901777267456 -0.363523006439209 0.9999971389770508
0.5258649587631226 0.31812286376953125 -0.3683692216873169 0.9999958276748657
0.5192355513572693 0.3186456561088562 -0.36848893761634827 0.9999972581863403
0.5144650340080261 0.31985706090927124 -0.36859074234962463 0.9999949932098389
0.5633838772773743 0.33412492275238037 -0.1875935047864914 0.9999983310699463
0.5070513486862183 0.3369905352592468 -0.2118079513311386 0.9999973773956299
0.546589195728302 0.37065786123275757 -0.32710009813308716 0.9999986886978149
0.5220797061920166 0.37025177478790283 -0.3348482847213745 0.9999977350234985
0.6071420311927795 0.4945443570613861 -0.07420159876346588 0.9999953508377075
0.45942312479019165 0.49198397994041443 -0.10500793159008026 0.9999749660491943
0.6615491509437561 0.6985847353935242 -0.24743209779262543 0.9997772574424744
0.4041007459163666 0.6903126239776611 -0.3101425766944885 0.9994743466377258
0.6646579504013062 0.5956167578697205 -0.6361898183822632 0.9997966885566711
0.42427051067352295 0.5935665369033813 -0.7121401429176331 0.999872088432312
0.6637222170829773 0.5537615418434143 -0.7069828510284424 0.9988299012184143
0.42902758717536926 0.5692007541656494 -0.7811354994773865 0.9991795420646667
0.6623541116714478 0.5280923843383789 -0.689877450466156 0.9988558292388916
0.43130967020988464 0.5419036746025085 -0.7646970748901367 0.9991707801818848
0.6578298211097717 0.5390355587005615 -0.6376146078109741 0.9988982677459717
0.43286046385765076 0.5481515526771545 -0.7134376764297485 0.9991437196731567
0.5910842418670654 0.8294094800949097 0.010386076755821705 0.9998282194137573
0.48256465792655945 0.8392190337181091 -0.008995573036372662 0.999695897102356
0.603536069393158 1.1197609901428223 -0.1459878534078598 0.41820788383483887
0.4848884642124176 1.1135166883468628 -0.0037858097348362207 0.3148946762084961
0.6118211150169373 1.3719325065612793 0.22258025407791138 0.00014831429871264845
0.473918616771698 1.3713222742080688 0.31350573897361755 0.0005183587782084942
0.6157642602920532 1.418653964996338 0.2521662712097168 0.0005638233851641417
0.4672866463661194 1.4201579093933105 0.3373831510543823 0.0006393431103788316
0.5984856486320496 1.4605165719985962 0.06605413556098938 9.874718671198934e-05
0.4924572706222534 1.4528884887695312 0.12696510553359985 0.00036000629188492894
