0.5459668040275574 0.32632189989089966 -0.3283742368221283 0.999988317489624
0.5517627596855164 0.30312973260879517 -0.29805657267570496 0.9999717473983765
0.5563413500785828 0.3019627332687378 -0.29814526438713074 0.9999797344207764
0.5611709952354431 0.3008503317832947 -0.29834282398223877 0.9999710321426392
0.5355218052864075 0.30557364225387573 -0.3025275766849518 0.9999569654464722
0.5299091935157776 0.3063870072364807 -0.30248963832855225 0.9999580383300781
0.5246727466583252 0.30708158016204834 -0.3026007413864136 0.9999387264251709
0.566745400428772 0.3123716115951538 -0.12579144537448883 0.9999772310256958
0.5158041715621948 0.32237839698791504 -0.14990916848182678 0.9999843835830688
0.5546236634254456 0.3505106568336487 -0.26342445611953735 0.9999959468841553
0.5361173152923584 0.3507358729839325 -0.27092424035072327 0.9999970197677612
0.6039467453956604 0.456580251455307 -0.04384840652346611 0.999984860420227
0.47742995619773865 0.47138527035713196 -0.034101441502571106 0.9998852014541626
0.6445826888084412 0.6150389909744263 -0.26070636510849 0.9975971579551697
0.4548378884792328 0.672072172164917 -0.003731710370630026 0.9264630675315857
0.6110993027687073 0.4212965965270996 -0.5801446437835693 0.9978435039520264
0.43802547454833984 0.8471506834030151 -0.11204549670219421 0.8826704621315002
0.6115134954452515 0.37146368622779846 -0.6461398601531982 0.9912897348403931
0.42162400484085083 0.9085995554924011 -0.1297837644815445 0.806177020072937
0.6091602444648743 0.362428218126297 -0.6155605912208557 0.9908729791641235
0.42936548590660095 0.90913987159729 -0.1699945628643036 0.8250349760055542
0.6060232520103455 0.38152697682380676 -0.5750531554222107 0.9851009249687195
0.43832844495773315 0.8917283415794373 -0.1281205713748932 0.8176912069320679
0.5924999713897705 0.7797030806541443 0.006378318183124065 0.998101532459259
0.49883201718330383 0.7801276445388794 -0.005819133948534727 0.9956581592559814
0.6271995902061462 0.9740301966667175 -0.49674272537231445 0.8326282501220703
0.48304346203804016 0.9415329098701477 -0.5451699495315552 0.8100848197937012
0.6177025437355042 1.1609373092651367 -0.17295178771018982 0.08873526751995087
0.5025515556335449 1.1795533895492554 -0.262917160987854 0.13524755835533142
0.6141730546951294 1.1842572689056396 -0.14617666602134705 0.20459438860416412
0.5070235133171082 1.2131338119506836 -0.24022865295410156 0.15872421860694885
0.6169079542160034 1.2403340339660645 -0.31295251846313477 0.06762916594743729
0.5098550319671631 1.2651042938232422 -0.43433046340942383 0.08879158645868301
