0.5560058951377869 0.33330583572387695 -0.22771164774894714 0.9999953508377075
0.562567949295044 0.31278449296951294 -0.19833575189113617 0.9999843835830688
0.5676929950714111 0.31391453742980957 -0.19835349917411804 0.9999910593032837
0.5723552703857422 0.31526046991348267 -0.19840502738952637 0.99997878074646
0.5462656617164612 0.3120848536491394 -0.21289469301700592 0.9999843835830688
0.5394952297210693 0.3134163022041321 -0.21308165788650513 0.9999918937683105
0.5336330533027649 0.31511616706848145 -0.21324069797992706 0.9999845027923584
0.5758891701698303 0.3301829695701599 -0.04527698829770088 0.9999891519546509
0.5230346322059631 0.33228248357772827 -0.11709686368703842 0.9999984502792358
0.5645886659622192 0.36354902386665344 -0.16966512799263 0.9999939203262329
0.5433582067489624 0.3606245517730713 -0.1909734159708023 0.9999966621398926
0.6128701567649841 0.4779497981071472 0.03118107095360756 0.9999912977218628
0.47720855474472046 0.4850617051124573 -0.043409474194049835 0.9999687671661377
0.6796362996101379 0.5968000888824463 -0.12251419574022293 0.9997785687446594
0.45899900794029236 0.6783452033996582 -0.062218017876148224 0.9953016042709351
0.6480348110198975 0.3960895538330078 -0.3615069091320038 0.9997398257255554
0.4952396750450134 0.8414913415908813 -0.16659538447856903 0.9953278303146362
0.639346718788147 0.3445087671279907 -0.41549697518348694 0.9987130165100098
0.4948076605796814 0.9019513726234436 -0.18416588008403778 0.9863097667694092
0.6352984309196472 0.3323249816894531 -0.3738238513469696 0.9986346364021301
0.5130655169487 0.8893786668777466 -0.19611430168151855 0.987193763256073
0.6351444125175476 0.3507252335548401 -0.35129669308662415 0.9987319111824036
0.5158822536468506 0.8689747452735901 -0.1690562665462494 0.9895115494728088
0.6127921938896179 0.8010213375091553 0.00290209730155766 0.9999802112579346
0.5191004276275635 0.8176494240760803 -0.0020744448993355036 0.9999747276306152
0.617649495601654 1.0806971788406372 -0.0610540546476841 0.6606153845787048
0.5018534660339355 1.0731288194656372 -0.10829894989728928 0.690143883228302
0.6319419741630554 1.2746024131774902 0.3436989188194275 0.0008920850232243538
0.5103176832199097 1.2716031074523926 0.306588739156723 0.0018399811815470457
0.6376492381095886 1.3099538087844849 0.3822888135910034 0.0058418684639036655
0.5101531744003296 1.307330846786499 0.34634798765182495 0.006473296321928501
0.6237020492553711 1.3596738576889038 0.2698095142841339 0.0005080238333903253
0.5242871642112732 1.3525316715240479 0.22145585715770721 0.001214738585986197
