0.5530682802200317 0.34369874000549316 -0.23203377425670624 0.9990015625953674
0.5600878000259399 0.32268548011779785 -0.20808790624141693 0.9988359808921814
0.5642926096916199 0.32273101806640625 -0.2081599086523056 0.9991555213928223
0.5692588090896606 0.3234928846359253 -0.20825453102588654 0.9989487528800964
0.5426879525184631 0.3230361342430115 -0.2111705094575882 0.9982086420059204
0.5358850955963135 0.3239155411720276 -0.21132729947566986 0.9986494183540344
0.5298553705215454 0.32522523403167725 -0.2114788442850113 0.9982106685638428
0.5766249895095825 0.3385118246078491 -0.0688835084438324 0.9993504881858826
0.5208483338356018 0.341999351978302 -0.08053839206695557 0.9989495873451233
0.5633953809738159 0.37259986996650696 -0.17807407677173615 0.9987201690673828
0.5418415665626526 0.3710678219795227 -0.18213944137096405 0.9973957538604736
0.6199873089790344 0.4783744513988495 -0.02454318292438984 0.9991413354873657
0.4824439287185669 0.48470497131347656 -0.06010773032903671 0.9978183507919312
0.6487730145454407 0.6591570377349854 -0.2265080362558365 0.9979792237281799
0.47870951890945435 0.6594346761703491 -0.2860291600227356 0.9965413212776184
0.5801267027854919 0.5245614051818848 -0.45775970816612244 0.9979111552238464
0.5432483553886414 0.5174120664596558 -0.506799042224884 0.9991707801818848
0.5758768320083618 0.46946272253990173 -0.5018143057823181 0.994082510471344
0.5481052398681641 0.46336913108825684 -0.5539590716362 0.9962813258171082
0.5746870636940002 0.45312410593032837 -0.4657239019870758 0.9936157464981079
0.5426710247993469 0.44797787070274353 -0.5194986462593079 0.9957301020622253
0.5734554529190063 0.46761879324913025 -0.44795867800712585 0.9952397346496582
0.5416390895843506 0.46452596783638 -0.49822187423706055 0.9962347149848938
0.6085842847824097 0.8175345063209534 0.011091113090515137 0.9999125003814697
0.5061615705490112 0.8187199234962463 -0.010448187589645386 0.9998399019241333
0.6237288117408752 1.03196382522583 0.033257078379392624 0.6391857266426086
0.5052167773246765 1.1083285808563232 0.03027239814400673 0.7362751364707947
0.6162248253822327 1.2971272468566895 0.4806815981864929 0.000488345162011683
0.4998004138469696 1.3048865795135498 0.4025087058544159 0.0017311456613242626
0.6191899180412292 1.3330183029174805 0.5251942276954651 0.0017210344085469842
0.4980989694595337 1.3405014276504517 0.43982866406440735 0.0018345497082918882
0.6083939671516418 1.388288974761963 0.4338821768760681 0.00027579086599871516
0.5106871724128723 1.3888027667999268 0.32421427965164185 0.0008892945479601622
