0.5525141954421997 0.34173673391342163 -0.3057919442653656 0.9962751865386963
0.5602149367332458 0.3208135962486267 -0.27985629439353943 0.995796799659729
0.5644426345825195 0.3216477036476135 -0.27994653582572937 0.9963906407356262
0.568978488445282 0.3226017355918884 -0.28007587790489197 0.9956145286560059
0.5430567264556885 0.3205528259277344 -0.28083792328834534 0.9947050213813782
0.5369710922241211 0.3211631774902344 -0.28102168440818787 0.9952634572982788
0.5311184525489807 0.3224807381629944 -0.2811829149723053 0.9940229058265686
0.5771197080612183 0.3415467143058777 -0.13766035437583923 0.9970666766166687
0.5225812196731567 0.34047454595565796 -0.13842302560806274 0.9955663084983826
0.5635974407196045 0.368622362613678 -0.2517215609550476 0.9936863780021667
0.5421969294548035 0.36783427000045776 -0.2524893879890442 0.9877854585647583
0.6166261434555054 0.47439998388290405 -0.0871586725115776 0.9961736798286438
0.48431655764579773 0.4851049780845642 -0.10351099818944931 0.992820680141449
0.6444925665855408 0.663931131362915 -0.28536659479141235 0.9945534467697144
0.48143211007118225 0.6708676815032959 -0.31908923387527466 0.9897348880767822
0.5840848684310913 0.5211552381515503 -0.512877345085144 0.9940510392189026
0.5420253276824951 0.5264682769775391 -0.5408037900924683 0.9972267746925354
0.5779740214347839 0.47508448362350464 -0.5539884567260742 0.9840219616889954
0.5473460555076599 0.46798455715179443 -0.5813026428222656 0.9872310757637024
0.577236533164978 0.45389190316200256 -0.5158860683441162 0.9830797910690308
0.5421116948127747 0.4507659077644348 -0.5470924377441406 0.9850738048553467
0.5766641497612 0.466338187456131 -0.5017824172973633 0.9869030714035034
0.5429950952529907 0.470743864774704 -0.5312953591346741 0.9867686629295349
0.6068984270095825 0.7990961670875549 0.00624354463070631 0.9997751116752625
0.508926272392273 0.8012244701385498 -0.005748149938881397 0.999703586101532
0.6073592901229858 1.056438684463501 -0.0015486272750422359 0.6588061451911926
0.5080766081809998 1.077682614326477 -0.008509830571711063 0.7886602282524109
0.6176005005836487 1.2119841575622559 0.4250899851322174 0.0006025522015988827
0.49224650859832764 1.2251214981079102 0.37322181463241577 0.0013433964923024178
0.6203246712684631 1.2405931949615479 0.4678160846233368 0.0019054191652685404
0.4904044270515442 1.254507303237915 0.4127519428730011 0.0016431474359706044
0.6151677966117859 1.2913354635238647 0.40064170956611633 0.0003429430944379419
0.4949038326740265 1.2993625402450562 0.33499467372894287 0.000836655730381608
