0.5708913207054138 0.40245744585990906 -0.3026740252971649 0.9999847412109375
0.5796146392822266 0.3789956569671631 -0.28059694170951843 0.999972939491272
0.5842052698135376 0.37884342670440674 -0.2805842459201813 0.9999730587005615
0.588481605052948 0.3787253499031067 -0.28065940737724304 0.9999698400497437
0.5635911822319031 0.3785591125488281 -0.2820197343826294 0.9999727010726929
0.5561972856521606 0.3779340386390686 -0.2819972038269043 0.9999704360961914
0.5498678684234619 0.3775181174278259 -0.282123863697052 0.9999680519104004
0.5931457877159119 0.3883572816848755 -0.14830204844474792 0.9999701976776123
0.5389810800552368 0.3860006332397461 -0.1569214165210724 0.9999892711639404
0.5769475102424622 0.43093055486679077 -0.2525375485420227 0.9999954700469971
0.5574724078178406 0.4279758334159851 -0.25580453872680664 0.9999978542327881
0.6200994253158569 0.531883180141449 -0.08956149220466614 0.9999657869338989
0.49615761637687683 0.5241677761077881 -0.060696713626384735 0.9999417066574097
0.6450077891349792 0.7207852005958557 -0.2580709755420685 0.9989431500434875
0.4729105234146118 0.7112995982170105 -0.05341621860861778 0.9868141412734985
0.5925321578979492 0.5265766382217407 -0.49814844131469727 0.9991669654846191
0.5090742111206055 0.8332370519638062 -0.16504749655723572 0.962160050868988
0.5809773802757263 0.47337251901626587 -0.5523244142532349 0.9948082566261292
0.5136499404907227 0.8847715258598328 -0.1831819862127304 0.898143470287323
0.5829297304153442 0.45866525173187256 -0.5158343315124512 0.9940104484558105
0.5308786034584045 0.8753225803375244 -0.19238097965717316 0.9057316780090332
0.5837668776512146 0.474727600812912 -0.48836392164230347 0.992904007434845
0.53160160779953 0.8581157326698303 -0.1683242917060852 0.9119807481765747
0.6099033951759338 0.83871990442276 0.0012056612176820636 0.99933260679245
0.5228549242019653 0.8512473106384277 -0.00022300139244180173 0.9984498023986816
0.6159496307373047 1.0743160247802734 -0.16742786765098572 0.2934357821941376
0.5309387445449829 1.07565438747406 -0.05511605367064476 0.13259802758693695
0.6154649257659912 1.2670398950576782 0.12300942093133926 0.00109193567186594
0.534047544002533 1.272266149520874 0.1686098873615265 0.0018377334345132113
0.6157893538475037 1.2998641729354858 0.14709392189979553 0.004496187437325716
0.5308359265327454 1.310694694519043 0.18564511835575104 0.0022548201959580183
0.6052632927894592 1.3580869436264038 0.0021946041379123926 0.0013076855102553964
0.5498508214950562 1.345245122909546 0.02484518103301525 0.0031377729028463364
