0.5711849927902222 0.4061199128627777 -0.26838451623916626 0.9999732971191406
0.5808161497116089 0.38052910566329956 -0.2483426183462143 0.9999414682388306
0.5858736634254456 0.38029468059539795 -0.24836382269859314 0.999946117401123
0.5903452634811401 0.3802871108055115 -0.248471200466156 0.9999339580535889
0.5625943541526794 0.3806365728378296 -0.2480991780757904 0.999936580657959
0.5551249384880066 0.3805232644081116 -0.24811998009681702 0.9999359846115112
0.5489948391914368 0.3806341886520386 -0.2482789307832718 0.999927282333374
0.5966168642044067 0.3918663263320923 -0.12591570615768433 0.9999476671218872
0.5402913689613342 0.3896803855895996 -0.1257418692111969 0.9999784231185913
0.5797455310821533 0.4339165985584259 -0.22127237915992737 0.9999924898147583
0.5571828484535217 0.43085411190986633 -0.22204798460006714 0.9999961853027344
0.6218597292900085 0.5341957211494446 -0.06883082538843155 0.9999593496322632
0.4982314705848694 0.5241014957427979 -0.03887028619647026 0.9999276399612427
0.6465410590171814 0.72127366065979 -0.22745391726493835 0.998290479183197
0.47600311040878296 0.7141900062561035 -0.031541816890239716 0.9828769564628601
0.601922333240509 0.5263962149620056 -0.4458906948566437 0.9987571239471436
0.5115280747413635 0.8358176350593567 -0.1332881897687912 0.9598399996757507
0.5947233438491821 0.46934300661087036 -0.4944664239883423 0.9926038384437561
0.5180336236953735 0.8879253268241882 -0.14900609850883484 0.8959172964096069
0.5961938500404358 0.4523473381996155 -0.458525687456131 0.9914165139198303
0.5351126194000244 0.8757843971252441 -0.15718171000480652 0.9034377336502075
0.5955248475074768 0.4704318642616272 -0.4357868731021881 0.9906104207038879
0.5353577733039856 0.8583037257194519 -0.13641950488090515 0.914669930934906
0.6106255650520325 0.8461868762969971 0.0014885904965922236 0.9991300702095032
0.5236201286315918 0.8561414480209351 -0.0005196905694901943 0.9981005787849426
0.6217935085296631 1.0777733325958252 -0.1834670901298523 0.2619793117046356
0.5339831113815308 1.0821990966796875 -0.07862820476293564 0.11416181176900864
0.6186292767524719 1.2696306705474854 0.12850388884544373 0.0008501860429532826
0.5370567440986633 1.2784544229507446 0.1608678251504898 0.0022035420406609774
0.6184790730476379 1.3028464317321777 0.1555078774690628 0.0035972478799521923
0.5337701439857483 1.3172383308410645 0.1803678721189499 0.002532761078327894
0.608026921749115 1.3636341094970703 0.020944960415363312 0.001076127984561026
0.55381840467453 1.3543750047683716 0.0256358552724123 0.003657969180494547
