0.5679439306259155 0.3717128336429596 -0.361582487821579 0.9999784231185913
0.5798452496528625 0.3507239520549774 -0.337799996137619 0.999864935874939
0.5858792662620544 0.3519022762775421 -0.3378503918647766 0.9999309778213501
0.5905704498291016 0.35345128178596497 -0.3379409909248352 0.9997636675834656
0.5613946318626404 0.35093289613723755 -0.3393386900424957 0.9998782873153687
0.5562229156494141 0.3513639569282532 -0.3394804298877716 0.9999338388442993
0.5516532063484192 0.35168009996414185 -0.3396439850330353 0.9998251795768738
0.59792560338974 0.366533488035202 -0.19133301079273224 0.999884843826294
0.5462177991867065 0.3656141459941864 -0.20043165981769562 0.999980092048645
0.5790579319000244 0.401571124792099 -0.30546239018440247 0.9999583959579468
0.5565022826194763 0.3983660042285919 -0.30855855345726013 0.9999806880950928
0.6253747940063477 0.5180883407592773 -0.09303142875432968 0.9998674392700195
0.5055381655693054 0.5029465556144714 -0.11465432494878769 0.9998828172683716
0.6651330590248108 0.6717284917831421 -0.26405858993530273 0.9987773299217224
0.4774405360221863 0.6896318793296814 -0.1536870002746582 0.9881927371025085
0.6540844440460205 0.44423753023147583 -0.5378803610801697 0.9986856579780579
0.50482177734375 0.8414398431777954 -0.30650556087493896 0.9867854714393616
0.6595590114593506 0.38642236590385437 -0.5959881544113159 0.9959297776222229
0.5034961700439453 0.896377682685852 -0.32755210995674133 0.9707444906234741
0.6556301712989807 0.37332963943481445 -0.5618662238121033 0.9956364035606384
0.5218574404716492 0.8938058614730835 -0.340960294008255 0.9717397093772888
0.6492629647254944 0.39748892188072205 -0.530028223991394 0.995121419429779
0.5247642993927002 0.8751790523529053 -0.3104945421218872 0.9740452170372009
0.6066405177116394 0.8205998539924622 0.0013505048118531704 0.9997658133506775
0.5223554372787476 0.8247972130775452 -0.0009878174168989062 0.9996974468231201
0.6170784831047058 1.052932620048523 -0.21031059324741364 0.6388715505599976
0.514878511428833 1.0600242614746094 -0.16121551394462585 0.603388786315918
0.6099066138267517 1.2192004919052124 0.1653316468000412 0.00383779383264482
0.5246081352233887 1.2260687351226807 0.21300320327281952 0.004413146059960127
0.6085027456283569 1.247995376586914 0.19927209615707397 0.018905049189925194
0.5261236429214478 1.2545603513717651 0.24717040359973907 0.013160333968698978
0.6054769158363342 1.2990225553512573 0.0935959666967392 0.0027280659414827824
0.5252676606178284 1.3051564693450928 0.1362455189228058 0.0035225595347583294
