0.5667819976806641 0.36312082409858704 -0.2533806264400482 0.9999982118606567
0.5793166756629944 0.343736469745636 -0.22434332966804504 0.9999909400939941
0.5842911005020142 0.34502512216567993 -0.2243269979953766 0.9999953508377075
0.5898856520652771 0.3466702103614807 -0.22429832816123962 0.9999858140945435
0.5593081712722778 0.3428609371185303 -0.2313126176595688 0.9999923706054688
0.5530104041099548 0.34377312660217285 -0.23146215081214905 0.999996542930603
0.5487615466117859 0.3440070152282715 -0.2316145896911621 0.9999922513961792
0.5996016263961792 0.36695143580436707 -0.08339876681566238 0.9999892711639404
0.5437765121459961 0.36105746030807495 -0.1188628152012825 0.9999990463256836
0.5779709219932556 0.39426523447036743 -0.2025858610868454 0.9999948740005493
0.5538679957389832 0.3895426094532013 -0.21354784071445465 0.9999979734420776
0.6297901272773743 0.5294488668441772 -0.004054200369864702 0.9999610185623169
0.504655122756958 0.5063768625259399 -0.050685226917266846 0.9999673366546631
0.6699309945106506 0.7250437140464783 -0.1563800424337387 0.9997827410697937
0.4751986861228943 0.701364278793335 -0.07660655677318573 0.9979922771453857
0.6390483379364014 0.4676855206489563 -0.38538986444473267 0.9998194575309753
0.5036485195159912 0.8488550186157227 -0.19497232139110565 0.9978808164596558
0.637076735496521 0.4187660217285156 -0.43034109473228455 0.9990142583847046
0.5024973154067993 0.9037410020828247 -0.21266449987888336 0.9921485185623169
0.6352004408836365 0.40942907333374023 -0.3886685073375702 0.998916745185852
0.5209318995475769 0.8974609971046448 -0.2195877581834793 0.9926458597183228
0.6329569220542908 0.426475465297699 -0.3744521141052246 0.9991425275802612
0.5246030688285828 0.8806259632110596 -0.1962529718875885 0.9947664737701416
0.6137305498123169 0.8339005708694458 0.007583495695143938 0.9999651908874512
0.5236911773681641 0.8409224152565002 -0.006585924886167049 0.9999557733535767
0.6171006560325623 1.085654616355896 -0.058525051921606064 0.21532802283763885
0.5226821303367615 1.092702031135559 -0.10287110507488251 0.25844404101371765
0.6160440444946289 1.2913974523544312 0.30936160683631897 3.4387783671263605e-05
0.532616138458252 1.2837154865264893 0.2619023025035858 9.509047231404111e-05
0.6214885115623474 1.3282886743545532 0.3428604304790497 0.00020538645912893116
0.5287991166114807 1.320611596107483 0.29553285241127014 0.00037165070534683764
0.5968542098999023 1.3818714618682861 0.23161759972572327 2.1650541384587996e-05
0.5507551431655884 1.3583437204360962 0.16921193897724152 0.00010644215944921598
