0.5646931529045105 0.35699763894081116 -0.21470613777637482 0.9999979734420776
0.5750203728675842 0.3388369083404541 -0.18300260603427887 0.9999963045120239
0.5804650187492371 0.33945727348327637 -0.1830858588218689 0.9999959468841553
0.5855726003646851 0.3401954770088196 -0.1831805408000946 0.999995231628418
0.5566093325614929 0.3393825888633728 -0.1866043359041214 0.999995231628418
0.5499761700630188 0.34058618545532227 -0.18659597635269165 0.9999948740005493
0.5444739460945129 0.3418227434158325 -0.18671998381614685 0.9999948740005493
0.5950444340705872 0.35723182559013367 -0.036419473588466644 0.9999953508377075
0.5381421446800232 0.358296662569046 -0.05226029455661774 0.9999969005584717
0.5745781660079956 0.3919588029384613 -0.16283473372459412 0.9999995231628418
0.5518823862075806 0.3906592130661011 -0.16725805401802063 0.9999997615814209
0.6249829530715942 0.5270380973815918 0.024770477786660194 0.9999867677688599
0.5000824928283691 0.5052279233932495 -0.02879313752055168 0.9999051094055176
0.6543140411376953 0.7026432752609253 -0.06982037425041199 0.9948556423187256
0.475361168384552 0.6979056000709534 -0.08647243678569794 0.9938645958900452
0.6525728702545166 0.7590571045875549 -0.32013824582099915 0.9943835735321045
0.5050889253616333 0.8440786004066467 -0.23214274644851685 0.9879093766212463
0.6543591022491455 0.8021937012672424 -0.385367751121521 0.9871460199356079
0.50365149974823 0.8976820111274719 -0.27692776918411255 0.974098265171051
0.6383402347564697 0.7895047068595886 -0.3976043462753296 0.9888536930084229
0.5240455865859985 0.8912394046783447 -0.2971991002559662 0.9761379957199097
0.634209394454956 0.7785304188728333 -0.33050698041915894 0.9868618249893188
0.5274533033370972 0.8734400868415833 -0.24046188592910767 0.972623348236084
0.5976991653442383 0.8229511976242065 0.0236713457852602 0.9992374181747437
0.5158482193946838 0.827694833278656 -0.023251289501786232 0.9987730383872986
0.6263760328292847 1.004754900932312 -0.3450218141078949 0.8594294190406799
0.5235304236412048 0.9619309306144714 -0.41476303339004517 0.9033120274543762
0.6016876101493835 1.1799795627593994 -0.03453679755330086 0.27129513025283813
0.5403392314910889 1.198338508605957 -0.1335238814353943 0.3738168776035309
0.5946524739265442 1.2003421783447266 -0.009885992854833603 0.43878844380378723
0.5430525541305542 1.2267825603485107 -0.10960416495800018 0.29630160331726074
0.6029587984085083 1.2718912363052368 -0.14526499807834625 0.2168472409248352
0.546227753162384 1.3008253574371338 -0.26200011372566223 0.25356486439704895
