0.5470402240753174 0.34652844071388245 -0.3000434637069702 0.999626874923706
0.5558013916015625 0.3267653286457062 -0.27678459882736206 0.9993259906768799
0.5609848499298096 0.32798486948013306 -0.2768506109714508 0.9996271133422852
0.5655313730239868 0.3292747437953949 -0.27696189284324646 0.9991244673728943
0.53842693567276 0.32610759139060974 -0.279521107673645 0.9990818500518799
0.5320882797241211 0.32651975750923157 -0.2797646224498749 0.9994682669639587
0.5273301601409912 0.32779020071029663 -0.2798750698566437 0.9988428354263306
0.5743851065635681 0.3456520438194275 -0.13488095998764038 0.9997765421867371
0.5180164575576782 0.34481680393218994 -0.14760875701904297 0.9997534155845642
0.5582390427589417 0.37405678629875183 -0.24470601975917816 0.9994778037071228
0.5360289812088013 0.3732103109359741 -0.24879826605319977 0.9993250370025635
0.6107601523399353 0.48133447766304016 -0.06938042491674423 0.9994799494743347
0.48040086030960083 0.4890400171279907 -0.07299768924713135 0.9989499449729919
0.6373545527458191 0.6465264558792114 -0.26457837224006653 0.9991944432258606
0.4741256833076477 0.6842918992042542 -0.23646023869514465 0.9907229542732239
0.5991030335426331 0.4846633970737457 -0.5301476716995239 0.9990541338920593
0.5071123838424683 0.6111359000205994 -0.502646803855896 0.9974119067192078
0.581976592540741 0.4402197301387787 -0.5844316482543945 0.9973499774932861
0.5094699859619141 0.5698167681694031 -0.549465537071228 0.992457389831543
0.5810965299606323 0.41216254234313965 -0.5509070158004761 0.9971264004707336
0.5063180923461914 0.5480238795280457 -0.5323177576065063 0.9918984174728394
0.583495557308197 0.4264432191848755 -0.5218508243560791 0.9975378513336182
0.5078197717666626 0.5566040873527527 -0.5004297494888306 0.9927788376808167
0.6033908128738403 0.7819008827209473 0.005982072092592716 0.9998903274536133
0.5089102983474731 0.7867199778556824 -0.005303709767758846 0.9998747110366821
0.6118496060371399 1.0294482707977295 -0.05370865762233734 0.7140695452690125
0.5062364339828491 1.0407495498657227 -0.08956242352724075 0.7532070279121399
0.6146646738052368 1.1940422058105469 0.3967694640159607 0.0006144660874269903
0.49720582365989685 1.1998764276504517 0.33384621143341064 0.0016812346875667572
0.6162438988685608 1.2243735790252686 0.439607173204422 0.003993632271885872
0.496604323387146 1.231717824935913 0.37387269735336304 0.004833275452256203
0.6108980178833008 1.2755402326583862 0.34769636392593384 0.00029724062187597156
0.49808377027511597 1.2723603248596191 0.2606992721557617 0.0009662487427704036
