0.5390719771385193 0.35630857944488525 -0.4024861752986908 0.9999970197677612
0.5482106804847717 0.33567237854003906 -0.37327563762664795 0.999988317489624
0.5523114800453186 0.3362703323364258 -0.37332889437675476 0.999994158744812
0.55681312084198 0.3369666337966919 -0.3734247386455536 0.9999887943267822
0.5323470234870911 0.33437561988830566 -0.3796030282974243 0.9999874830245972
0.5263132452964783 0.3341013789176941 -0.37962761521339417 0.9999922513961792
0.5209488272666931 0.3339654803276062 -0.3797799348831177 0.9999833106994629
0.5623170137405396 0.34828853607177734 -0.19914056360721588 0.9999946355819702
0.5098050236701965 0.3466961979866028 -0.23068109154701233 0.9999971389770508
0.5471226572990417 0.3845638036727905 -0.336812287569046 0.9999974966049194
0.5271522402763367 0.38242238759994507 -0.3466333746910095 0.9999982118606567
0.5996026992797852 0.49721559882164 -0.10551323741674423 0.9999945163726807
0.46027275919914246 0.49538156390190125 -0.0869869813323021 0.9999682903289795
0.6643258333206177 0.6040041446685791 -0.29424336552619934 0.999783456325531
0.43024376034736633 0.696345329284668 -0.0009386229794472456 0.9940236210823059
0.6457866430282593 0.41186249256134033 -0.6177423596382141 0.9992985725402832
0.41427409648895264 0.877227783203125 -0.061637766659259796 0.9741471409797668
0.6406782269477844 0.36605626344680786 -0.6847030520439148 0.995944082736969
0.3983190655708313 0.9442580938339233 -0.07082445174455643 0.9292535781860352
0.6328048706054688 0.3586541414260864 -0.6507948040962219 0.9957213401794434
0.41237735748291016 0.9528498649597168 -0.1091993898153305 0.9358277320861816
0.6308996677398682 0.3719775676727295 -0.6112551093101501 0.9942519664764404
0.4203260540962219 0.9362544417381287 -0.07475730776786804 0.9375470876693726
0.5835298895835876 0.8264212608337402 0.0011532062198966742 0.9991047978401184
0.4859806299209595 0.8387718200683594 -0.0004645401204470545 0.9983069896697998
0.6387366652488708 1.0229942798614502 -0.3141653835773468 0.7409002780914307
0.4782469570636749 1.0848900079727173 -0.2529188394546509 0.6779538989067078
0.6034378409385681 1.3063604831695557 0.020410269498825073 0.018407531082630157
0.488739550113678 1.3361049890518188 0.009326850064098835 0.04981312155723572
0.5991213321685791 1.3379936218261719 0.04877394810318947 0.05693768337368965
0.48885923624038696 1.3744142055511475 0.029092442244291306 0.08844507485628128
0.5926589369773865 1.408801794052124 -0.11307661980390549 0.010015158914029598
0.4973727762699127 1.4251880645751953 -0.15151768922805786 0.019467489793896675
