0.5406742691993713 0.3572297692298889 -0.5232492089271545 0.9999951124191284
0.5493150353431702 0.33594608306884766 -0.49269768595695496 0.9999808073043823
0.5539535880088806 0.3366508483886719 -0.49277061223983765 0.999992847442627
0.5586912631988525 0.3377283215522766 -0.49294039607048035 0.9999830722808838
0.5338431000709534 0.3345504403114319 -0.498263418674469 0.9999737739562988
0.5272947549819946 0.3340027332305908 -0.49833324551582336 0.9999865293502808
0.521243691444397 0.3341209888458252 -0.49845224618911743 0.9999630451202393
0.5645399689674377 0.3501083254814148 -0.3021220564842224 0.9999927282333374
0.5091102123260498 0.3466275930404663 -0.3321848213672638 0.9999957084655762
0.5483752489089966 0.38596856594085693 -0.4511115252971649 0.9999961853027344
0.528860867023468 0.3832908868789673 -0.46041446924209595 0.9999972581863403
0.6001830697059631 0.4955774247646332 -0.1899893581867218 0.9999957084655762
0.4594121277332306 0.49701792001724243 -0.16050240397453308 0.9999614953994751
0.6626774668693542 0.60932457447052 -0.3969440758228302 0.9998846054077148
0.4318409562110901 0.6973838806152344 -0.049889884889125824 0.9954016208648682
0.6429925560951233 0.41284510493278503 -0.7721536755561829 0.99960857629776
0.41563692688941956 0.8777918815612793 -0.11707382649183273 0.9876011610031128
0.6371186971664429 0.36953818798065186 -0.848544180393219 0.9981805086135864
0.4021092653274536 0.9395683407783508 -0.12716028094291687 0.9656167030334473
0.6281615495681763 0.3647648096084595 -0.8170735836029053 0.9981749057769775
0.4136258363723755 0.9449942708015442 -0.16885073482990265 0.9701001048088074
0.6266909837722778 0.378562867641449 -0.7674298882484436 0.9973801970481873
0.4226355254650116 0.930884599685669 -0.13105334341526031 0.971385657787323
0.5845000743865967 0.8214857578277588 0.004494597669690847 0.9995922446250916
0.48718026280403137 0.8342745900154114 -0.0038288040086627007 0.9988366961479187
0.6418066620826721 0.9991930723190308 -0.3049066960811615 0.8342556357383728
0.49141576886177063 1.077744960784912 -0.3123627007007599 0.8207627534866333
0.6133642196655273 1.2815823554992676 0.10133058577775955 0.01322432141751051
0.5152769088745117 1.2939269542694092 0.056940335780382156 0.01655329391360283
0.6099236011505127 1.3148462772369385 0.13693203032016754 0.045344118028879166
0.5145859122276306 1.3264340162277222 0.08848381787538528 0.049897484481334686
0.6076259016990662 1.3786293268203735 -0.021434826776385307 0.005052739288657904
0.5350432991981506 1.3789048194885254 -0.0815141499042511 0.007008775137364864
