0.5381091237068176 0.3513224720954895 -0.4231397807598114 0.9999691247940063
0.5478919148445129 0.3284628391265869 -0.39394697546958923 0.9999078512191772
0.5524669289588928 0.3293115496635437 -0.39406082034111023 0.9999550580978394
0.5563242435455322 0.33096426725387573 -0.3941901624202728 0.999913215637207
0.5302581787109375 0.32866352796554565 -0.39772117137908936 0.99988853931427
0.5241712331771851 0.3299317955970764 -0.39782941341400146 0.9999375343322754
0.5180360674858093 0.3315790891647339 -0.39803045988082886 0.9998884201049805
0.563750684261322 0.34748947620391846 -0.21770668029785156 0.999945878982544
0.5093783736228943 0.34703147411346436 -0.23530623316764832 0.9999732971191406
0.548643946647644 0.3803575038909912 -0.3569068908691406 0.9999841451644897
0.5257996320724487 0.3802714943885803 -0.36254361271858215 0.9999884366989136
0.6096236705780029 0.5035359859466553 -0.10749704390764236 0.999966025352478
0.4593349099159241 0.49864479899406433 -0.1086980327963829 0.9999328851699829
0.653369665145874 0.6888961791992188 -0.3141314685344696 0.9975988268852234
0.4280007481575012 0.7082692384719849 -0.07590586692094803 0.9890810251235962
0.6439585089683533 0.5534247159957886 -0.7140047550201416 0.9881942272186279
0.4128832221031189 0.8899797201156616 -0.19712495803833008 0.9345781207084656
0.6413110494613647 0.5363674163818359 -0.7857164144515991 0.9597968459129333
0.4005434811115265 0.9535679817199707 -0.2221011221408844 0.8367264866828918
0.6373959183692932 0.5143125057220459 -0.763085663318634 0.9615715742111206
0.41074126958847046 0.9588982462882996 -0.25504323840141296 0.859929084777832
0.6358857750892639 0.5182406902313232 -0.7139936089515686 0.949388325214386
0.4182821810245514 0.9443381428718567 -0.21074934303760529 0.8600116968154907
0.5918391346931458 0.8356984853744507 0.002009475603699684 0.9957419037818909
0.4866020083427429 0.8386325240135193 -0.0012768144952133298 0.9932845830917358
0.6265243887901306 1.0435993671417236 -0.283408522605896 0.6948772072792053
0.4799685478210449 1.098360300064087 -0.28006479144096375 0.7066752314567566
0.6173345446586609 1.3406130075454712 0.0830729752779007 0.01670127362012863
0.4892551600933075 1.3472625017166138 -0.02810463309288025 0.043685659766197205
0.6161606311798096 1.3772187232971191 0.11247697472572327 0.0379519946873188
0.48777467012405396 1.3900110721588135 -0.01008168887346983 0.057633742690086365
0.6082642078399658 1.4402072429656982 -0.06840278953313828 0.010453211143612862
0.5051648020744324 1.4350545406341553 -0.21491770446300507 0.025888413190841675
