0.5506885051727295 0.3440185487270355 -0.28503915667533875 0.9993764758110046
0.5593858957290649 0.3230741024017334 -0.259846568107605 0.9992764592170715
0.5643209218978882 0.3232259154319763 -0.2598804533481598 0.9994582533836365
0.569358229637146 0.3237123489379883 -0.2599705457687378 0.9992828965187073
0.5407328009605408 0.3238373398780823 -0.2622436583042145 0.9990418553352356
0.5338848829269409 0.3253411054611206 -0.2625296711921692 0.9992908239364624
0.5279974937438965 0.3279351592063904 -0.26264485716819763 0.999039351940155
0.5797258615493774 0.3388384282588959 -0.1153535470366478 0.9996751546859741
0.5187276005744934 0.3450991213321686 -0.12398984283208847 0.9995502829551697
0.5619664788246155 0.37388017773628235 -0.22953782975673676 0.9993557333946228
0.5399711728096008 0.3772345781326294 -0.23274129629135132 0.9988929629325867
0.6178023815155029 0.4815595746040344 -0.05289914458990097 0.9995430707931519
0.486305832862854 0.4804871678352356 -0.08089865744113922 0.9992081522941589
0.6682277321815491 0.6748679876327515 -0.2946665585041046 0.999098539352417
0.4436638057231903 0.6708073019981384 -0.3254792094230652 0.9978628754615784
0.6152709722518921 0.5229974985122681 -0.5882341265678406 0.9988033771514893
0.5029789209365845 0.5139285326004028 -0.5995230078697205 0.9996578693389893
0.5920665860176086 0.4772428870201111 -0.6429386734962463 0.9963917136192322
0.5188966393470764 0.4640181362628937 -0.6485525369644165 0.9982458353042603
0.5906863808631897 0.4561057388782501 -0.5983430743217468 0.9961526989936829
0.5200780630111694 0.4479166865348816 -0.6091929078102112 0.9979599714279175
0.5921136736869812 0.47041887044906616 -0.5759661197662354 0.9970134496688843
0.519978404045105 0.46538659930229187 -0.5885024666786194 0.9980436563491821
0.6041213870048523 0.8036832809448242 0.012701085768640041 0.999976396560669
0.506476104259491 0.797447681427002 -0.0122115109115839 0.9999704360961914
0.6200537085533142 1.095604419708252 -0.056266121566295624 0.7484105229377747
0.49936914443969727 1.069669246673584 0.048212680965662 0.7683423161506653
0.6353462338447571 1.2181249856948853 0.43752315640449524 0.0003857446718029678
0.5021992921829224 1.2643895149230957 0.4401777386665344 0.002190475584939122
0.6421388983726501 1.2363532781600952 0.4885134994983673 0.0020451992750167847
0.5010267496109009 1.294393539428711 0.47826024889945984 0.0022994254250079393
0.6271887421607971 1.293041706085205 0.40741756558418274 0.0002384696272201836
0.5165303945541382 1.3560287952423096 0.3579151928424835 0.0011381643125787377
