0.5461100339889526 0.3474225699901581 -0.5764973759651184 0.9997645020484924
0.5553035736083984 0.3250093162059784 -0.5582214593887329 0.9992700219154358
0.5610883235931396 0.3251447379589081 -0.5581824779510498 0.9996145963668823
0.5653377771377563 0.32576704025268555 -0.5582902431488037 0.9991453886032104
0.5375095009803772 0.32638034224510193 -0.5506733059883118 0.9988025426864624
0.5321795344352722 0.3277909755706787 -0.5510374903678894 0.9994124174118042
0.5276960134506226 0.3294451832771301 -0.5510654449462891 0.9987254738807678
0.5749512910842896 0.3420095145702362 -0.4178071618080139 0.9997974038124084
0.5193325281143188 0.34490302205085754 -0.38338524103164673 0.9995741248130798
0.5581643581390381 0.3736838102340698 -0.522213339805603 0.9998732805252075
0.5361999869346619 0.3759288489818573 -0.5131722688674927 0.9996294975280762
0.6158914566040039 0.4609217047691345 -0.33153054118156433 0.9999206066131592
0.4863241910934448 0.47871002554893494 -0.27001678943634033 0.9995367527008057
0.6834958791732788 0.647250771522522 -0.6039668917655945 0.9997736811637878
0.43713101744651794 0.6595308184623718 -0.4935157001018524 0.998794436454773
0.6323646306991577 0.4963567554950714 -0.9228736162185669 0.9999276399612427
0.4791280925273895 0.49128830432891846 -0.8194509148597717 0.9999486207962036
0.6149255037307739 0.46046966314315796 -0.9831646680831909 0.9994074106216431
0.48525822162628174 0.45336011052131653 -0.8755086660385132 0.9996609687805176
0.6140811443328857 0.4394000768661499 -0.9429296255111694 0.9992502331733704
0.4878760278224945 0.43417105078697205 -0.8321924805641174 0.9995672106742859
0.6151198744773865 0.4495297074317932 -0.9111248850822449 0.9990837574005127
0.48838070034980774 0.4497198164463043 -0.8089743852615356 0.9993574023246765
0.5996705889701843 0.7666062712669373 -0.009882009588181973 0.999455988407135
0.5094113349914551 0.7751910090446472 0.010396449826657772 0.9995868802070618
0.6063858270645142 1.0033683776855469 -0.16013741493225098 0.6150464415550232
0.5102605819702148 1.009709358215332 -0.02217496745288372 0.664371132850647
0.6141196489334106 1.1615395545959473 0.3374437987804413 0.0009374427609145641
0.505091667175293 1.1816378831863403 0.40140920877456665 0.006996198557317257
0.615118682384491 1.1895735263824463 0.3820825517177582 0.003699620719999075
0.5054746270179749 1.2145304679870605 0.4378606081008911 0.0052357884123921394
0.6098229885101318 1.2476801872253418 0.24048186838626862 0.000791909929830581
0.5080939531326294 1.2634055614471436 0.26830360293388367 0.005612803157418966
