0.5525272488594055 0.3375210464000702 -0.44677188992500305 0.9999741315841675
0.5605081915855408 0.31411272287368774 -0.41783449053764343 0.9999629259109497
0.5660854578018188 0.31430694460868835 -0.4179406762123108 0.999968409538269
0.5704328417778015 0.3147518038749695 -0.4181787669658661 0.9999479055404663
0.5420247912406921 0.31352517008781433 -0.41936343908309937 0.9999533891677856
0.5350331664085388 0.31384918093681335 -0.4194194972515106 0.9999566078186035
0.5294761061668396 0.31480953097343445 -0.4194788634777069 0.9999343156814575
0.5756041407585144 0.32507064938545227 -0.24816454946994781 0.999958872795105
0.5202175974845886 0.3287697434425354 -0.2584385275840759 0.9999656677246094
0.5604981780052185 0.36413443088531494 -0.38383224606513977 0.9999942779541016
0.5394276976585388 0.36251458525657654 -0.3870399296283722 0.9999948740005493
0.6098960041999817 0.47676703333854675 -0.1463981568813324 0.999935507774353
0.4778086841106415 0.47268182039260864 -0.146097794175148 0.999886155128479
0.6468549370765686 0.6682047247886658 -0.3134291470050812 0.9915874600410461
0.43940994143486023 0.654310405254364 -0.3176007866859436 0.9930403232574463
0.6514847278594971 0.6259666085243225 -0.6846370100975037 0.995546817779541
0.4416772425174713 0.6045481562614441 -0.704289972782135 0.9984903335571289
0.6455695629119873 0.5903385877609253 -0.7563832998275757 0.9899722337722778
0.4496444761753082 0.5801253318786621 -0.7694560289382935 0.9964975714683533
0.6497147083282471 0.5655221343040466 -0.750935435295105 0.990026593208313
0.4489750266075134 0.5525122880935669 -0.7655752301216125 0.9961418509483337
0.6483677625656128 0.5749701261520386 -0.6888216137886047 0.9811031818389893
0.4482959508895874 0.5576179027557373 -0.7082740068435669 0.9924706220626831
0.5911938548088074 0.774078905582428 0.007082114927470684 0.9958316683769226
0.4967042803764343 0.7736817598342896 -0.006688455585390329 0.9960920214653015
0.6304241418838501 0.9570374488830566 -0.4651482403278351 0.8431916832923889
0.5027128458023071 0.9488022327423096 -0.46007585525512695 0.7290509939193726
0.6081891655921936 1.0826714038848877 -0.1717582494020462 0.03637887164950371
0.49557557702064514 1.101472020149231 -0.09238529950380325 0.016725439578294754
0.5983267426490784 1.103959560394287 -0.14854881167411804 0.09549417346715927
0.4992947578430176 1.1217728853225708 -0.06199013069272041 0.021944159641861916
0.6118936538696289 1.1547060012817383 -0.2807293236255646 0.02830473519861698
0.5014086365699768 1.1727724075317383 -0.20319268107414246 0.011072770692408085
