0.5498702526092529 0.3295665383338928 -0.23460131883621216 0.9999897480010986
0.5582953691482544 0.3068695068359375 -0.20405462384223938 0.9999939203262329
0.5634253621101379 0.3070823550224304 -0.2041448950767517 0.999992847442627
0.5687397718429565 0.30766695737838745 -0.20432662963867188 0.9999921321868896
0.5399577021598816 0.3066491484642029 -0.20665457844734192 0.9999910593032837
0.533659815788269 0.3071311116218567 -0.20667685568332672 0.9999880790710449
0.5281498432159424 0.3080340623855591 -0.2067165970802307 0.9999881982803345
0.5750106573104858 0.3210352063179016 -0.04834430292248726 0.999994158744812
0.5195534229278564 0.32431259751319885 -0.06230628862977028 0.999988317489624
0.5593956708908081 0.35723933577537537 -0.17746157944202423 0.9999980926513672
0.5372964143753052 0.35624516010284424 -0.18163877725601196 0.9999978542327881
0.6105951070785522 0.47653430700302124 0.020383890718221664 0.9999804496765137
0.4769904911518097 0.4709111750125885 0.013062435202300549 0.9999247789382935
0.645851731300354 0.6657674312591553 -0.0999816283583641 0.9875895380973816
0.44162601232528687 0.6522656679153442 -0.1188879981637001 0.9846802353858948
0.6560631990432739 0.6392902135848999 -0.4389391243457794 0.9947097301483154
0.4420313835144043 0.6129414439201355 -0.45259353518486023 0.9968147873878479
0.6471200585365295 0.6139347553253174 -0.5051035284996033 0.9892461895942688
0.4503802955150604 0.5887253880500793 -0.5104309916496277 0.9931102991104126
0.6529157161712646 0.5879508852958679 -0.5079324841499329 0.9895989894866943
0.44907447695732117 0.5599271059036255 -0.5129342079162598 0.9927746057510376
0.6527742743492126 0.5940214991569519 -0.44614920020103455 0.9841506481170654
0.4479439854621887 0.564420223236084 -0.45883575081825256 0.9886534810066223
0.5906009674072266 0.7739678621292114 0.01232790108770132 0.9996403455734253
0.49468904733657837 0.7748032212257385 -0.012107710354030132 0.999398946762085
0.6303533911705017 0.9587363004684448 -0.3180181086063385 0.9286534190177917
0.48877543210983276 0.9933080673217773 -0.2781939208507538 0.8248993158340454
0.6069369912147522 1.0353665351867676 0.10825661569833755 0.05560629442334175
0.4978553056716919 1.0794191360473633 0.17007318139076233 0.024931548163294792
0.5974497199058533 1.0391087532043457 0.15131956338882446 0.10168217867612839
0.5006589889526367 1.0886212587356567 0.21464763581752777 0.02376462332904339
0.6035052537918091 1.1137303113937378 0.07766687870025635 0.047111816704273224
0.5081707835197449 1.148658037185669 0.1291607916355133 0.01804995909333229
