0.5570448637008667 0.36915910243988037 -0.2456158995628357 0.9999855756759644
0.5718134641647339 0.3504863381385803 -0.22088666260242462 0.9999001026153564
0.5776458978652954 0.3521275520324707 -0.2208583652973175 0.9999521970748901
0.5830166339874268 0.3543943762779236 -0.22080156207084656 0.9998466968536377
0.5518001317977905 0.346690833568573 -0.22618146240711212 0.9999279975891113
0.545787513256073 0.3458912968635559 -0.22632288932800293 0.9999696016311646
0.5412624478340149 0.34542495012283325 -0.22651700675487518 0.9999324083328247
0.5934788584709167 0.37376588582992554 -0.09661562740802765 0.9998787641525269
0.5376831889152527 0.35930490493774414 -0.12358234077692032 0.9999923706054688
0.5668314099311829 0.4033738970756531 -0.20031382143497467 0.9999613761901855
0.5450025200843811 0.3966800272464752 -0.20871466398239136 0.9999873638153076
0.6212126016616821 0.5169039368629456 -0.025732817128300667 0.9998621940612793
0.49773433804512024 0.5141042470932007 -0.0689433291554451 0.9999604225158691
0.662262499332428 0.7168947458267212 -0.18490014970302582 0.9998610019683838
0.476463258266449 0.7098697423934937 -0.09778397530317307 0.9990482926368713
0.6231067180633545 0.5438467264175415 -0.42260053753852844 0.9998537302017212
0.5131655931472778 0.8537325859069824 -0.21176180243492126 0.9991841912269592
0.6102235913276672 0.4992494285106659 -0.4687865972518921 0.9992833733558655
0.5152913331985474 0.9106981158256531 -0.23378883302211761 0.9968345761299133
0.6131658554077148 0.46907496452331543 -0.42564964294433594 0.9992111921310425
0.5353565216064453 0.9038559794425964 -0.23904091119766235 0.9970114231109619
0.6022748947143555 0.48223796486854553 -0.4106684625148773 0.9993689656257629
0.536353349685669 0.884056806564331 -0.2123972773551941 0.9978377223014832
0.6095806956291199 0.8229870796203613 0.010071814060211182 0.9999319314956665
0.5221233367919922 0.8298049569129944 -0.00908941961824894 0.9999489784240723
0.616747260093689 1.0689129829406738 -0.010960537008941174 0.15896892547607422
0.5243551731109619 1.0686876773834229 -0.12702696025371552 0.2894965708255768
0.616159200668335 1.2678431272506714 0.31427088379859924 1.583008997840807e-05
0.5347309112548828 1.2627061605453491 0.19245748221874237 5.8411347708897665e-05
0.6218643188476562 1.30370032787323 0.34280306100845337 0.000136511807795614
0.5315477848052979 1.3016895055770874 0.22066611051559448 0.00027431471971794963
0.5979148149490356 1.3574433326721191 0.23721307516098022 9.072018656297587e-06
0.5491243004798889 1.3338931798934937 0.09311927109956741 5.7815992477117106e-05
