0.5608184337615967 0.3713025748729706 -0.30778416991233826 0.9999959468841553
0.574717104434967 0.3521919846534729 -0.2812894284725189 0.9999840259552002
0.5804232954978943 0.3542584776878357 -0.2812710404396057 0.9999897480010986
0.5860100388526917 0.3572157025337219 -0.2812425494194031 0.9999761581420898
0.5556438565254211 0.34931665658950806 -0.28692224621772766 0.9999861717224121
0.5498359799385071 0.34834492206573486 -0.2869841754436493 0.9999921321868896
0.5449718236923218 0.34770137071609497 -0.28711506724357605 0.999984860420227
0.5951753854751587 0.377225786447525 -0.14173541963100433 0.9999825954437256
0.5398054122924805 0.3621693253517151 -0.16971418261528015 0.9999974966049194
0.5706350803375244 0.4050709009170532 -0.25692126154899597 0.9999959468841553
0.548666775226593 0.40027326345443726 -0.26567941904067993 0.9999980926513672
0.6201043725013733 0.5190147161483765 -0.06701808422803879 0.9999841451644897
0.4976261258125305 0.5138612985610962 -0.08643705397844315 0.9999752044677734
0.6736769080162048 0.6925050020217896 -0.2140180766582489 0.9999487400054932
0.47679978609085083 0.7119886875152588 -0.06442897021770477 0.9986090064048767
0.6244617700576782 0.5222424864768982 -0.4468964636325836 0.9998841285705566
0.5169748067855835 0.8601359128952026 -0.15727612376213074 0.9972301125526428
0.6030150651931763 0.4772432744503021 -0.4962692856788635 0.9992235898971558
0.5198123455047607 0.915116012096405 -0.17602279782295227 0.9892534613609314
0.6005554795265198 0.457184761762619 -0.4565701484680176 0.9990856647491455
0.5405966639518738 0.9076560139656067 -0.18657751381397247 0.9905173182487488
0.602752149105072 0.46956849098205566 -0.43541252613067627 0.9991645812988281
0.541549026966095 0.88777756690979 -0.1593538224697113 0.9931778907775879
0.6089052557945251 0.8272420763969421 0.0053455159068107605 0.999921441078186
0.5240582823753357 0.8370290398597717 -0.004302987363189459 0.9998800754547119
0.6173374056816101 1.076270580291748 0.0013761630980297923 0.17779012024402618
0.5317068099975586 1.067514181137085 -0.037225570529699326 0.14289861917495728
0.6189993619918823 1.2737685441970825 0.366790235042572 3.818498953478411e-05
0.537871778011322 1.26668119430542 0.2554813325405121 0.0001345660857623443
0.6231940388679504 1.3093056678771973 0.39877745509147644 0.00022618277580477297
0.533553957939148 1.3073430061340332 0.28073015809059143 0.00047884511877782643
0.6051728129386902 1.3612041473388672 0.27775365114212036 2.672749906196259e-05
0.5579245686531067 1.3415210247039795 0.13015024363994598 0.0001653546787565574
