0.5593287944793701 0.3807389438152313 -0.29984501004219055 0.9999926090240479
0.5729672908782959 0.36218780279159546 -0.2721802890300751 0.9999511241912842
0.5778850317001343 0.3636521100997925 -0.2721162438392639 0.9999713897705078
0.5823621153831482 0.3654330372810364 -0.272054523229599 0.9999152421951294
0.5549656748771667 0.3596237897872925 -0.2747240364551544 0.9999725818634033
0.5495092868804932 0.3593641519546509 -0.27479514479637146 0.9999876022338867
0.5451552271842957 0.3582003116607666 -0.2749723196029663 0.9999754428863525
0.591064453125 0.379981130361557 -0.12754017114639282 0.9999427795410156
0.5414338707923889 0.36801138520240784 -0.13944782316684723 0.9999958276748657
0.5683591961860657 0.4098164141178131 -0.24683785438537598 0.9999803304672241
0.5470043420791626 0.40601450204849243 -0.2509974241256714 0.9999934434890747
0.6182741522789001 0.5161902904510498 -0.052407268434762955 0.9998661279678345
0.49845507740974426 0.5128357410430908 -0.07136252522468567 0.99993896484375
0.6923288106918335 0.6237689256668091 -0.21829260885715485 0.9998564720153809
0.4760954976081848 0.7056596279144287 -0.1110728532075882 0.9977027773857117
0.6256033778190613 0.4325486123561859 -0.43090665340423584 0.9993207454681396
0.5154979228973389 0.8523001670837402 -0.24551735818386078 0.9962007403373718
0.6116406321525574 0.3791947662830353 -0.4752739667892456 0.9950640797615051
0.5190039277076721 0.9061412811279297 -0.2686925530433655 0.9845191240310669
0.6071721315383911 0.38245877623558044 -0.42872095108032227 0.9945371747016907
0.5383817553520203 0.898834764957428 -0.2739481031894684 0.9863561391830444
0.6071803569793701 0.406624436378479 -0.41654837131500244 0.995337963104248
0.5382230877876282 0.8779449462890625 -0.24636127054691315 0.9889054298400879
0.6079338788986206 0.83150714635849 0.0006553053972311318 0.9998399019241333
0.5224936604499817 0.8376971483230591 0.00034263861016370356 0.9998217225074768
0.6215115189552307 1.0768762826919556 -0.07361390441656113 0.3079616129398346
0.5278247594833374 1.069380760192871 -0.06682957708835602 0.2720392644405365
0.6238834857940674 1.2688193321228027 0.27416446805000305 0.0001139877422247082
0.5408894419670105 1.2670083045959473 0.25962352752685547 0.0003464859037194401
0.6279817819595337 1.3044521808624268 0.3042275011539459 0.0006356569938361645
0.5386709570884705 1.3071529865264893 0.2882019281387329 0.0010682182619348168
0.6086202263832092 1.3603460788726807 0.17557379603385925 8.249519305536523e-05
0.5566884279251099 1.3442506790161133 0.14495600759983063 0.00034518935717642307
