0.5592896342277527 0.3742014467716217 -0.2804502546787262 0.9999932050704956
0.5701017379760742 0.35397833585739136 -0.2507469356060028 0.9999538660049438
0.5750884413719177 0.354566752910614 -0.2507184147834778 0.9999775886535645
0.5797701478004456 0.3556254208087921 -0.250679612159729 0.9999216794967651
0.552317202091217 0.35505056381225586 -0.26203250885009766 0.9999704360961914
0.5463487505912781 0.3557412624359131 -0.26217934489250183 0.9999886751174927
0.5412412881851196 0.3567862808704376 -0.26234814524650574 0.9999723434448242
0.5869064927101135 0.3678308129310608 -0.09805057942867279 0.9999552965164185
0.5364941954612732 0.3700261414051056 -0.15055213868618011 0.9999966621398926
0.5696040987968445 0.4024220407009125 -0.22352413833141327 0.9999767541885376
0.5475881099700928 0.4006328284740448 -0.23930229246616364 0.9999918937683105
0.6160591840744019 0.5168945789337158 -0.005828259512782097 0.9999419450759888
0.4965232014656067 0.5175752639770508 -0.0910310223698616 0.9999343156814575
0.6899121999740601 0.6351411938667297 -0.16135235130786896 0.9999253749847412
0.4765816926956177 0.7075129747390747 -0.1423305869102478 0.998547375202179
0.6377499103546143 0.44625839591026306 -0.40437832474708557 0.9998315572738647
0.5167908072471619 0.8516424298286438 -0.28469112515449524 0.9982654452323914
0.6269476413726807 0.4018412232398987 -0.4562314748764038 0.9989628791809082
0.5199493765830994 0.9051797986030579 -0.31366539001464844 0.993850827217102
0.6197180151939392 0.3982124626636505 -0.41240519285202026 0.9988658428192139
0.5397511124610901 0.9002796411514282 -0.3224286139011383 0.9944078922271729
0.6196194887161255 0.4134313464164734 -0.3927661180496216 0.9989979863166809
0.5405038595199585 0.8799538016319275 -0.28664329648017883 0.9953688383102417
0.6094456911087036 0.8268932700157166 0.012006065808236599 0.9999001026153564
0.5252465009689331 0.8355608582496643 -0.011118529364466667 0.9998946189880371
0.624829113483429 1.0666475296020508 -0.04075765237212181 0.28763994574546814
0.5310046076774597 1.0616769790649414 -0.11008677631616592 0.2822009325027466
0.6206228137016296 1.256810188293457 0.3234306573867798 8.691338734934106e-05
0.5423185229301453 1.2544174194335938 0.23776355385780334 0.00026226858608424664
0.6238207221031189 1.28889000415802 0.3555120825767517 0.0005620747106149793
0.5398792624473572 1.2928886413574219 0.26864057779312134 0.001272107707336545
0.6057460308074951 1.3467210531234741 0.2411583811044693 5.428351505543105e-05
0.5549057126045227 1.3261200189590454 0.13533271849155426 0.00024199139443226159
