0.5506554841995239 0.3287147581577301 -0.36412104964256287 0.9999172687530518
0.5594736933708191 0.30710476636886597 -0.3315073549747467 0.9999427795410156
0.5641084313392639 0.3072526454925537 -0.3315005600452423 0.9999382495880127
0.5690063834190369 0.30760735273361206 -0.3316793143749237 0.9999276399612427
0.541117250919342 0.30761921405792236 -0.33279505372047424 0.9998997449874878
0.5355936884880066 0.3079375624656677 -0.33282190561294556 0.9998750686645508
0.5302011966705322 0.30888423323631287 -0.33286187052726746 0.9998550415039062
0.5760745406150818 0.32157474756240845 -0.15120601654052734 0.9999488592147827
0.5225849747657776 0.32396310567855835 -0.15810054540634155 0.999904990196228
0.5610527396202087 0.35684096813201904 -0.29729393124580383 0.9999896287918091
0.5397961139678955 0.35651668906211853 -0.2997996211051941 0.9999865293502808
0.6113476157188416 0.4618402123451233 -0.05289630964398384 0.9999381303787231
0.4846322238445282 0.461906373500824 -0.0769335925579071 0.9996076226234436
0.6478809118270874 0.6665973663330078 -0.2917880117893219 0.9964027404785156
0.4374738931655884 0.6483795046806335 -0.320443719625473 0.9870204925537109
0.6197892427444458 0.5234588980674744 -0.6469882726669312 0.9976091384887695
0.4777694344520569 0.5251509547233582 -0.6637158989906311 0.9943800568580627
0.6101318001747131 0.4826854467391968 -0.7102494835853577 0.9895742535591125
0.49451515078544617 0.4869961142539978 -0.718718945980072 0.981236457824707
0.613139808177948 0.4591924250125885 -0.6756174564361572 0.9881852865219116
0.49557819962501526 0.46633654832839966 -0.6899001002311707 0.9759455323219299
0.6116824746131897 0.47442546486854553 -0.639388382434845 0.9808716773986816
0.4945392906665802 0.47756150364875793 -0.6565786600112915 0.9604529142379761
0.5894299745559692 0.7652586102485657 0.02234567143023014 0.9996938705444336
0.496594101190567 0.7652469873428345 -0.022015072405338287 0.9992164373397827
0.6349791288375854 0.9569923877716064 -0.40799230337142944 0.8956644535064697
0.48106658458709717 0.9524452686309814 -0.3040386438369751 0.5946065187454224
0.6074740886688232 1.0152528285980225 -0.06672859936952591 0.014483602717518806
0.4712805151939392 1.034834384918213 0.08387066423892975 0.005465305410325527
0.594147801399231 1.0201374292373657 -0.032808899879455566 0.04268781840801239
0.4682345986366272 1.0471093654632568 0.12104322016239166 0.007980176247656345
0.6046547293663025 1.0719397068023682 -0.11857758462429047 0.017672263085842133
0.483534038066864 1.0913233757019043 0.032187823206186295 0.007329041138291359
