0.5517009496688843 0.33614206314086914 -0.3939150273799896 0.9996732473373413
0.5597193241119385 0.31363511085510254 -0.3624624013900757 0.9996660947799683
0.5639686584472656 0.3133772313594818 -0.36248576641082764 0.9996320009231567
0.568181574344635 0.31326824426651 -0.362694650888443 0.9995825886726379
0.5435135960578918 0.31406930088996887 -0.3640061914920807 0.9995031356811523
0.5378743410110474 0.31384870409965515 -0.36403053998947144 0.9994164705276489
0.5325918793678284 0.3137589693069458 -0.364090234041214 0.9993813037872314
0.5745176672935486 0.32512167096138 -0.18738219141960144 0.9996426105499268
0.5245490670204163 0.3272331655025482 -0.1950475424528122 0.9996020197868347
0.5599232316017151 0.36050012707710266 -0.32831043004989624 0.9999135732650757
0.5415082573890686 0.3606051802635193 -0.33107635378837585 0.999901533126831
0.6071832180023193 0.4579836130142212 -0.09510896354913712 0.999538779258728
0.48783883452415466 0.45161139965057373 -0.11671001464128494 0.9987591505050659
0.6524376273155212 0.6439685821533203 -0.3649117052555084 0.9968312382698059
0.4430954158306122 0.6333091259002686 -0.37407925724983215 0.9894254207611084
0.6057738065719604 0.4812459945678711 -0.7103685140609741 0.9971675276756287
0.49139463901519775 0.49363085627555847 -0.7065796256065369 0.9962419271469116
0.5982193350791931 0.4365990459918976 -0.7735940217971802 0.9861698150634766
0.502194881439209 0.4504353404045105 -0.7624565958976746 0.9858520030975342
0.5964526534080505 0.4245995581150055 -0.729410707950592 0.9838483929634094
0.5039806962013245 0.43584951758384705 -0.728149950504303 0.981297492980957
0.5951836109161377 0.4362415671348572 -0.6996272802352905 0.9732872247695923
0.506651759147644 0.44713932275772095 -0.6978023648262024 0.9668512940406799
0.5880795121192932 0.7539227604866028 0.01828404702246189 0.9978140592575073
0.49740585684776306 0.7522642612457275 -0.017988471314311028 0.9971922039985657
0.6431868672370911 0.9440778493881226 -0.43953022360801697 0.8949862718582153
0.48272088170051575 0.9490806460380554 -0.40617722272872925 0.7267168164253235
0.6006171107292175 1.0901604890823364 -0.12417139112949371 0.0252191461622715
0.48156973719596863 1.123762607574463 -0.08502677083015442 0.022274529561400414
0.5909068584442139 1.1069343090057373 -0.09611320495605469 0.059731584042310715
0.4836243689060211 1.1489832401275635 -0.05821813642978668 0.018105654045939445
0.5940406322479248 1.1655097007751465 -0.21873143315315247 0.027245277538895607
0.48578712344169617 1.200857162475586 -0.20440176129341125 0.01941828988492489
