0.5518839955329895 0.33583739399909973 -0.5506250262260437 0.9998815059661865
0.5609768629074097 0.31301385164260864 -0.5220483541488647 0.9998325109481812
0.5660424828529358 0.31346726417541504 -0.5221039652824402 0.9998564720153809
0.5714617967605591 0.3142268657684326 -0.522346556186676 0.9997652173042297
0.5416586399078369 0.31126081943511963 -0.5252304673194885 0.9998244643211365
0.5350458025932312 0.31114453077316284 -0.5252696871757507 0.999839186668396
0.5290507078170776 0.31112658977508545 -0.5253190398216248 0.9997209906578064
0.577978789806366 0.32555294036865234 -0.3494511544704437 0.999832034111023
0.5205959677696228 0.3236161470413208 -0.3658140003681183 0.9998646974563599
0.5616663098335266 0.36558985710144043 -0.4858599901199341 0.9999817609786987
0.539442241191864 0.36262357234954834 -0.49088916182518005 0.9999861717224121
0.6123529672622681 0.46764063835144043 -0.25401994585990906 0.999849796295166
0.47596538066864014 0.4681973159313202 -0.27035483717918396 0.9996891021728516
0.6554319858551025 0.6674149036407471 -0.4842190146446228 0.9962282180786133
0.42979589104652405 0.6541475653648376 -0.5148622989654541 0.9901534914970398
0.6383756399154663 0.5570288896560669 -0.8472633361816406 0.9971760511398315
0.4505184292793274 0.5512469410896301 -0.8982524275779724 0.9958171248435974
0.628902018070221 0.5192418694496155 -0.914574384689331 0.9925656318664551
0.4607810378074646 0.5124688744544983 -0.9665284752845764 0.9904299378395081
0.6306009292602539 0.4918050765991211 -0.8900876641273499 0.9916649460792542
0.46138274669647217 0.48946860432624817 -0.9433483481407166 0.9885377883911133
0.6306890845298767 0.5024663209915161 -0.8437256217002869 0.9837777614593506
0.4613269567489624 0.5002695918083191 -0.8956952691078186 0.9777542948722839
0.5912142395973206 0.7812156081199646 0.022982146590948105 0.9967358708381653
0.49474000930786133 0.7786908745765686 -0.022807979956269264 0.9963891506195068
0.6360701322555542 0.9541600942611694 -0.40536996722221375 0.8888707160949707
0.499612033367157 0.912444531917572 -0.4502733647823334 0.7154737710952759
0.6021576523780823 0.9841220378875732 0.07513174414634705 0.026476239785552025
0.4809442460536957 1.0166105031967163 0.02049214579164982 0.020043235272169113
0.5916858315467834 0.976936936378479 0.12337039411067963 0.04509790614247322
0.48294544219970703 1.025999665260315 0.06570381671190262 0.02112906612455845
0.5903031229972839 1.0486245155334473 0.054176557809114456 0.01935691200196743
0.49000266194343567 1.082077980041504 -0.034405145794153214 0.014081311412155628
