0.5573708415031433 0.33122843503952026 -0.3542603850364685 0.9999840259552002
0.5637149810791016 0.3093566298484802 -0.3267773985862732 0.9999887943267822
0.5687341690063477 0.3097006678581238 -0.3268631398677826 0.9999873638153076
0.5728991031646729 0.31004345417022705 -0.3270924985408783 0.9999840259552002
0.5472136735916138 0.3086814284324646 -0.32887446880340576 0.9999839067459106
0.5405809879302979 0.30874037742614746 -0.32889524102211 0.9999791383743286
0.5351589918136597 0.30894434452056885 -0.328900545835495 0.9999737739562988
0.5775529742240906 0.3227996528148651 -0.16306091845035553 0.9999884366989136
0.5244853496551514 0.32370102405548096 -0.1744520664215088 0.9999774694442749
0.5645895004272461 0.3581342101097107 -0.29286280274391174 0.9999974966049194
0.5445706248283386 0.35728445649147034 -0.29637962579727173 0.9999970197677612
0.6110334396362305 0.47696125507354736 -0.06541895866394043 0.9999743700027466
0.4812566637992859 0.4645569324493408 -0.07275105267763138 0.9998490810394287
0.6461570262908936 0.6537036895751953 -0.1909058541059494 0.9851995706558228
0.4309741258621216 0.6338131427764893 -0.21719560027122498 0.9864227175712585
0.6640413999557495 0.6338856816291809 -0.535209059715271 0.9911984801292419
0.4350230097770691 0.6052915453910828 -0.5785075426101685 0.994519054889679
0.6600856184959412 0.6001767516136169 -0.6047866940498352 0.9829140305519104
0.43591898679733276 0.5823575854301453 -0.6416171193122864 0.9898950457572937
0.6619964838027954 0.577199399471283 -0.6095535755157471 0.9832007884979248
0.43687593936920166 0.5580288171768188 -0.6481301784515381 0.9896910190582275
0.6593429446220398 0.585553765296936 -0.5434226393699646 0.9741795063018799
0.44015300273895264 0.565061092376709 -0.5875288248062134 0.9844489693641663
0.5889304876327515 0.7754358053207397 0.009832743555307388 0.9994893074035645
0.497401624917984 0.7738629579544067 -0.009454431012272835 0.9980505704879761
0.6328557133674622 0.9521268606185913 -0.38518616557121277 0.9277607798576355
0.49872472882270813 0.9608566761016846 -0.18773919343948364 0.708402156829834
0.6059207320213318 1.065697193145752 -0.06124930828809738 0.10776785761117935
0.47665005922317505 1.0429338216781616 0.2520248293876648 0.01492689922451973
0.5938366651535034 1.0801888704299927 -0.02978920377790928 0.18696583807468414
0.47899702191352844 1.0542278289794922 0.2945365309715271 0.02406754344701767
0.6092885732650757 1.145246148109436 -0.13698595762252808 0.08429110050201416
0.4714580476284027 1.0997719764709473 0.20862026512622833 0.009084896184504032
