0.5559273362159729 0.32861119508743286 -0.4142724871635437 0.9999979734420776
0.5623009204864502 0.3087412118911743 -0.38638249039649963 0.9999980926513672
0.5669453144073486 0.3093554973602295 -0.3864770531654358 0.9999983310699463
0.5713651180267334 0.31010472774505615 -0.3867352306842804 0.9999978542327881
0.5465764403343201 0.30808281898498535 -0.3879193365573883 0.9999973773956299
0.5403614640235901 0.30867254734039307 -0.38793885707855225 0.9999974966049194
0.534675657749176 0.3095126748085022 -0.38795334100723267 0.9999967813491821
0.5763653516769409 0.32346171140670776 -0.2270016372203827 0.9999986886978149
0.5237671136856079 0.32573622465133667 -0.23510006070137024 0.9999974966049194
0.5641241669654846 0.35656192898750305 -0.3551691770553589 0.9999994039535522
0.5442408919334412 0.3549986481666565 -0.3575625419616699 0.9999995231628418
0.6120114922523499 0.4821919798851013 -0.14312049746513367 0.9999780654907227
0.48276302218437195 0.4733116328716278 -0.14062951505184174 0.9999221563339233
0.6376188397407532 0.6521993279457092 -0.18639476597309113 0.9905340671539307
0.443610817193985 0.6386371850967407 -0.2298198640346527 0.9859667420387268
0.6869139075279236 0.7330039143562317 -0.43003496527671814 0.9826545119285583
0.42745766043663025 0.6961390972137451 -0.5374903082847595 0.9753085374832153
0.695402979850769 0.7347560524940491 -0.4863622784614563 0.9682217240333557
0.4249921143054962 0.7066894769668579 -0.594509482383728 0.9637277126312256
0.6949846744537354 0.7152124643325806 -0.5174577832221985 0.973298192024231
0.42647525668144226 0.6905065774917603 -0.6187564730644226 0.9677906632423401
0.6909498572349548 0.7152312397956848 -0.44773009419441223 0.9665622115135193
0.4293454885482788 0.6874108910560608 -0.5535789132118225 0.956393301486969
0.587717592716217 0.7729550004005432 0.009539911523461342 0.9980031847953796
0.49954861402511597 0.7759267091751099 -0.009129736572504044 0.9973031282424927
0.6313515901565552 0.9637736082077026 -0.4467045068740845 0.931451141834259
0.5020681619644165 0.9474968910217285 -0.4245170056819916 0.8193129897117615
0.5972549915313721 1.0478218793869019 -0.06472737342119217 0.14510059356689453
0.48906877636909485 1.0769957304000854 -0.04594701528549194 0.09087307751178741
0.5890423059463501 1.0491200685501099 -0.028624100610613823 0.19392092525959015
0.49053260684013367 1.0926856994628906 -0.010884027928113937 0.08536555618047714
0.5877944827079773 1.1281182765960693 -0.12891946732997894 0.09207789599895477
0.49557796120643616 1.1424163579940796 -0.1364792138338089 0.04772264137864113
