0.5476701259613037 0.3277592062950134 -0.30466195940971375 0.9995143413543701
0.5560957789421082 0.30602365732192993 -0.2725655138492584 0.9996352195739746
0.5600692629814148 0.3063306212425232 -0.27262669801712036 0.9995798468589783
0.563654899597168 0.30639851093292236 -0.2728411853313446 0.9995991587638855
0.5390690565109253 0.30428004264831543 -0.27739402651786804 0.9995588660240173
0.5325888991355896 0.3035030961036682 -0.27738484740257263 0.9994316697120667
0.526680588722229 0.3031020164489746 -0.27747029066085815 0.9993757605552673
0.5691080689430237 0.31515687704086304 -0.10478822886943817 0.9996328353881836
0.5164890289306641 0.315138041973114 -0.126265749335289 0.9995782971382141
0.5554545521736145 0.3553483486175537 -0.24131014943122864 0.9998201727867126
0.5344318747520447 0.3528522849082947 -0.24812665581703186 0.9998314380645752
0.5987611413002014 0.4489765465259552 -0.0356559120118618 0.9996802806854248
0.4760109484195709 0.4402214586734772 -0.07617146521806717 0.9986143112182617
0.6413619518280029 0.5926145911216736 -0.2992541491985321 0.9915841817855835
0.4394286572933197 0.639055073261261 -0.3071698546409607 0.9675218462944031
0.5953643321990967 0.4038696885108948 -0.6234884858131409 0.9950581789016724
0.47547775506973267 0.4929564297199249 -0.5926188826560974 0.9865691661834717
0.5957576036453247 0.35350656509399414 -0.685401201248169 0.9857199788093567
0.48225781321525574 0.4464368522167206 -0.6448982954025269 0.9671816229820251
0.5939962863922119 0.3415728807449341 -0.6431354880332947 0.9835698008537292
0.48126885294914246 0.42964187264442444 -0.6220693588256836 0.9619847536087036
0.5899022817611694 0.3605077564716339 -0.6134584546089172 0.9762261509895325
0.48354023694992065 0.4419822096824646 -0.5885472893714905 0.9466091394424438
0.5879676938056946 0.7603675723075867 0.033468376845121384 0.9989258646965027
0.4960758090019226 0.7651281952857971 -0.03324549272656441 0.9970338344573975
0.629069983959198 0.9629160761833191 -0.3310592472553253 0.7558025121688843
0.4960775077342987 0.9310092329978943 -0.36221474409103394 0.5847113132476807
0.6098697185516357 1.052290916442871 0.06506288051605225 0.01535812858492136
0.4698854088783264 1.0403714179992676 0.0060454863123595715 0.011759009212255478
0.6006194353103638 1.0541917085647583 0.10686758160591125 0.032996732741594315
0.46544188261032104 1.048708438873291 0.045747119933366776 0.019528066739439964
0.6041368842124939 1.1246600151062012 0.04232881963253021 0.013286653906106949
0.46692368388175964 1.1116167306900024 -0.03311290964484215 0.010819616727530956
