0.5424961447715759 0.36944854259490967 -0.3689796030521393 0.9999469518661499
0.5505929589271545 0.3473997116088867 -0.3409166932106018 0.999956488609314
0.5544343590736389 0.34837955236434937 -0.34108009934425354 0.9999631643295288
0.5588213205337524 0.34966111183166504 -0.3413868546485901 0.9999669790267944
0.5329703688621521 0.3448866009712219 -0.3466058373451233 0.9999402761459351
0.5260401964187622 0.3443329930305481 -0.34650516510009766 0.9999147653579712
0.5193965435028076 0.3448662757873535 -0.34659427404403687 0.9998948574066162
0.5640689730644226 0.36194878816604614 -0.173642098903656 0.9999797344207764
0.5088422894477844 0.3581758141517639 -0.19972755014896393 0.9999599456787109
0.5497462749481201 0.399125874042511 -0.30434998869895935 0.9999889135360718
0.5284987092018127 0.3983854353427887 -0.3122251331806183 0.9999889135360718
0.6000334024429321 0.49305516481399536 -0.09633985906839371 0.999985933303833
0.4610116183757782 0.5032401084899902 -0.07709430158138275 0.9998313188552856
0.6347774267196655 0.6460248231887817 -0.2710109353065491 0.9965407252311707
0.4294903576374054 0.6975665092468262 -0.04224338382482529 0.9021047353744507
0.5880189538002014 0.5425297617912292 -0.6014052629470825 0.9932130575180054
0.4244280159473419 0.8737429976463318 -0.16021952033042908 0.5955474972724915
0.56648188829422 0.5195475816726685 -0.6726308465003967 0.9804720282554626
0.4166204631328583 0.9200390577316284 -0.18483760952949524 0.4887467622756958
0.5683984160423279 0.4904511570930481 -0.6490990519523621 0.9796691536903381
0.4242859184741974 0.9200398325920105 -0.21877184510231018 0.505140483379364
0.5713034272193909 0.4966384768486023 -0.5980237722396851 0.9646850824356079
0.4308783710002899 0.9010879993438721 -0.17471034824848175 0.4931188225746155
0.5860928893089294 0.8007063269615173 0.011406365782022476 0.9959602952003479
0.48503872752189636 0.8136452436447144 -0.010926037095487118 0.9901136159896851
0.676909327507019 0.9599258899688721 -0.2898447811603546 0.9253367781639099
0.4375115931034088 0.9994465112686157 -0.21587175130844116 0.8033639788627625
0.6248846054077148 1.1116454601287842 0.055186040699481964 0.22999180853366852
0.4964582324028015 1.173704743385315 0.11281793564558029 0.13835759460926056
0.6099382042884827 1.1210894584655762 0.08910460770130157 0.30390632152557373
0.5053479075431824 1.193691611289978 0.1431325227022171 0.15382523834705353
0.625671923160553 1.201000452041626 -0.025300282984972 0.1265171766281128
0.5012621283531189 1.253975510597229 0.013067337684333324 0.05841498821973801
