0.5417281985282898 0.368543803691864 -0.33902671933174133 0.9999556541442871
0.549952507019043 0.3485639691352844 -0.31087103486061096 0.99996018409729
0.5542640089988708 0.3493139147758484 -0.3110295534133911 0.9999678134918213
0.5580474138259888 0.3505917191505432 -0.311345636844635 0.9999698400497437
0.531980037689209 0.34636610746383667 -0.31650295853614807 0.9999384880065918
0.5251448750495911 0.3465062379837036 -0.3164125978946686 0.9999159574508667
0.5184595584869385 0.3475419282913208 -0.31648653745651245 0.9998892545700073
0.5645440816879272 0.36186009645462036 -0.14389513432979584 0.9999840259552002
0.5093607902526855 0.3590928912162781 -0.16939878463745117 0.9999618530273438
0.5508074164390564 0.3988397717475891 -0.27470293641090393 0.9999899864196777
0.5286084413528442 0.39937257766723633 -0.28234511613845825 0.9999877214431763
0.5997547507286072 0.49237748980522156 -0.062196213752031326 0.9999867677688599
0.46131283044815063 0.5001592636108398 -0.05172165855765343 0.9998480081558228
0.635342538356781 0.6462987661361694 -0.2305992692708969 0.9967128038406372
0.4323800802230835 0.6939694881439209 -0.016182471066713333 0.9243929386138916
0.586344301700592 0.5368816256523132 -0.5455359816551208 0.9938940405845642
0.4239693880081177 0.8641936779022217 -0.11796452850103378 0.7043741345405579
0.5646474957466125 0.5128135085105896 -0.6181188821792603 0.9819986820220947
0.41642749309539795 0.9110010266304016 -0.14294010400772095 0.5907992720603943
0.5665179491043091 0.4854355454444885 -0.5921028256416321 0.9815466403961182
0.4240526258945465 0.9118029475212097 -0.17973043024539948 0.6108371019363403
0.5694738030433655 0.49181580543518066 -0.5414707064628601 0.968496561050415
0.42973053455352783 0.8946931958198547 -0.13384197652339935 0.5944466590881348
0.5832906365394592 0.8082048892974854 0.00978455226868391 0.9971457123756409
0.48264825344085693 0.8207961320877075 -0.009181431494653225 0.991741418838501
0.676498532295227 0.9562847018241882 -0.3350083529949188 0.9505720138549805
0.43514129519462585 1.0082606077194214 -0.19640737771987915 0.859472930431366
0.6299545764923096 1.15702486038208 -0.0062267109751701355 0.3203789293766022
0.48404213786125183 1.2100811004638672 0.13619764149188995 0.1566704958677292
0.6138314604759216 1.1779561042785645 0.02478688210248947 0.35352516174316406
0.49303844571113586 1.2317991256713867 0.1658814400434494 0.1545678675174713
0.639626145362854 1.248977541923523 -0.10210192948579788 0.1541319042444229
0.48318377137184143 1.29474937915802 0.03663492575287819 0.05457383021712303
