0.5428674817085266 0.3687748312950134 -0.4033178687095642 0.999954342842102
0.5509293079376221 0.34719401597976685 -0.3745724856853485 0.9999568462371826
0.5549529194831848 0.34849798679351807 -0.37471356987953186 0.9999654293060303
0.5600324869155884 0.3502464294433594 -0.3750289976596832 0.9999645948410034
0.5327214002609253 0.34351325035095215 -0.3796408474445343 0.9999392032623291
0.5254930257797241 0.34301960468292236 -0.37957412004470825 0.9999229907989502
0.5188681483268738 0.34375423192977905 -0.37965506315231323 0.9998940229415894
0.5652978420257568 0.36242246627807617 -0.20015598833560944 0.9999831914901733
0.5086204409599304 0.3575981855392456 -0.22277751564979553 0.9999696016311646
0.550541877746582 0.4002608358860016 -0.33584022521972656 0.9999895095825195
0.5293957591056824 0.3982182443141937 -0.34277716279029846 0.9999886751174927
0.6022457480430603 0.4945908784866333 -0.10659326612949371 0.9999799728393555
0.4622880518436432 0.49783432483673096 -0.08538307249546051 0.9998600482940674
0.6365615725517273 0.6484956741333008 -0.28155916929244995 0.9971377849578857
0.43302085995674133 0.6915550231933594 -0.03685188293457031 0.9355798363685608
0.5832107067108154 0.5352949500083923 -0.6119969487190247 0.9930318593978882
0.4221823513507843 0.8606589436531067 -0.14554238319396973 0.7025217413902283
0.5612375140190125 0.5084412097930908 -0.6872773766517639 0.9788945913314819
0.41607221961021423 0.9070236682891846 -0.1704464554786682 0.5831902027130127
0.5623834729194641 0.48505792021751404 -0.66213458776474 0.9783778786659241
0.4212639629840851 0.9077408909797668 -0.21076950430870056 0.6034731864929199
0.5654422044754028 0.4927476644515991 -0.6085361242294312 0.9613690972328186
0.42695701122283936 0.8943043351173401 -0.16248862445354462 0.5786893367767334
0.5876387357711792 0.7994351387023926 0.006381719373166561 0.9964375495910645
0.48738381266593933 0.808163583278656 -0.005763081833720207 0.9912262558937073
0.6760646104812622 0.9609110355377197 -0.3738437294960022 0.9586247801780701
0.4391774833202362 0.9936704039573669 -0.2158249020576477 0.8966423273086548
0.6280588507652283 1.1645660400390625 -0.04203823581337929 0.35740455985069275
0.4791211187839508 1.2111700773239136 0.09673354774713516 0.24634984135627747
0.6123923659324646 1.1864897012710571 -0.012402119114995003 0.4055481255054474
0.4883992075920105 1.2384164333343506 0.122361920773983 0.23951329290866852
0.6369519829750061 1.2561545372009277 -0.1599990874528885 0.1707167774438858
0.47353580594062805 1.2954519987106323 -0.032166533172130585 0.0816878229379654
