0.545498788356781 0.36824339628219604 -0.35360750555992126 0.9999657869338989
0.5528814792633057 0.34424781799316406 -0.32423755526542664 0.9999735355377197
0.556670606136322 0.34476161003112793 -0.32438841462135315 0.999976396560669
0.5616173148155212 0.34548747539520264 -0.32467523217201233 0.9999796152114868
0.5348554253578186 0.3426187038421631 -0.3295762240886688 0.999964714050293
0.5268267393112183 0.34242093563079834 -0.32946377992630005 0.9999507665634155
0.5202614665031433 0.342663049697876 -0.329545795917511 0.9999411106109619
0.5662340521812439 0.3582038879394531 -0.15940938889980316 0.9999856948852539
0.5100345015525818 0.35907596349716187 -0.18510204553604126 0.999972939491272
0.5522943139076233 0.40140846371650696 -0.2910645604133606 0.9999933242797852
0.5313327312469482 0.40087631344795227 -0.2987664043903351 0.9999932050704956
0.6002916097640991 0.49704667925834656 -0.09071049094200134 0.9999905824661255
0.4627698063850403 0.5062732696533203 -0.07696113735437393 0.9998770952224731
0.6396031975746155 0.6574989557266235 -0.24784356355667114 0.9971469044685364
0.43076494336128235 0.7016597986221313 -0.05168807506561279 0.9266207814216614
0.5864661335945129 0.530457615852356 -0.5597674250602722 0.9956369996070862
0.42464154958724976 0.8691872358322144 -0.1724524050951004 0.6934604048728943
0.5697408318519592 0.5023400783538818 -0.6270294189453125 0.9864292144775391
0.416422039270401 0.9149815440177917 -0.19890254735946655 0.5860292315483093
0.5672370791435242 0.48526403307914734 -0.6037819385528564 0.9858443737030029
0.42350345849990845 0.9180741310119629 -0.22947059571743011 0.6007684469223022
0.5695902705192566 0.4961625337600708 -0.5558382272720337 0.9757854342460632
0.4288640320301056 0.9029021263122559 -0.18604975938796997 0.5905773043632507
0.5874868035316467 0.800523042678833 0.01482876855880022 0.9979962110519409
0.48915448784828186 0.8143763542175293 -0.014482888393104076 0.9948703050613403
0.6724491119384766 0.952455997467041 -0.24693888425827026 0.9141308069229126
0.43744075298309326 0.9956449270248413 -0.17296046018600464 0.7805777192115784
0.6134771704673767 1.0589675903320312 0.18093463778495789 0.11728009581565857
0.5030050277709961 1.1242495775222778 0.18192338943481445 0.09548598527908325
0.5992197394371033 1.0517213344573975 0.22698365151882172 0.1818293184041977
0.5122653245925903 1.1326342821121216 0.2176411747932434 0.10184995085000992
0.6021839380264282 1.141208291053772 0.1551143378019333 0.07918909937143326
0.5180650949478149 1.202455997467041 0.11756906658411026 0.04855867475271225
