0.5445770621299744 0.36350685358047485 -0.3003118336200714 0.999971866607666
0.551672637462616 0.34420084953308105 -0.26991525292396545 0.9999781847000122
0.555845320224762 0.34483158588409424 -0.2700701951980591 0.9999821186065674
0.5601497888565063 0.34564608335494995 -0.2703706622123718 0.9999828338623047
0.5332507491111755 0.3418828845024109 -0.2757316827774048 0.9999650716781616
0.5258424878120422 0.3418835997581482 -0.2756481468677521 0.9999529123306274
0.5191161632537842 0.34277886152267456 -0.27571552991867065 0.9999383687973022
0.5654083490371704 0.3568735122680664 -0.10294757783412933 0.9999920129776001
0.5096215605735779 0.35608065128326416 -0.12888798117637634 0.9999790191650391
0.552390456199646 0.39443808794021606 -0.2372666746377945 0.9999946355819702
0.5310978293418884 0.39576512575149536 -0.24500907957553864 0.999992847442627
0.6033826470375061 0.49270984530448914 -0.03051639534533024 0.9999899864196777
0.46340328454971313 0.5019406080245972 -0.024435030296444893 0.9998490810394287
0.6382293701171875 0.6529748439788818 -0.20619083940982819 0.9967350363731384
0.4327588677406311 0.6943531632423401 -0.016894642263650894 0.940230131149292
0.5916212797164917 0.5447731018066406 -0.534342348575592 0.9943707585334778
0.4248274862766266 0.8499028086662292 -0.14065270125865936 0.7445692420005798
0.5736576914787292 0.5250826478004456 -0.6079537868499756 0.9837685227394104
0.41903990507125854 0.8950192332267761 -0.16922317445278168 0.6361157894134521
0.5720855593681335 0.5068442225456238 -0.58247309923172 0.9832645058631897
0.4257047474384308 0.8933024406433105 -0.2023932784795761 0.6523502469062805
0.5754831433296204 0.5138452053070068 -0.5307725667953491 0.9714775681495667
0.4315395653247833 0.8778205513954163 -0.15576042234897614 0.6338028907775879
0.586421012878418 0.8016895651817322 0.008347618393599987 0.9980863332748413
0.4845137596130371 0.814396858215332 -0.007758506573736668 0.9941890239715576
0.6754177212715149 0.9523046612739563 -0.35313206911087036 0.9637500643730164
0.4313194155693054 1.0060093402862549 -0.1855243742465973 0.8868183493614197
0.6221924424171448 1.1519715785980225 -0.013945828191936016 0.3831368684768677
0.48792019486427307 1.2069270610809326 0.1421320140361786 0.21725310385227203
0.6055695414543152 1.1716656684875488 0.018305810168385506 0.411379873752594
0.4977620244026184 1.2282606363296509 0.17121773958206177 0.1936051845550537
0.6290884613990784 1.2460066080093384 -0.11063209921121597 0.2011307030916214
0.4878791570663452 1.2913841009140015 0.03778539225459099 0.07484809309244156
