0.5449793934822083 0.36651110649108887 -0.3579305410385132 0.9999687671661377
0.5516633987426758 0.34438467025756836 -0.32920387387275696 0.9999730587005615
0.5562916994094849 0.34469884634017944 -0.3293585181236267 0.999981164932251
0.5614782571792603 0.3453187942504883 -0.3296660780906677 0.9999812841415405
0.5348095297813416 0.3425362706184387 -0.3333006501197815 0.9999562501907349
0.5264608860015869 0.3423730134963989 -0.3332274258136749 0.9999489784240723
0.5196895003318787 0.34313255548477173 -0.3332892656326294 0.9999223947525024
0.5655040740966797 0.3585324287414551 -0.16529056429862976 0.9999910593032837
0.5088474750518799 0.36062026023864746 -0.1844063550233841 0.9999696016311646
0.5517001748085022 0.3992958962917328 -0.2954283058643341 0.9999938011169434
0.530693769454956 0.40000468492507935 -0.30128204822540283 0.9999910593032837
0.6019983887672424 0.49929019808769226 -0.09218090027570724 0.9999947547912598
0.4639436602592468 0.5031684041023254 -0.05952495336532593 0.9998596906661987
0.6461430788040161 0.6705739498138428 -0.24527134001255035 0.9978930354118347
0.4327789545059204 0.6951113939285278 -0.012925117276608944 0.8926226496696472
0.5945307612419128 0.5683299899101257 -0.5505314469337463 0.9948257207870483
0.4271168112754822 0.8595194220542908 -0.12114515155553818 0.5577051043510437
0.5764974355697632 0.5574448704719543 -0.6171953082084656 0.9827455878257751
0.42056429386138916 0.9026874303817749 -0.14470066130161285 0.44716766476631165
0.5701882839202881 0.5360026955604553 -0.5930874347686768 0.982770562171936
0.4273815155029297 0.904811680316925 -0.17473562061786652 0.4714958965778351
0.5725899338722229 0.5380184650421143 -0.5455963015556335 0.969254732131958
0.4322514832019806 0.8887617588043213 -0.1343027651309967 0.4510219693183899
0.5863041281700134 0.8020623922348022 0.005753795150667429 0.9972477555274963
0.486350417137146 0.8147798180580139 -0.005241472739726305 0.993123471736908
0.6776008009910583 0.9682797789573669 -0.2642500400543213 0.9088007211685181
0.4419265389442444 1.0067377090454102 -0.18060936033725739 0.7968632578849792
0.6086442470550537 1.1474494934082031 0.14324896037578583 0.22042693197727203
0.4965945780277252 1.2094966173171997 0.15525725483894348 0.19416382908821106
0.59440678358078 1.153734564781189 0.18457336723804474 0.2862968146800995
0.504318118095398 1.2289546728134155 0.18616683781147003 0.19546149671077728
0.5996847748756409 1.2448369264602661 0.07552685588598251 0.13169623911380768
0.5061355233192444 1.2998452186584473 0.05625396966934204 0.08266578614711761
