0.5446872115135193 0.3674429655075073 -0.1346656233072281 0.9996985197067261
0.5505334138870239 0.34632760286331177 -0.097751185297966 0.9995989203453064
0.5541008114814758 0.3469967842102051 -0.09798088669776917 0.9996849298477173
0.5580019354820251 0.34771156311035156 -0.0984080508351326 0.9997208714485168
0.534122109413147 0.34469419717788696 -0.10379143059253693 0.9994791150093079
0.5267012715339661 0.3449556231498718 -0.10379419475793839 0.9994458556175232
0.5200541019439697 0.3456662893295288 -0.10387447476387024 0.999466598033905
0.5617742538452148 0.35946738719940186 0.06551036238670349 0.999830961227417
0.5092464089393616 0.35958331823349 0.04016594961285591 0.9996669292449951
0.5515089631080627 0.3986250162124634 -0.07585756480693817 0.9998406171798706
0.5320867300033569 0.4007610082626343 -0.08346066623926163 0.9998231530189514
0.6028773784637451 0.5089487433433533 0.12401413172483444 0.9998531341552734
0.4592445194721222 0.5123563408851624 0.11748557537794113 0.9994508624076843
0.6440635919570923 0.6891191005706787 0.05002931132912636 0.8939701914787292
0.43094146251678467 0.7162309885025024 0.13314133882522583 0.7914828062057495
0.6683949828147888 0.7362693548202515 -0.19616547226905823 0.42620059847831726
0.42474135756492615 0.888881504535675 0.028739430010318756 0.2725619971752167
0.6854094862937927 0.7574378252029419 -0.24723102152347565 0.3445127308368683
0.41651201248168945 0.9330975413322449 0.006269671022891998 0.23080450296401978
0.6804834008216858 0.7524853944778442 -0.25870245695114136 0.3626386821269989
0.42256560921669006 0.9349265098571777 -0.02855021506547928 0.24188166856765747
0.684604287147522 0.7394101023674011 -0.20823511481285095 0.33736544847488403
0.4274892210960388 0.9181075096130371 0.011999326758086681 0.238495334982872
0.5863890051841736 0.8047614693641663 0.009403097443282604 0.9962881803512573
0.4863075315952301 0.8248224258422852 -0.008733146823942661 0.9913813471794128
0.6655823588371277 0.9454796314239502 -0.4699135720729828 0.8871722221374512
0.4799406826496124 1.0368176698684692 -0.2895798981189728 0.7719079852104187
0.6400566697120667 1.152127742767334 -0.14738860726356506 0.2106393575668335
0.5131014585494995 1.2140508890151978 0.014269662089645863 0.13374993205070496
0.6277467012405396 1.1758124828338623 -0.1187470480799675 0.24523676931858063
0.5206264853477478 1.2371718883514404 0.03861326724290848 0.11721117794513702
0.6525372862815857 1.2435041666030884 -0.2602996230125427 0.09460248053073883
0.511909008026123 1.2992517948150635 -0.12125925719738007 0.04930062219500542
