0.5551275610923767 0.3272514343261719 -0.4454377293586731 0.9999735355377197
0.5613027215003967 0.3064109683036804 -0.4142026901245117 0.9999487400054932
0.5658385157585144 0.3070370554924011 -0.4143598675727844 0.9999662637710571
0.5707935690879822 0.3078840374946594 -0.41456738114356995 0.999943733215332
0.5443853139877319 0.30546921491622925 -0.41922512650489807 0.9999176263809204
0.5381528735160828 0.3058285713195801 -0.4192759096622467 0.9999388456344604
0.5328137874603271 0.30679064989089966 -0.41940104961395264 0.9998965263366699
0.5762037038803101 0.32231348752975464 -0.2350301593542099 0.9999611377716064
0.5227121710777283 0.32436174154281616 -0.2597602307796478 0.9999653100967407
0.5638206601142883 0.354387104511261 -0.37927377223968506 0.9999947547912598
0.5430662631988525 0.3527134358882904 -0.3868487477302551 0.9999951124191284
0.6107444763183594 0.4762148857116699 -0.1261320859193802 0.9999858140945435
0.4792514443397522 0.4801470637321472 -0.14301495254039764 0.9999281167984009
0.6387745141983032 0.6662309169769287 -0.2808893322944641 0.989349901676178
0.4524089992046356 0.6789705753326416 -0.11429630219936371 0.9772522449493408
0.625855565071106 0.6157156229019165 -0.6401804685592651 0.9792554974555969
0.4170510172843933 0.8521677851676941 -0.2550441026687622 0.9246322512626648
0.6229559183120728 0.6019266843795776 -0.7105748653411865 0.9497889280319214
0.40490737557411194 0.9072206020355225 -0.28289681673049927 0.8820699453353882
0.6221373677253723 0.5775984525680542 -0.6979057192802429 0.9496657252311707
0.41078197956085205 0.9126632213592529 -0.32620593905448914 0.8965066075325012
0.6187087893486023 0.575994074344635 -0.6421424746513367 0.9213314652442932
0.4167286157608032 0.8962892889976501 -0.27294111251831055 0.8803118467330933
0.5891287922859192 0.7843149900436401 0.012918442487716675 0.9982776641845703
0.4977448284626007 0.7812923192977905 -0.012435393407940865 0.9947169423103333
0.636328935623169 0.9979994893074036 -0.5223164558410645 0.7896718978881836
0.488198459148407 0.974073052406311 -0.47633832693099976 0.6898891925811768
0.618627667427063 1.1697802543640137 -0.16861137747764587 0.10014937818050385
0.49835413694381714 1.176466703414917 -0.19030052423477173 0.09532036632299423
0.6119365096092224 1.1907789707183838 -0.13978402316570282 0.21052102744579315
0.49867090582847595 1.2054650783538818 -0.16845160722732544 0.09609587490558624
0.6198326945304871 1.252457618713379 -0.308298796415329 0.07592861354351044
0.5113319754600525 1.2583379745483398 -0.36078259348869324 0.06794262677431107
