0.5549246072769165 0.3262297511100769 -0.482978492975235 0.9999767541885376
0.5623853206634521 0.30691635608673096 -0.455342561006546 0.9999610185623169
0.5669465661048889 0.3080206513404846 -0.45543432235717773 0.9999709129333496
0.5713374614715576 0.3089469075202942 -0.45563456416130066 0.9999560117721558
0.5453702807426453 0.30542445182800293 -0.45893988013267517 0.9999426603317261
0.5385710597038269 0.30583852529525757 -0.45893561840057373 0.9999440908432007
0.5328769683837891 0.30667537450790405 -0.45900759100914 0.9999004602432251
0.5754415988922119 0.3231120705604553 -0.28877511620521545 0.9999697208404541
0.5224136114120483 0.32479995489120483 -0.3080511689186096 0.999968409538269
0.5622876286506653 0.3533145785331726 -0.420847624540329 0.9999964237213135
0.5419710874557495 0.35176703333854675 -0.4267447888851166 0.9999964237213135
0.6071932911872864 0.47385889291763306 -0.20425620675086975 0.9999923706054688
0.479575514793396 0.4787233769893646 -0.18910375237464905 0.9999535083770752
0.6430993676185608 0.6629944443702698 -0.3967019319534302 0.9983270764350891
0.45330575108528137 0.6829637289047241 -0.13793641328811646 0.9616439938545227
0.5957229137420654 0.5250587463378906 -0.7300474047660828 0.9977084398269653
0.41736534237861633 0.8574944734573364 -0.25779229402542114 0.9098115563392639
0.5829298496246338 0.491823673248291 -0.793070375919342 0.9919105172157288
0.40313708782196045 0.915199875831604 -0.2801625430583954 0.8652015328407288
0.5823147296905518 0.46820497512817383 -0.7666767835617065 0.9911326766014099
0.410095751285553 0.9208651781082153 -0.3181605637073517 0.8782006502151489
0.5830921530723572 0.47878599166870117 -0.7248328328132629 0.9847283363342285
0.41646212339401245 0.9033072590827942 -0.27352431416511536 0.8672018051147461
0.5877447724342346 0.782028079032898 0.010872392915189266 0.9996448755264282
0.49573221802711487 0.778248131275177 -0.010687352158129215 0.9992576241493225
0.6313880681991577 0.9690576791763306 -0.340878963470459 0.7566000819206238
0.47534507513046265 0.9696413278579712 -0.35138124227523804 0.6783254742622375
0.605114221572876 1.007675290107727 0.13738326728343964 0.024812214076519012
0.49331486225128174 1.0459527969360352 0.08949766308069229 0.022054703906178474
0.6002790927886963 1.0022759437561035 0.1866367757320404 0.0652041956782341
0.4953087568283081 1.0523236989974976 0.1329471617937088 0.028375666588544846
0.5971946120262146 1.070338249206543 0.1150292232632637 0.02442927286028862
0.5063618421554565 1.1089599132537842 0.03443299978971481 0.020492373034358025
