0.5526605248451233 0.32775604724884033 -0.4782492518424988 0.9999150037765503
0.5588709712028503 0.30643802881240845 -0.4498968720436096 0.9998619556427002
0.5629738569259644 0.3073882460594177 -0.4500364661216736 0.9999003410339355
0.5666170716285706 0.3083333373069763 -0.45025959610939026 0.9998588562011719
0.5425638556480408 0.30560314655303955 -0.4527197480201721 0.9998056292533875
0.5367119312286377 0.30610090494155884 -0.4527215361595154 0.999811589717865
0.5309798717498779 0.3068850040435791 -0.45281845331192017 0.9997022747993469
0.5721893310546875 0.3222671151161194 -0.2799980044364929 0.9999004602432251
0.5214827656745911 0.3238144516944885 -0.2955370843410492 0.9998914003372192
0.5615638494491577 0.35366445779800415 -0.41444116830825806 0.9999806880950928
0.540870726108551 0.3521026074886322 -0.4193606972694397 0.9999829530715942
0.6054955720901489 0.46324530243873596 -0.2094048112630844 0.9999790191650391
0.4770144522190094 0.4796188771724701 -0.16336750984191895 0.9998888969421387
0.6356340646743774 0.6302662491798401 -0.4115374982357025 0.9983929991722107
0.4503306746482849 0.6829014420509338 -0.10842578113079071 0.9547950625419617
0.5748420357704163 0.47687870264053345 -0.7355858087539673 0.9976398944854736
0.41838714480400085 0.8561776876449585 -0.236760675907135 0.8894659876823425
0.5679201483726501 0.4365459084510803 -0.8018630146980286 0.9917959570884705
0.4063495397567749 0.9119724631309509 -0.26036790013313293 0.8363093733787537
0.5674298405647278 0.42444461584091187 -0.7735791802406311 0.9910327792167664
0.41194725036621094 0.9166350960731506 -0.3000433146953583 0.8500349521636963
0.5669936537742615 0.43543219566345215 -0.7294409871101379 0.9835442900657654
0.4178917109966278 0.8987051844596863 -0.25343644618988037 0.8335344195365906
0.5881529450416565 0.779578685760498 0.0052852267399430275 0.99903404712677
0.49463140964508057 0.7832444310188293 -0.005092459265142679 0.9977741837501526
0.6290437579154968 0.9643967151641846 -0.37605521082878113 0.8251118659973145
0.48943573236465454 0.9905396699905396 -0.4064653217792511 0.6929773092269897
0.6122289299964905 1.0494287014007568 0.10222885012626648 0.060219656676054
0.5102443695068359 1.0802267789840698 0.05043666064739227 0.03343668952584267
0.6086261868476868 1.048765778541565 0.15033558011054993 0.10779206454753876
0.5121613144874573 1.087528944015503 0.09487676620483398 0.044221267104148865
0.6038660407066345 1.121048092842102 0.0568569041788578 0.05191238224506378
0.5255844593048096 1.1427366733551025 -0.02151954174041748 0.02724108099937439
