0.5506097078323364 0.3221338987350464 -0.41136714816093445 0.9999954700469971
0.558375358581543 0.302764356136322 -0.3789971172809601 0.9999912977218628
0.5632284283638 0.30384814739227295 -0.3791148364543915 0.9999938011169434
0.568103015422821 0.30501455068588257 -0.37932395935058594 0.9999902248382568
0.5404768586158752 0.30146777629852295 -0.3821346163749695 0.999984860420227
0.5344687104225159 0.30193835496902466 -0.3821774423122406 0.999987006187439
0.5289573073387146 0.3028213381767273 -0.38223913311958313 0.999977707862854
0.5745187997817993 0.32155463099479675 -0.2019774466753006 0.9999924898147583
0.5196354985237122 0.32044219970703125 -0.22068946063518524 0.9999918937683105
0.5601768493652344 0.34885215759277344 -0.34629255533218384 0.999998927116394
0.53751540184021 0.34781426191329956 -0.3522109389305115 0.9999988079071045
0.605853796005249 0.4722990393638611 -0.11366236209869385 0.9999947547912598
0.47667738795280457 0.48006799817085266 -0.09776616841554642 0.9999538660049438
0.637601912021637 0.6712628602981567 -0.27790960669517517 0.9979887008666992
0.45252901315689087 0.6839882731437683 -0.045841034501791 0.9702441692352295
0.6053811311721802 0.5661485195159912 -0.6053906083106995 0.9975289702415466
0.4184747338294983 0.8605309128761292 -0.17364133894443512 0.9267699122428894
0.5925909280776978 0.5400374531745911 -0.6723775267601013 0.9911355972290039
0.4046901762485504 0.9153826832771301 -0.1997150331735611 0.8776181936264038
0.5921069979667664 0.5140252113342285 -0.6523126363754272 0.9909153580665588
0.4122241735458374 0.9197445511817932 -0.239513099193573 0.8912447690963745
0.5930271148681641 0.5178037285804749 -0.602885365486145 0.9838165044784546
0.41864868998527527 0.9041488766670227 -0.19026145339012146 0.8770186305046082
0.5883181095123291 0.7813782095909119 0.006259438581764698 0.99937903881073
0.4970526099205017 0.782067060470581 -0.0058876569382846355 0.9983813762664795
0.6304092407226562 0.9721497893333435 -0.46302345395088196 0.7692109942436218
0.4815254807472229 0.9629911184310913 -0.47116804122924805 0.7139942049980164
0.6183818578720093 1.1125212907791138 -0.048131998628377914 0.05549442768096924
0.49776992201805115 1.127151608467102 -0.09076917171478271 0.05417891964316368
0.6141515970230103 1.130266547203064 -0.01004833448678255 0.1484733372926712
0.5000063180923462 1.149333119392395 -0.05700896307826042 0.06377916783094406
0.6184778809547424 1.1898165941238403 -0.1508723348379135 0.05143627151846886
0.5080103278160095 1.2028603553771973 -0.22073695063591003 0.041964154690504074
