0.5414480566978455 0.3976955711841583 -0.18981149792671204 0.9999977350234985
0.5452806949615479 0.3780924081802368 -0.163680300116539 0.9999969005584717
0.5486467480659485 0.37868839502334595 -0.1636994481086731 0.9999978542327881
0.5529749989509583 0.37972402572631836 -0.1637205183506012 0.9999971389770508
0.5309408903121948 0.37871110439300537 -0.1707671582698822 0.9999967813491821
0.5241798758506775 0.3803773522377014 -0.17070941627025604 0.999997615814209
0.5184723734855652 0.38268113136291504 -0.17084358632564545 0.9999970197677612
0.5552275776863098 0.3920685350894928 -0.026853105053305626 0.9999982118606567
0.50783771276474 0.39873412251472473 -0.05708974599838257 0.9999985694885254
0.5477114915847778 0.4251778721809387 -0.14031751453876495 0.9999986886978149
0.5310165286064148 0.4290253221988678 -0.1496885120868683 0.9999985694885254
0.5977984666824341 0.5402268171310425 0.05060125142335892 0.9999959468841553
0.460891455411911 0.5318344831466675 -0.008551604114472866 0.9999904632568359
0.6487283110618591 0.6989259123802185 -0.06747683882713318 0.9986022114753723
0.4124499261379242 0.6968769431114197 -0.15163752436637878 0.9995748400688171
0.6553887128829956 0.6762638092041016 -0.3903828561306 0.9977715611457825
0.4427300691604614 0.688271701335907 -0.42885902523994446 0.9994345307350159
0.6520047783851624 0.6722519993782043 -0.4471692144870758 0.989262044429779
0.4654185473918915 0.7005937695503235 -0.47796642780303955 0.9972065091133118
0.6468847393989563 0.6504050493240356 -0.44125625491142273 0.9895954728126526
0.4680122137069702 0.6677338480949402 -0.47092750668525696 0.9971517324447632
0.645812451839447 0.6502010822296143 -0.3960728645324707 0.9912509918212891
0.4617690443992615 0.6618946194648743 -0.4305306375026703 0.9970828890800476
0.5777758955955505 0.8387160301208496 0.013149402104318142 0.9993128776550293
0.48137980699539185 0.8411919474601746 -0.011530166491866112 0.9987927675247192
0.5854563117027283 1.0875327587127686 -0.1750534474849701 0.05498770624399185
0.4954834282398224 1.0905876159667969 0.0016393117839470506 0.039782315492630005
0.5915302038192749 1.311733603477478 0.021592607721686363 6.906787166371942e-05
0.4975287616252899 1.313579797744751 0.18127264082431793 0.000147414903040044
0.5952006578445435 1.3485517501831055 0.03467048332095146 0.0002780436770990491
0.49166250228881836 1.3508579730987549 0.1930825561285019 0.00016956590116024017
0.5774867534637451 1.3904786109924316 -0.12817654013633728 7.80309273977764e-05
0.5171390771865845 1.3884774446487427 0.024918504059314728 0.00016641648835502565
