0.539828896522522 0.40162816643714905 -0.22028234601020813 0.9999969005584717
0.5442419052124023 0.38138264417648315 -0.19680403172969818 0.9999963045120239
0.5483533143997192 0.38196101784706116 -0.19677135348320007 0.9999969005584717
0.5526532530784607 0.38308802247047424 -0.19676907360553741 0.9999963045120239
0.5297529101371765 0.380858451128006 -0.2029719352722168 0.9999960660934448
0.5233985185623169 0.3814616799354553 -0.2029382288455963 0.9999964237213135
0.5179636478424072 0.38315147161483765 -0.20304003357887268 0.9999959468841553
0.5554850101470947 0.39567774534225464 -0.061508629471063614 0.9999977350234985
0.5074857473373413 0.39782336354255676 -0.0868929848074913 0.9999980926513672
0.5459254384040833 0.42898327112197876 -0.17015214264392853 0.9999990463256836
0.5296034812927246 0.43124082684516907 -0.17791907489299774 0.9999988079071045
0.5940539240837097 0.5282157063484192 0.011972346343100071 0.9999957084655762
0.46274617314338684 0.5320225954055786 -0.03639834746718407 0.999981164932251
0.6544808745384216 0.6635071039199829 -0.12212007492780685 0.999276340007782
0.4118160605430603 0.6948814392089844 -0.18929952383041382 0.9993674159049988
0.6417996883392334 0.6419041156768799 -0.42181530594825745 0.9986250400543213
0.4576719105243683 0.6470904350280762 -0.458443284034729 0.9993265867233276
0.6309213638305664 0.6406164765357971 -0.47781914472579956 0.9920489192008972
0.4835372269153595 0.6511527895927429 -0.5077811479568481 0.9963907599449158
0.6268910765647888 0.6165030002593994 -0.46336162090301514 0.9919805526733398
0.4878292977809906 0.622525155544281 -0.4960879981517792 0.9961816072463989
0.6274310946464539 0.6182997822761536 -0.4223162829875946 0.9933506846427917
0.4830982983112335 0.6206880807876587 -0.45796456933021545 0.9965007305145264
0.5782532095909119 0.832424521446228 0.01096255425363779 0.9988183379173279
0.48349201679229736 0.8374661803245544 -0.009548502042889595 0.9982984662055969
0.5882249474525452 1.0849162340164185 -0.010326983407139778 0.07035164535045624
0.5006172060966492 1.0865603685379028 0.062004320323467255 0.05161764472723007
0.593778669834137 1.2879807949066162 0.2606746554374695 0.0001054015156114474
0.5080689191818237 1.291844129562378 0.2967606782913208 0.00023894438345450908
0.5967348217964172 1.323599100112915 0.28118693828582764 0.00036821418325416744
0.5038782954216003 1.3279097080230713 0.3153654932975769 0.0002782699011731893
0.5835370421409607 1.3670902252197266 0.13811106979846954 8.033567428356037e-05
0.526312530040741 1.3679664134979248 0.15671859681606293 0.0002761205250862986
