0.5405217409133911 0.4058443605899811 -0.3508356511592865 0.99752277135849
0.5443783402442932 0.3834420144557953 -0.3279575705528259 0.9977325201034546
0.5479571223258972 0.38402697443962097 -0.3279660940170288 0.9981143474578857
0.5515609383583069 0.38516342639923096 -0.3281584084033966 0.9979311227798462
0.531272828578949 0.3850584924221039 -0.336954802274704 0.9970600008964539
0.5250037312507629 0.38710710406303406 -0.3371387720108032 0.9974414110183716
0.5187228322029114 0.3900146186351776 -0.3373451232910156 0.9970659613609314
0.5524535775184631 0.4012185335159302 -0.1758929342031479 0.9991881251335144
0.5055614709854126 0.40495744347572327 -0.21342015266418457 0.9988540410995483
0.5471369028091431 0.4309829771518707 -0.28988873958587646 0.9984756112098694
0.5313929319381714 0.4322007894515991 -0.3017849922180176 0.998146653175354
0.5931600332260132 0.522331714630127 -0.07022220641374588 0.9986106157302856
0.4583321511745453 0.5065919160842896 -0.1510518491268158 0.9943597912788391
0.6601237058639526 0.6446738839149475 -0.23603087663650513 0.9974275231361389
0.4048618674278259 0.6261616349220276 -0.35560929775238037 0.9960343241691589
0.6173473000526428 0.48716673254966736 -0.4407478868961334 0.9881104230880737
0.4689498841762543 0.479615718126297 -0.5399278998374939 0.9889823794364929
0.5939637422561646 0.4552040994167328 -0.4794543385505676 0.9466465711593628
0.48825281858444214 0.4425954520702362 -0.5826009511947632 0.940790057182312
0.5875114798545837 0.4469180703163147 -0.43896371126174927 0.940502405166626
0.491891086101532 0.4379429519176483 -0.5446437001228333 0.9319018721580505
0.5898205637931824 0.457847535610199 -0.4289298951625824 0.9446954131126404
0.4885444641113281 0.4526042640209198 -0.5295280814170837 0.932701051235199
0.5742334723472595 0.8109095692634583 0.020863397046923637 0.9956594109535217
0.4813149571418762 0.8162484765052795 -0.020304223522543907 0.9937722086906433
0.5970788598060608 1.0416505336761475 -0.03314995765686035 0.7596237063407898
0.49652737379074097 1.0558960437774658 0.038575563579797745 0.5042794942855835
0.5976449251174927 1.2262554168701172 0.3341159522533417 0.008328670635819435
0.5062967538833618 1.2559010982513428 0.3223269581794739 0.018829258158802986
0.5961900353431702 1.2530533075332642 0.36839649081230164 0.019357573240995407
0.5065754652023315 1.2914643287658691 0.34698569774627686 0.019064823165535927
0.59664386510849 1.31673002243042 0.24215692281723022 0.004097591619938612
0.5164909958839417 1.331343412399292 0.19373057782649994 0.009690293110907078
