0.5377230048179626 0.40589672327041626 -0.31387320160865784 0.9999860525131226
0.5440607070922852 0.3856654167175293 -0.28742358088493347 0.9999721050262451
0.5486473441123962 0.38625460863113403 -0.28732582926750183 0.9999792575836182
0.5526748895645142 0.3873060345649719 -0.2872990071773529 0.9999752044677734
0.5292407870292664 0.3845903277397156 -0.2916560769081116 0.9999760389328003
0.5220230221748352 0.38474225997924805 -0.29175546765327454 0.9999823570251465
0.5149713158607483 0.3850746750831604 -0.29190465807914734 0.9999796152114868
0.5557815432548523 0.40001997351646423 -0.13976386189460754 0.9999874830245972
0.5017858743667603 0.3989746868610382 -0.1605868637561798 0.9999915361404419
0.5448378324508667 0.43298637866973877 -0.2602914869785309 0.9999796152114868
0.5254238247871399 0.430804967880249 -0.26707571744918823 0.999980092048645
0.5960948467254639 0.5304569005966187 -0.05227653682231903 0.9999312162399292
0.45947960019111633 0.5252906084060669 -0.10466070473194122 0.9999377727508545
0.6543028950691223 0.6555445194244385 -0.19601808488368988 0.9992375373840332
0.3958815932273865 0.6354252099990845 -0.3261364698410034 0.9996065497398376
0.6595478057861328 0.4818551540374756 -0.41124340891838074 0.9995874762535095
0.39693325757980347 0.45247745513916016 -0.5816233158111572 0.9998778104782104
0.6486520767211914 0.42940008640289307 -0.4467599093914032 0.997372031211853
0.40186527371406555 0.40037521719932556 -0.6330925822257996 0.9991903901100159
0.6426454186439514 0.41440361738204956 -0.41783687472343445 0.9967677593231201
0.40884891152381897 0.3867107629776001 -0.5988660454750061 0.9990123510360718
0.6441279649734497 0.43216854333877563 -0.4066605567932129 0.9970813393592834
0.40979593992233276 0.408006876707077 -0.5782555341720581 0.9990767240524292
0.579651951789856 0.8478775024414062 0.010843580588698387 0.995799720287323
0.4806691110134125 0.8480635285377502 -0.009539091028273106 0.9963926672935486
0.5826302170753479 1.1079990863800049 0.0018311176681891084 0.10624678432941437
0.4902125597000122 1.102193832397461 0.02462933398783207 0.07031162828207016
0.5833318829536438 1.3465125560760498 0.19429980218410492 0.00020208781643304974
0.4913915991783142 1.352364182472229 0.18845234811306 0.00036122536403127015
0.5850339531898499 1.38426673412323 0.2079342007637024 0.0014849458821117878
0.48701274394989014 1.393410086631775 0.199852854013443 0.0008478920790366828
0.5726607441902161 1.4317024946212769 0.044377751648426056 0.00017714771092869341
0.5077301263809204 1.430269718170166 0.011925828643143177 0.0003584520018193871
