0.5437379479408264 0.4180569350719452 -0.30512169003486633 0.9999803304672241
0.5494711399078369 0.39706262946128845 -0.28343644738197327 0.9999673366546631
0.5537624359130859 0.39772072434425354 -0.28335559368133545 0.9999668598175049
0.5573559999465942 0.39829060435295105 -0.2832709550857544 0.9999653100967407
0.5361343026161194 0.39462971687316895 -0.29305246472358704 0.9999675750732422
0.5302310585975647 0.39386361837387085 -0.293031245470047 0.9999641180038452
0.524192214012146 0.39320841431617737 -0.2931740880012512 0.9999611377716064
0.5591849684715271 0.40708574652671814 -0.13618651032447815 0.9999672174453735
0.5110894441604614 0.4044259488582611 -0.18229664862155914 0.9999755620956421
0.5497404336929321 0.442909836769104 -0.2487829029560089 0.9999877214431763
0.5339260101318359 0.4397336542606354 -0.26260969042778015 0.9999886751174927
0.591749370098114 0.5346230268478394 -0.05863022059202194 0.999977707862854
0.461967408657074 0.5279804468154907 -0.10397221893072128 0.9999562501907349
0.6382860541343689 0.6832213401794434 -0.19805963337421417 0.9988225102424622
0.4080398976802826 0.6965430378913879 -0.2681523859500885 0.9991225600242615
0.6078327894210815 0.5106650590896606 -0.4734738767147064 0.9997871518135071
0.413459450006485 0.6272669434547424 -0.5554097890853882 0.9996782541275024
0.6080145239830017 0.45425382256507874 -0.5242114663124084 0.9985105395317078
0.4204234778881073 0.5915525555610657 -0.6059306859970093 0.998391330242157
0.6045852899551392 0.44539985060691833 -0.5070398449897766 0.99808669090271
0.4229251742362976 0.5688813924789429 -0.5989183783531189 0.9981719255447388
0.6005750894546509 0.463774710893631 -0.4733019471168518 0.9982283711433411
0.4246543347835541 0.5779401063919067 -0.5595499873161316 0.9980517625808716
0.5764568448066711 0.8557016253471375 0.011035293340682983 0.997428834438324
0.4808706045150757 0.8550583720207214 -0.00979666132479906 0.997103750705719
0.5801265835762024 1.1170035600662231 0.04439425468444824 0.020942872390151024
0.48635295033454895 1.1111235618591309 0.07110635191202164 0.018415283411741257
0.5783894062042236 1.3338043689727783 0.3404252231121063 0.00010705913882702589
0.4800492823123932 1.3412649631500244 0.31698310375213623 0.0003079637826886028
0.5794607996940613 1.3683972358703613 0.3624924421310425 0.0005049836472608149
0.47552406787872314 1.3790947198867798 0.3354897201061249 0.000560097279958427
0.5670349597930908 1.4191246032714844 0.1995891034603119 0.00019519022316671908
0.49302175641059875 1.4221928119659424 0.14333787560462952 0.0006021230947226286
