0.5449525117874146 0.41642773151397705 -0.24291469156742096 0.9999368190765381
0.5505892038345337 0.3964325785636902 -0.22511982917785645 0.9998898506164551
0.5549873113632202 0.3967154920101166 -0.22510328888893127 0.999909520149231
0.5591440796852112 0.39719149470329285 -0.2250826358795166 0.9998993873596191
0.5372220277786255 0.39528852701187134 -0.2304222732782364 0.9998996257781982
0.531589925289154 0.39481091499328613 -0.2303660809993744 0.9999071359634399
0.5259597301483154 0.39498287439346313 -0.23057271540164948 0.9999059438705444
0.5625752806663513 0.4076421558856964 -0.1030397042632103 0.9999022483825684
0.5141189694404602 0.4059511721134186 -0.12827059626579285 0.9999686479568481
0.5510777831077576 0.4442889392375946 -0.1957245022058487 0.9999539852142334
0.5339431762695312 0.4420190751552582 -0.20382434129714966 0.9999749660491943
0.5937296152114868 0.5379518270492554 -0.03743201121687889 0.9999321699142456
0.4621797800064087 0.5267497301101685 -0.045217905193567276 0.9999521970748901
0.6352282762527466 0.6833803057670593 -0.15528202056884766 0.9993725419044495
0.4235714375972748 0.6919337511062622 -0.08599060028791428 0.9983370304107666
0.5892503261566162 0.5179198980331421 -0.3712475895881653 0.9995459914207458
0.44569000601768494 0.7628815770149231 -0.2392648160457611 0.9955663084983826
0.5925232172012329 0.45885419845581055 -0.4170248806476593 0.9972432851791382
0.4555623233318329 0.7834088206291199 -0.2663317620754242 0.9862388968467712
0.5888949632644653 0.45269691944122314 -0.3918614983558655 0.9963638186454773
0.4610050916671753 0.757235050201416 -0.27519792318344116 0.9855781197547913
0.5830730199813843 0.4699578285217285 -0.36605021357536316 0.9969634413719177
0.45960214734077454 0.7496674060821533 -0.24507270753383636 0.9877380132675171
0.5800091624259949 0.8468648791313171 0.005515805911272764 0.9974116683006287
0.48518607020378113 0.8534228801727295 -0.004348796792328358 0.9977946281433105
0.5809443593025208 1.1010874509811401 0.048239417374134064 0.010923043824732304
0.4891599118709564 1.0939005613327026 -0.004505319055169821 0.014532259665429592
0.5805508494377136 1.3274853229522705 0.2524471580982208 4.056845500599593e-05
0.4902791678905487 1.32598876953125 0.14294973015785217 0.00019507504475768656
0.5826263427734375 1.3616883754730225 0.2672443687915802 0.00018832353816833347
0.48653215169906616 1.3640350103378296 0.15330319106578827 0.00035120247048325837
0.5662152171134949 1.4103575944900513 0.12891119718551636 9.588876127963886e-05
0.507459819316864 1.4004490375518799 -0.009903590194880962 0.00031829223735257983
