0.5394402146339417 0.4028893709182739 -0.24455216526985168 0.9999908208847046
0.5450399518013 0.3843565583229065 -0.21678604185581207 0.9999854564666748
0.549377977848053 0.38529276847839355 -0.21690835058689117 0.9999864101409912
0.5534221529960632 0.3865979015827179 -0.21700319647789001 0.9999830722808838
0.5306625962257385 0.3830301761627197 -0.22388172149658203 0.9999864101409912
0.5243098735809326 0.3835813105106354 -0.22391138970851898 0.9999874830245972
0.5184373259544373 0.38496294617652893 -0.2240334451198578 0.9999842643737793
0.5557665228843689 0.3973604440689087 -0.07142782211303711 0.999988317489624
0.5071273446083069 0.3975859582424164 -0.10132632404565811 0.9999901056289673
0.545566976070404 0.4317464828491211 -0.1904570609331131 0.9999963045120239
0.5285924077033997 0.43266889452934265 -0.199200838804245 0.9999973773956299
0.5914735794067383 0.526239275932312 -0.006781117990612984 0.9999890327453613
0.4599625766277313 0.5335524082183838 -0.033716004341840744 0.999915361404419
0.6384568810462952 0.6683737635612488 -0.07064653933048248 0.9956603646278381
0.4244319796562195 0.7042784690856934 -0.10950524359941483 0.9965965151786804
0.6418981552124023 0.7269405126571655 -0.3428645133972168 0.9919643402099609
0.464562326669693 0.799550473690033 -0.3218481242656708 0.9864692687988281
0.644402265548706 0.7674213647842407 -0.4112323522567749 0.9793713092803955
0.47436806559562683 0.8427097797393799 -0.3731447458267212 0.9686506986618042
0.6296035051345825 0.7526261806488037 -0.4263273775577545 0.9824796915054321
0.4867376685142517 0.8138986825942993 -0.38809844851493835 0.9719595909118652
0.6251488327980042 0.7411419153213501 -0.3546532988548279 0.978135347366333
0.48587748408317566 0.7989701628684998 -0.3296554982662201 0.9635733962059021
0.5784801840782166 0.8327622413635254 -0.0007721866713836789 0.9975836277008057
0.4893847107887268 0.8511598110198975 0.001469345297664404 0.9946208000183105
0.6057290434837341 1.0173901319503784 -0.3279685974121094 0.7443537712097168
0.4921116828918457 1.057450771331787 -0.09607349336147308 0.40608271956443787
0.6002825498580933 1.2201908826828003 -0.0814879834651947 0.0919828712940216
0.5081756711006165 1.2589486837387085 0.14718690514564514 0.0775735080242157
0.5971876978874207 1.2474250793457031 -0.06149723008275032 0.12175919115543365
0.5106764435768127 1.2882578372955322 0.16566747426986694 0.06407114863395691
0.5963466167449951 1.3040404319763184 -0.20946036279201508 0.06088462844491005
0.5126423835754395 1.332128882408142 0.016175610944628716 0.03335046395659447
