0.5635771155357361 0.3624582588672638 -0.25234973430633545 0.9999986886978149
0.5784374475479126 0.34412139654159546 -0.2278708815574646 0.9999921321868896
0.5853359699249268 0.34646284580230713 -0.22785384953022003 0.9999958276748657
0.5904029011726379 0.34882229566574097 -0.2277953177690506 0.9999874830245972
0.559510350227356 0.34063881635665894 -0.2280929684638977 0.9999939203262329
0.554979145526886 0.3399682641029358 -0.22820515930652618 0.9999966621398926
0.5506512522697449 0.33893656730651855 -0.2283521294593811 0.9999926090240479
0.5981881022453308 0.36601120233535767 -0.09321620315313339 0.9999916553497314
0.5467354655265808 0.35554683208465576 -0.0961981862783432 0.999998927116394
0.5742504596710205 0.39400139451026917 -0.20278052985668182 0.9999963045120239
0.553412139415741 0.3868752121925354 -0.20449700951576233 0.9999983310699463
0.625635027885437 0.5223151445388794 -0.00864732451736927 0.9999523162841797
0.5054766535758972 0.49908316135406494 -0.017536215484142303 0.9999674558639526
0.668721616268158 0.6669057607650757 -0.16664710640907288 0.9994266033172607
0.4769338369369507 0.6890553832054138 -0.032187920063734055 0.9970940351486206
0.6625709533691406 0.4360036551952362 -0.39399459958076477 0.9995110034942627
0.5043636560440063 0.8430479168891907 -0.13420429825782776 0.9957400560379028
0.6704502701759338 0.38416537642478943 -0.43528956174850464 0.9975889921188354
0.5022013187408447 0.8989180326461792 -0.14221182465553284 0.9863232374191284
0.6660107374191284 0.371482253074646 -0.3986136019229889 0.9973046779632568
0.5207369327545166 0.8941474556922913 -0.14656022191047668 0.9870510101318359
0.6594380736351013 0.3955845832824707 -0.3840290606021881 0.997766375541687
0.5239658951759338 0.8754544258117676 -0.13366076350212097 0.990206778049469
0.6103840470314026 0.8242979049682617 0.0004328402574174106 0.9999487400054932
0.523313581943512 0.8277148604393005 0.0006602409994229674 0.9999129772186279
0.6162748336791992 1.0558128356933594 -0.1810256987810135 0.40515100955963135
0.5269944667816162 1.0709316730499268 -0.030926940962672234 0.34503015875816345
0.6141071319580078 1.2673890590667725 0.09799608588218689 0.00022822231403551996
0.5322893857955933 1.2695255279541016 0.2960081696510315 0.000496507331263274
0.6177400946617126 1.306335210800171 0.12178117781877518 0.0011236827122047544
0.528751790523529 1.305465579032898 0.32396432757377625 0.0014040805399417877
0.5952711701393127 1.3525439500808716 -0.015163229778409004 0.00016800640150904655
0.5469786524772644 1.3479574918746948 0.18523015081882477 0.0004423369246069342
