0.5611079931259155 0.378060519695282 -0.3076567053794861 0.999997615814209
0.5750966668128967 0.35894089937210083 -0.2856273949146271 0.9999842643737793
0.5816177129745483 0.3612608313560486 -0.28559610247612 0.9999908208847046
0.5871289372444153 0.36348795890808105 -0.28558653593063354 0.999976396560669
0.5567436218261719 0.35470402240753174 -0.2837812006473541 0.9999884366989136
0.5519235134124756 0.3535582423210144 -0.2838556170463562 0.999992847442627
0.5482587218284607 0.3528270721435547 -0.28401488065719604 0.9999852180480957
0.5951259732246399 0.37722280621528625 -0.15305988490581512 0.9999812841415405
0.5443957448005676 0.3655775189399719 -0.14638283848762512 0.9999973773956299
0.5713439583778381 0.4085017740726471 -0.2577853500843048 0.9999955892562866
0.5501096844673157 0.40215006470680237 -0.25680363178253174 0.9999980926513672
0.624309241771698 0.5206215381622314 -0.06092207878828049 0.9999237060546875
0.5023185014724731 0.5021547079086304 -0.05767025798559189 0.999964714050293
0.6653703451156616 0.6726746559143066 -0.21142815053462982 0.9988546371459961
0.471988707780838 0.6978139877319336 -0.07242223620414734 0.9966481328010559
0.6543051600456238 0.44185155630111694 -0.4368416666984558 0.9991520643234253
0.5038001537322998 0.8416183590888977 -0.19085775315761566 0.9944416880607605
0.6591789722442627 0.38640883564949036 -0.4796558618545532 0.9954527020454407
0.5030455589294434 0.8952771425247192 -0.20002610981464386 0.980991780757904
0.6544866561889648 0.37349632382392883 -0.44397085905075073 0.994836688041687
0.5213813781738281 0.8866665363311768 -0.20596079528331757 0.9816133975982666
0.6494741439819336 0.3980575203895569 -0.4266556203365326 0.9953469634056091
0.5236919522285461 0.8688415884971619 -0.19112437963485718 0.9841742515563965
0.6122668981552124 0.8270472884178162 0.003985696006566286 0.9998589754104614
0.523514986038208 0.8334932327270508 -0.0029929273296147585 0.9997321963310242
0.6172255873680115 1.0562368631362915 -0.25501611828804016 0.46081387996673584
0.528644323348999 1.0813041925430298 -0.03739934787154198 0.3306458294391632
0.6146584153175354 1.2694227695465088 0.006641285959631205 0.00043550474219955504
0.5297308564186096 1.2807462215423584 0.267954021692276 0.0009176571038551629
0.6165217161178589 1.3092403411865234 0.027893712744116783 0.0019986473489552736
0.5264405012130737 1.3196624517440796 0.2930074632167816 0.0016469423426315188
0.5985589623451233 1.3593939542770386 -0.11908518522977829 0.0003830718924291432
0.5421810150146484 1.3593225479125977 0.1455887407064438 0.00088538508862257
