0.5597872138023376 0.378179132938385 -0.35523489117622375 0.9999970197677612
0.5737838745117188 0.35852688550949097 -0.3347223997116089 0.9999817609786987
0.5806194543838501 0.36073172092437744 -0.334724485874176 0.9999926090240479
0.5862889885902405 0.36289674043655396 -0.3347375988960266 0.9999762773513794
0.5556496977806091 0.3543230891227722 -0.3307408392429352 0.9999833106994629
0.5509018301963806 0.35310685634613037 -0.33086496591567993 0.9999922513961792
0.5472082495689392 0.3521995544433594 -0.3310144245624542 0.9999793767929077
0.5946621298789978 0.3757355809211731 -0.19806499779224396 0.9999889135360718
0.5439738035202026 0.3646910786628723 -0.18225257098674774 0.9999972581863403
0.5705401301383972 0.40874865651130676 -0.30300652980804443 0.9999918937683105
0.5492404699325562 0.4027951955795288 -0.29905474185943604 0.9999959468841553
0.6245455145835876 0.5208901166915894 -0.10506030172109604 0.9999326467514038
0.5023369789123535 0.5017893314361572 -0.07708287239074707 0.9999459981918335
0.665749728679657 0.6777456998825073 -0.277865469455719 0.9996962547302246
0.4744572639465332 0.6960540413856506 -0.09402873367071152 0.9963809847831726
0.6517553329467773 0.44587767124176025 -0.5378965139389038 0.9997871518135071
0.5045090317726135 0.8409295082092285 -0.248978391289711 0.9965474009513855
0.6572757959365845 0.38920342922210693 -0.5892992615699768 0.9991753697395325
0.5025607347488403 0.8958785533905029 -0.26596546173095703 0.990135133266449
0.6535118222236633 0.37789201736450195 -0.5572197437286377 0.9991212487220764
0.5217239856719971 0.8860875964164734 -0.2757059335708618 0.990664005279541
0.647609293460846 0.4011326730251312 -0.5295503735542297 0.9990843534469604
0.5248534679412842 0.8689369559288025 -0.251761794090271 0.9920663833618164
0.6097954511642456 0.8275361657142639 -0.0005234202253632247 0.9999057054519653
0.5214511156082153 0.8338663578033447 0.0012067088391631842 0.9998754262924194
0.638228714466095 1.0141319036483765 -0.17988233268260956 0.6985061764717102
0.5182821154594421 1.0905412435531616 -0.1329742968082428 0.7761461734771729
0.6146012544631958 1.2761956453323364 0.14545324444770813 0.0013657913077622652
0.5262598395347595 1.2887074947357178 0.17343565821647644 0.002857028506696224
0.61539626121521 1.3095675706863403 0.1743386685848236 0.006353348959237337
0.5242598652839661 1.3252145051956177 0.20080672204494476 0.006561448331922293
0.5984280109405518 1.372666358947754 0.05774570256471634 0.0006361533305607736
0.5377522706985474 1.3662554025650024 0.079095758497715 0.001793587813153863
