0.5621623396873474 0.3732415735721588 -0.33427560329437256 0.9999971389770508
0.575008749961853 0.3540658950805664 -0.3114137649536133 0.9999781847000122
0.5812528133392334 0.35551419854164124 -0.3114355504512787 0.9999914169311523
0.5861780643463135 0.3575649857521057 -0.31145259737968445 0.9999666213989258
0.5569737553596497 0.3520205020904541 -0.3119679093360901 0.999980092048645
0.5516952872276306 0.3515883982181549 -0.3121586740016937 0.9999916553497314
0.5480778813362122 0.35136038064956665 -0.3123229146003723 0.9999747276306152
0.5951950550079346 0.3714531660079956 -0.1730513721704483 0.999984860420227
0.5439091324806213 0.36463305354118347 -0.17908219993114471 0.9999971389770508
0.5727423429489136 0.4029536247253418 -0.2817583680152893 0.9999892711639404
0.5508657097816467 0.3992801308631897 -0.28413698077201843 0.9999947547912598
0.623924970626831 0.5237302780151367 -0.08165419101715088 0.999932050704956
0.5029879212379456 0.5034967064857483 -0.08284983038902283 0.9999305009841919
0.668514609336853 0.6880921721458435 -0.2497616410255432 0.9997438788414001
0.4740244746208191 0.6932553648948669 -0.10719101876020432 0.9963016510009766
0.6575070023536682 0.4716339111328125 -0.5090945959091187 0.9997864365577698
0.5024206638336182 0.8399218916893005 -0.24093638360500336 0.9972143769264221
0.6625719666481018 0.41314852237701416 -0.5592947602272034 0.9992051720619202
0.5004046559333801 0.8951368927955627 -0.2550189197063446 0.9922925233840942
0.6588311791419983 0.4016221761703491 -0.5240162014961243 0.9991769194602966
0.5190864205360413 0.8895684480667114 -0.26138147711753845 0.9926571249961853
0.6528796553611755 0.42399436235427856 -0.49969416856765747 0.9991737008094788
0.522628664970398 0.8711916208267212 -0.24129647016525269 0.9939985275268555
0.6100617051124573 0.8240661025047302 -0.003756724065169692 0.9999185800552368
0.5220673680305481 0.8258554339408875 0.004419444128870964 0.9999176263809204
0.6169654130935669 1.0581154823303223 -0.17585383355617523 0.7330693006515503
0.5152727365493774 1.0665879249572754 -0.16035069525241852 0.8222066760063171
0.6133819818496704 1.247726321220398 0.18566805124282837 0.0009850166970863938
0.529314398765564 1.2572059631347656 0.20094238221645355 0.002641247119754553
0.6158208847045898 1.2809182405471802 0.21878178417682648 0.006173846777528524
0.5292167663574219 1.290657877922058 0.23380540311336517 0.007830346003174782
0.5989352464675903 1.337209701538086 0.10810752958059311 0.0005756302271038294
0.5396125912666321 1.3368858098983765 0.11473812162876129 0.0014783821534365416
