0.5625361204147339 0.3611893653869629 -0.3312714993953705 0.9999922513961792
0.5747710466384888 0.3405557870864868 -0.30677297711372375 0.9999717473983765
0.5803941488265991 0.3418406844139099 -0.3067202568054199 0.9999862909317017
0.5854958295822144 0.3436906337738037 -0.30671489238739014 0.999962329864502
0.5557031035423279 0.33938777446746826 -0.3115689158439636 0.999969482421875
0.5488455295562744 0.3400292992591858 -0.3116151988506317 0.9999842643737793
0.5432350039482117 0.34085696935653687 -0.3117785155773163 0.9999628067016602
0.5953040719032288 0.3613985776901245 -0.16583475470542908 0.9999768733978271
0.5375671982765198 0.35707616806030273 -0.19059167802333832 0.9999940395355225
0.5727659463882446 0.3912670314311981 -0.278849720954895 0.9999929666519165
0.549963653087616 0.3884741961956024 -0.28636467456817627 0.9999960660934448
0.6313334703445435 0.5055522918701172 -0.06962382048368454 0.9999861717224121
0.5009979009628296 0.5070503950119019 -0.11111309379339218 0.9999797344207764
0.665806233882904 0.7414369583129883 -0.1851891130208969 0.9997488856315613
0.47395771741867065 0.6982512474060059 -0.1498105525970459 0.9974881410598755
0.654689610004425 0.5987808704376221 -0.4445303976535797 0.9997674822807312
0.5014397501945496 0.8395698070526123 -0.3415229618549347 0.996716320514679
0.6548396944999695 0.5607641935348511 -0.4955753982067108 0.9988025426864624
0.5020475387573242 0.8962146639823914 -0.3739754855632782 0.9898422360420227
0.6484879851341248 0.5184739828109741 -0.4724867641925812 0.9987655878067017
0.520577073097229 0.8871743679046631 -0.3862876892089844 0.990718424320221
0.645788848400116 0.5389474034309387 -0.4404143691062927 0.9988424181938171
0.5239832401275635 0.870677649974823 -0.3472149074077606 0.9924895763397217
0.6129353642463684 0.8347623348236084 0.01523268036544323 0.999672532081604
0.5207008123397827 0.8406363725662231 -0.01398822758346796 0.9995617270469666
0.6108812093734741 1.0925781726837158 0.0056692613288760185 0.0605972558259964
0.5222999453544617 1.078155279159546 -0.07578802108764648 0.04971347004175186
0.6079912185668945 1.299497127532959 0.3482762277126312 1.9691284251166508e-05
0.5218584537506104 1.2893139123916626 0.20669564604759216 5.431416866485961e-05
0.6116983890533447 1.3371461629867554 0.3765055537223816 0.00015666474064346403
0.516398549079895 1.3334780931472778 0.22924979031085968 0.00017069155001081526
0.5919322371482849 1.3907363414764404 0.24917170405387878 1.6199302990571596e-05
0.5415638089179993 1.3619331121444702 0.06591672450304031 7.929358253022656e-05
