0.5379380583763123 0.32187187671661377 -0.3691149950027466 0.999998927116394
0.5459864735603333 0.3000974655151367 -0.33966273069381714 0.9999977350234985
0.550480842590332 0.3005664348602295 -0.33972179889678955 0.9999988079071045
0.5538127422332764 0.3010515570640564 -0.3397488594055176 0.999997615814209
0.5282221436500549 0.30181223154067993 -0.3453046381473541 0.9999974966049194
0.5222463011741638 0.30279427766799927 -0.34537285566329956 0.9999986886978149
0.5160634517669678 0.3044489622116089 -0.34551647305488586 0.999997615814209
0.5598084330558777 0.31968259811401367 -0.17028875648975372 0.9999988079071045
0.5081295371055603 0.3233889937400818 -0.19508641958236694 0.9999991655349731
0.5487738251686096 0.35027486085891724 -0.30613449215888977 0.9999991655349731
0.5256659388542175 0.3509346842765808 -0.314043790102005 0.9999991655349731
0.6052774786949158 0.48921072483062744 -0.04459213837981224 0.9999960660934448
0.46176576614379883 0.4838390350341797 -0.09831883013248444 0.9999902248382568
0.6554338932037354 0.6899032592773438 -0.10500383377075195 0.9993829727172852
0.40650221705436707 0.6738470792770386 -0.20487622916698456 0.9995597004890442
0.6617479920387268 0.6797819137573242 -0.4344947934150696 0.9993835687637329
0.44730064272880554 0.6852541565895081 -0.5271192193031311 0.9995831847190857
0.6598244309425354 0.6804111003875732 -0.49987879395484924 0.9971032738685608
0.4656975567340851 0.7029398083686829 -0.5883015990257263 0.9979660511016846
0.6554079055786133 0.6530861854553223 -0.5033353567123413 0.9974609613418579
0.4709814488887787 0.6736739873886108 -0.5909082293510437 0.9981790781021118
0.6540932059288025 0.651779055595398 -0.44300416111946106 0.9977498650550842
0.46671730279922485 0.6640255451202393 -0.5327928066253662 0.9982321858406067
0.5906358957290649 0.8238317966461182 0.016921842470765114 0.9996850490570068
0.487794429063797 0.8275487422943115 -0.015437894500792027 0.9995371103286743
0.6095466017723083 1.0860580205917358 -0.2078424096107483 0.14240014553070068
0.48900267481803894 1.0212852954864502 -0.11161777377128601 0.08793707191944122
0.6160392761230469 1.324082612991333 0.118037149310112 6.720795499859378e-05
0.48946303129196167 1.3250596523284912 0.1541154384613037 0.00025147985434159636
0.620452344417572 1.365697979927063 0.14315247535705566 0.0003971733676735312
0.4826865792274475 1.3726547956466675 0.17356112599372864 0.00037571677239611745
0.6009687185287476 1.4133858680725098 -0.03253425285220146 7.434643339365721e-05
0.5076144933700562 1.399736762046814 -0.02302025817334652 0.0003087260411120951
