0.5378825068473816 0.32603007555007935 -0.4007027745246887 0.9996542930603027
0.5448257923126221 0.3045676350593567 -0.36942002177238464 0.999460756778717
0.549825131893158 0.3048238158226013 -0.3694878816604614 0.9996167421340942
0.5534644722938538 0.3051546812057495 -0.36964064836502075 0.9993064403533936
0.5276809930801392 0.30660462379455566 -0.3714662790298462 0.9994127750396729
0.5218274593353271 0.3079063892364502 -0.3717114329338074 0.9996191263198853
0.5166078805923462 0.309722900390625 -0.371894896030426 0.9994470477104187
0.5593532919883728 0.3212435245513916 -0.20183375477790833 0.9996114373207092
0.509253203868866 0.32827335596084595 -0.21083007752895355 0.9998237490653992
0.5492374300956726 0.3550499379634857 -0.3386504352092743 0.9998735189437866
0.5270918607711792 0.3555275499820709 -0.3416810929775238 0.9998974800109863
0.607512891292572 0.49226102232933044 -0.1087452620267868 0.9997343420982361
0.4634893536567688 0.4860094487667084 -0.13613489270210266 0.9995871186256409
0.6657223105430603 0.6759790182113647 -0.3089641332626343 0.9959796667098999
0.39920392632484436 0.6618943810462952 -0.3309420049190521 0.996653139591217
0.6431678533554077 0.6138051748275757 -0.6671181321144104 0.9924092292785645
0.4642046093940735 0.6262304186820984 -0.6467760801315308 0.9969469904899597
0.628010630607605 0.6171607971191406 -0.7384935021400452 0.9756929278373718
0.4888356029987335 0.6230250597000122 -0.7076530456542969 0.9876194000244141
0.62092524766922 0.5872761011123657 -0.7093083262443542 0.9760514497756958
0.493402898311615 0.5962433815002441 -0.6841402649879456 0.987113356590271
0.6207364797592163 0.5862293243408203 -0.6623002886772156 0.9741007685661316
0.4889019727706909 0.5967161655426025 -0.641535758972168 0.9855474233627319
0.5868811011314392 0.8143537044525146 0.005203067325055599 0.9984219074249268
0.4864364564418793 0.8135252594947815 -0.004446437582373619 0.9988356232643127
0.602442741394043 1.0668818950653076 -0.1337045282125473 0.46461042761802673
0.4769645631313324 1.0119693279266357 -0.15135200321674347 0.47284185886383057
0.6051651835441589 1.2370638847351074 0.3276720941066742 0.001749637071043253
0.47933539748191833 1.2470149993896484 0.2879766821861267 0.003922952339053154
0.6058863401412964 1.2686328887939453 0.36850911378860474 0.0064339404925704
0.47928592562675476 1.2795284986495972 0.3269484341144562 0.00405996385961771
0.6001158952713013 1.3233280181884766 0.23320885002613068 0.0012245522812008858
0.4861696660518646 1.3304917812347412 0.17147158086299896 0.0028931470587849617
