0.5397769808769226 0.32905057072639465 -0.42762088775634766 0.9992544054985046
0.54684978723526 0.3076724410057068 -0.3993327021598816 0.9993616938591003
0.5513419508934021 0.3077681064605713 -0.39936915040016174 0.9991740584373474
0.5548796057701111 0.3080953359603882 -0.3995998203754425 0.9990511536598206
0.5292332768440247 0.3099898099899292 -0.40224212408065796 0.99937504529953
0.5227266550064087 0.31228727102279663 -0.40238475799560547 0.9992955923080444
0.5176878571510315 0.3144988417625427 -0.4025056064128876 0.9993114471435547
0.5597211718559265 0.3227236270904541 -0.24933461844921112 0.9993933439254761
0.5100572109222412 0.3317028880119324 -0.25973382592201233 0.9997062087059021
0.5500730276107788 0.3574322760105133 -0.37234416604042053 0.9999440908432007
0.5278705954551697 0.35834673047065735 -0.3754275441169739 0.9999535083770752
0.6075975298881531 0.4895842373371124 -0.17101655900478363 0.9998626708984375
0.4647485315799713 0.47868314385414124 -0.21048083901405334 0.9997702240943909
0.6648631691932678 0.6693512797355652 -0.37438681721687317 0.9923214316368103
0.3947296142578125 0.6530037522315979 -0.42550498247146606 0.9957452416419983
0.6427178978919983 0.5985694527626038 -0.7087992429733276 0.9791343212127686
0.4699264466762543 0.5985440015792847 -0.7061824202537537 0.9931579232215881
0.6195520758628845 0.5935549139976501 -0.7729496359825134 0.9421790242195129
0.49893540143966675 0.5943942070007324 -0.7586244940757751 0.9767870306968689
0.6138445138931274 0.5670168399810791 -0.7429212927818298 0.9385411739349365
0.5049823522567749 0.5715917348861694 -0.7331294417381287 0.9741188883781433
0.6169993281364441 0.5643495321273804 -0.7025725841522217 0.9230078458786011
0.4989309310913086 0.5679497718811035 -0.6993205547332764 0.9661139249801636
0.5859548449516296 0.8010020852088928 0.012040997855365276 0.9991531372070312
0.48936304450035095 0.8019878268241882 -0.011949125677347183 0.9992371797561646
0.6146973371505737 1.0468498468399048 -0.25494956970214844 0.5970096588134766
0.4826210141181946 1.0190504789352417 -0.21114470064640045 0.4424033761024475
0.6147578358650208 1.1098753213882446 0.2319677621126175 0.0039453934878110886
0.5058171153068542 1.1303772926330566 0.23791538178920746 0.002437850460410118
0.6116804480552673 1.1154510974884033 0.28141722083091736 0.012216628529131413
0.5085862278938293 1.1471409797668457 0.283869206905365 0.0027503410819917917
0.6185828447341919 1.1823885440826416 0.2253904938697815 0.004181558731943369
0.5161210894584656 1.206719994544983 0.22570709884166718 0.003168561030179262
