0.5397655963897705 0.3258758783340454 -0.5063210129737854 0.9994439482688904
0.547264814376831 0.3055493235588074 -0.47205057740211487 0.9994237422943115
0.5514182448387146 0.30529677867889404 -0.47205716371536255 0.9992772936820984
0.5561718344688416 0.30532753467559814 -0.4722834825515747 0.9991517066955566
0.5291524529457092 0.3075407147407532 -0.47706615924835205 0.9994297623634338
0.5228592157363892 0.3093467950820923 -0.47724130749702454 0.9993614554405212
0.5170556902885437 0.31128865480422974 -0.4773562252521515 0.9993159770965576
0.5613387823104858 0.31907200813293457 -0.3036799430847168 0.9994897842407227
0.5095126032829285 0.3284858167171478 -0.3252001106739044 0.9997426867485046
0.5494528412818909 0.35609719157218933 -0.4454275965690613 0.9999527931213379
0.5284278392791748 0.3575439751148224 -0.4518463909626007 0.9999562501907349
0.604060173034668 0.4901241660118103 -0.22776861488819122 0.9998051524162292
0.46670958399772644 0.48137766122817993 -0.2754379212856293 0.9996224641799927
0.6689809560775757 0.6679448485374451 -0.4847075045108795 0.9971051812171936
0.394631028175354 0.6502758264541626 -0.5487983822822571 0.9969009160995483
0.6296507716178894 0.5570170879364014 -0.8115595579147339 0.9890766143798828
0.4730764925479889 0.564071774482727 -0.8378620743751526 0.9933469295501709
0.6093612313270569 0.5419489145278931 -0.8735684156417847 0.959129273891449
0.5031406283378601 0.540716290473938 -0.893410861492157 0.9708325862884521
0.5998855829238892 0.5178751349449158 -0.8276563286781311 0.9544224739074707
0.5094019174575806 0.5127673149108887 -0.8533938527107239 0.9643652439117432
0.6016126275062561 0.5244765281677246 -0.7990673780441284 0.9381822347640991
0.5003884434700012 0.5244019031524658 -0.8261887431144714 0.9492213726043701
0.5863201022148132 0.7983679175376892 0.018722407519817352 0.9991883635520935
0.4897758364677429 0.7992546558380127 -0.0186364334076643 0.9993313550949097
0.6211182475090027 1.0236402750015259 -0.2942958474159241 0.6106472611427307
0.4805644452571869 0.950546383857727 -0.30578354001045227 0.45345237851142883
0.6168525218963623 1.0592634677886963 0.25047579407691956 0.002844219794496894
0.4987483024597168 1.0838719606399536 0.20288270711898804 0.0029981934931129217
0.6142021417617798 1.0616930723190308 0.30552905797958374 0.011685259640216827
0.5002424716949463 1.102394938468933 0.25366005301475525 0.003156419610604644
0.6212276220321655 1.1245251893997192 0.25019821524620056 0.0034101135097444057
0.5110937356948853 1.154908299446106 0.1821068674325943 0.004343151114881039
