0.5395020246505737 0.3287612795829773 -0.3477986752986908 0.998512327671051
0.5464285612106323 0.3068692088127136 -0.3159041702747345 0.9983178377151489
0.5505761504173279 0.3069021701812744 -0.31595030426979065 0.9985206723213196
0.5544149875640869 0.3074507713317871 -0.31611400842666626 0.9979996085166931
0.5293332934379578 0.31016552448272705 -0.31656503677368164 0.9976536631584167
0.5231772065162659 0.31262481212615967 -0.31677335500717163 0.9980654120445251
0.5173920392990112 0.3145502209663391 -0.3168918192386627 0.9978234767913818
0.5604029297828674 0.32196056842803955 -0.1500513106584549 0.9989678859710693
0.509758472442627 0.3325708508491516 -0.15393052995204926 0.9989230036735535
0.5498342514038086 0.35642993450164795 -0.28675010800361633 0.9995480179786682
0.5301969647407532 0.3582364618778229 -0.28843602538108826 0.9994576573371887
0.6040059328079224 0.4786509871482849 -0.07537318021059036 0.9996911287307739
0.4665079116821289 0.48298361897468567 -0.09135811775922775 0.998544454574585
0.6715861558914185 0.6615443229675293 -0.2990410625934601 0.9987853169441223
0.3962588906288147 0.6408487558364868 -0.3362613320350647 0.9978322386741638
0.6331841945648193 0.5344523191452026 -0.597835898399353 0.9980911612510681
0.46612420678138733 0.5342038869857788 -0.6268519163131714 0.9990122318267822
0.6044474840164185 0.5085018873214722 -0.655817449092865 0.9920952916145325
0.5003688931465149 0.5011059045791626 -0.6796419024467468 0.9940136075019836
0.5967836976051331 0.48769548535346985 -0.6093356609344482 0.9914370179176331
0.5008028149604797 0.48012006282806396 -0.6363092660903931 0.9928261041641235
0.599330484867096 0.4983295500278473 -0.5841659307479858 0.9915355443954468
0.49637678265571594 0.4923490285873413 -0.6137654781341553 0.9923612475395203
0.5884910225868225 0.8065406084060669 0.0108319828286767 0.9997087121009827
0.4900975227355957 0.8102730512619019 -0.010211188346147537 0.9995244741439819
0.6091930866241455 1.0333808660507202 -0.20423611998558044 0.6862044930458069
0.5005918145179749 1.059650182723999 -0.18886257708072662 0.6360740661621094
0.6013439893722534 1.206986427307129 0.2852848768234253 0.0015843419823795557
0.5005283951759338 1.2284495830535889 0.2569744884967804 0.0029073997866362333
0.5997612476348877 1.2327086925506592 0.33184194564819336 0.005912696942687035
0.4990748465061188 1.2561980485916138 0.2990476191043854 0.002823475981131196
0.598855197429657 1.3016657829284668 0.2195025384426117 0.0011021847603842616
0.5119211077690125 1.3125989437103271 0.16161338984966278 0.002052431460469961
