0.5454097986221313 0.3298959732055664 -0.2888779938220978 0.9999796152114868
0.5491377711296082 0.31064915657043457 -0.26215142011642456 0.9999717473983765
0.5528199672698975 0.310444176197052 -0.2621475160121918 0.9999722242355347
0.5567598938941956 0.31056398153305054 -0.26217120885849 0.9999721050262451
0.5349174737930298 0.30996477603912354 -0.2656283676624298 0.9999738931655884
0.5280667543411255 0.3097611665725708 -0.2656122148036957 0.9999717473983765
0.5218125581741333 0.3103088140487671 -0.2657606303691864 0.9999730587005615
0.5604375600814819 0.32289648056030273 -0.11027343571186066 0.9999744892120361
0.5101563930511475 0.32441723346710205 -0.12560488283634186 0.9999895095825195
0.5526183247566223 0.3590264916419983 -0.23148921132087708 0.9999866485595703
0.5345653295516968 0.35675501823425293 -0.23680400848388672 0.9999920129776001
0.5950491428375244 0.4746127724647522 -0.041066475212574005 0.9999628067016602
0.46158841252326965 0.47817444801330566 -0.03892599046230316 0.9999059438705444
0.6469212770462036 0.6149877309799194 -0.22550159692764282 0.9994218349456787
0.428597092628479 0.6690753698348999 -0.0967741385102272 0.997923731803894
0.5987341403961182 0.4227478802204132 -0.4989715814590454 0.9994397759437561
0.4884642958641052 0.7342400550842285 -0.25665056705474854 0.9949539303779602
0.5933093428611755 0.3647227883338928 -0.5614678859710693 0.9967729449272156
0.5116420984268188 0.7689369320869446 -0.28771570324897766 0.981280505657196
0.5895535945892334 0.35569512844085693 -0.5229349732398987 0.9961991906166077
0.5212339162826538 0.7439795136451721 -0.28342404961586 0.9816123843193054
0.585923969745636 0.37814587354660034 -0.48990076780319214 0.9962638020515442
0.5138803124427795 0.7317401766777039 -0.2558274567127228 0.9831215143203735
0.5882440209388733 0.8086694478988647 0.0013159944210201502 0.9997158646583557
0.49114102125167847 0.8227540850639343 -4.202493801130913e-05 0.9995238780975342
0.6074461340904236 1.0769044160842896 -0.14562828838825226 0.1937568634748459
0.49813312292099 1.0797032117843628 -0.0424400232732296 0.13337551057338715
0.6114101409912109 1.3124396800994873 0.13958817720413208 0.00022188914590515196
0.49867117404937744 1.3200597763061523 0.18170784413814545 0.0007644824800081551
0.613497793674469 1.349363088607788 0.16293059289455414 0.0008933719363994896
0.49410480260849 1.3632405996322632 0.1999010592699051 0.0011375665199011564
0.5977087020874023 1.4089536666870117 0.005063482094556093 0.0002587723429314792
0.5146280527114868 1.3983039855957031 0.029572999104857445 0.0009510270901955664
