0.5436635613441467 0.3265320658683777 -0.2896168828010559 0.9999922513961792
0.5484327673912048 0.30836623907089233 -0.2607857286930084 0.9999822378158569
0.5523069500923157 0.308466374874115 -0.2608337104320526 0.9999873638153076
0.5561798214912415 0.3089908957481384 -0.26089170575141907 0.9999815225601196
0.5332804322242737 0.3088114857673645 -0.26526594161987305 0.9999829530715942
0.526411235332489 0.30936485528945923 -0.2653486728668213 0.9999868869781494
0.5204693675041199 0.3106793165206909 -0.265512079000473 0.9999822378158569
0.5610794425010681 0.32372432947158813 -0.10518190264701843 0.9999871253967285
0.5095500946044922 0.3262791633605957 -0.12764260172843933 0.9999959468841553
0.5524005889892578 0.35674408078193665 -0.23114246129989624 0.9999929666519165
0.5322679877281189 0.35489845275878906 -0.23842217028141022 0.9999958276748657
0.5936208963394165 0.47695669531822205 -0.03582637012004852 0.9999589920043945
0.4618698060512543 0.47800734639167786 -0.041269149631261826 0.999924898147583
0.642363965511322 0.6084491014480591 -0.22839300334453583 0.9996167421340942
0.42900511622428894 0.6689323782920837 -0.09578483551740646 0.9977588653564453
0.5907886624336243 0.41921737790107727 -0.5150640606880188 0.999508261680603
0.48306190967559814 0.7504979968070984 -0.25663694739341736 0.9952842593193054
0.5853748917579651 0.3547535836696625 -0.5793083310127258 0.997725784778595
0.5057243704795837 0.7839740514755249 -0.28829044103622437 0.9836757779121399
0.5831090211868286 0.34781044721603394 -0.5395740270614624 0.9975066781044006
0.512683629989624 0.7614601850509644 -0.2884671986103058 0.9843883514404297
0.5789498686790466 0.37040629982948303 -0.5059103965759277 0.9974608421325684
0.5075970888137817 0.7478705048561096 -0.25724607706069946 0.9857409596443176
0.5891096591949463 0.811665415763855 0.0033703644294291735 0.9998626708984375
0.49004289507865906 0.8214395642280579 -0.0024406658485531807 0.9997476935386658
0.6074690222740173 1.0512821674346924 -0.22409962117671967 0.6453001499176025
0.4823527932167053 1.071731686592102 -0.15191799402236938 0.5890091061592102
0.6147258877754211 1.2849559783935547 0.08469226211309433 0.001845565508119762
0.48966261744499207 1.3051435947418213 0.12222021073102951 0.004511539824306965
0.6173694133758545 1.3242247104644775 0.11128589510917664 0.00555607583373785
0.48804035782814026 1.3451313972473145 0.1452980637550354 0.005829217843711376
0.6039879322052002 1.3727656602859497 -0.04066816344857216 0.0011114109074696898
0.5046973824501038 1.3812847137451172 -0.0213315412402153 0.0027897884137928486
