0.5381906628608704 0.32670438289642334 -0.23190896213054657 0.9999932050704956
0.5472275018692017 0.3063884377479553 -0.20356784760951996 0.9999792575836182
0.5515576004981995 0.30731743574142456 -0.20351822674274445 0.9999877214431763
0.5562714338302612 0.3083494305610657 -0.20343507826328278 0.9999785423278809
0.5297339558601379 0.305270791053772 -0.21088209748268127 0.9999831914901733
0.5232688188552856 0.3054572343826294 -0.21096858382225037 0.9999905824661255
0.5181161165237427 0.3059098720550537 -0.21114858984947205 0.9999861717224121
0.5617166757583618 0.3247104287147522 -0.05568242073059082 0.999984622001648
0.5083802342414856 0.32615453004837036 -0.09053007513284683 0.9999970197677612
0.548243522644043 0.3598048985004425 -0.17632228136062622 0.9999865293502808
0.5265289545059204 0.35885295271873474 -0.18710072338581085 0.999994158744812
0.5987200140953064 0.47963619232177734 0.032872118055820465 0.9999613761901855
0.4595886468887329 0.476725310087204 -0.04298528656363487 0.9999669790267944
0.6484086513519287 0.6067020297050476 -0.12772518396377563 0.9991795420646667
0.42679184675216675 0.6758046746253967 -0.15211167931556702 0.9987308382987976
0.6441850662231445 0.40374431014060974 -0.38915014266967773 0.9996826648712158
0.4774467349052429 0.7467430830001831 -0.3450852036476135 0.9987824559211731
0.6481534242630005 0.3399624824523926 -0.4451388716697693 0.9985575079917908
0.5003194808959961 0.7784029841423035 -0.3823549151420593 0.996066153049469
0.6440486311912537 0.3311336636543274 -0.41092875599861145 0.9983100891113281
0.5090128183364868 0.7557961940765381 -0.3812085688114166 0.9959577918052673
0.6390434503555298 0.35399067401885986 -0.3832390606403351 0.9983030557632446
0.5026509761810303 0.7423592805862427 -0.34618520736694336 0.9958392381668091
0.5925920605659485 0.8211001753807068 0.0179072804749012 0.9994180202484131
0.49059581756591797 0.8315209150314331 -0.016699230298399925 0.9992820620536804
0.6106600165367126 1.0871622562408447 -0.1353454887866974 0.46991580724716187
0.49742355942726135 1.086724042892456 -0.1215553805232048 0.3537244498729706
0.6146798729896545 1.339648962020874 0.07866222411394119 0.0011047465959563851
0.4861580729484558 1.3410850763320923 0.042689982801675797 0.0026233564130961895
0.6173381209373474 1.3800724744796753 0.09289955347776413 0.004018004983663559
0.47953569889068604 1.3859548568725586 0.05372166261076927 0.004412387497723103
0.5980073809623718 1.4306130409240723 -0.06771932542324066 0.0006629450363107026
0.503265380859375 1.418198585510254 -0.1304139643907547 0.0018825640436261892
