0.5480971932411194 0.33312636613845825 -0.48218804597854614 0.9995790123939514
0.5571083426475525 0.31294310092926025 -0.4555859863758087 0.9992051720619202
0.5624954104423523 0.3134416937828064 -0.45567694306373596 0.9995580315589905
0.566720187664032 0.31444424390792847 -0.4557994306087494 0.9989773035049438
0.5388818383216858 0.31408894062042236 -0.45870286226272583 0.9992595314979553
0.5326891541481018 0.3155338764190674 -0.45898792147636414 0.9996185302734375
0.5273637771606445 0.31811946630477905 -0.45917949080467224 0.9991726279258728
0.575300931930542 0.33373111486434937 -0.29703935980796814 0.9995406866073608
0.5199028849601746 0.33952492475509644 -0.3125841021537781 0.9997913241386414
0.5601258873939514 0.36426419019699097 -0.4223594069480896 0.9996981620788574
0.5359788537025452 0.36400216817855835 -0.42728254199028015 0.9997134804725647
0.6181348562240601 0.4774150848388672 -0.20785978436470032 0.9989666938781738
0.4834124445915222 0.4910375475883484 -0.24024301767349243 0.9991846680641174
0.6521445512771606 0.6818667650222778 -0.38626542687416077 0.9963215589523315
0.4789018929004669 0.7012694478034973 -0.39590489864349365 0.9786434769630432
0.5970989465713501 0.6176607608795166 -0.6988856792449951 0.9872775673866272
0.5317059755325317 0.7071514129638672 -0.6676339507102966 0.9536429643630981
0.5747597217559814 0.5939517021179199 -0.7625100016593933 0.9762898087501526
0.5555025339126587 0.7206045389175415 -0.7280197143554688 0.9138246774673462
0.5730034708976746 0.5645180940628052 -0.7374616861343384 0.9759544730186462
0.5571847558021545 0.6875986456871033 -0.7124883532524109 0.9147081971168518
0.5797874331474304 0.5684570074081421 -0.6941210627555847 0.9745556712150574
0.55286705493927 0.6840915083885193 -0.6660035848617554 0.9151813387870789
0.6099814176559448 0.813496470451355 0.007095006760209799 0.9989558458328247
0.5137760043144226 0.81764155626297 -0.006600883789360523 0.9990691542625427
0.617864191532135 1.0724523067474365 -0.002322954824194312 0.6336124539375305
0.5021784901618958 1.1035487651824951 -0.07629845291376114 0.7315269112586975
0.6164249777793884 1.2538323402404785 0.4739895761013031 0.002233963692560792
0.5017127394676208 1.2535873651504517 0.386618435382843 0.004152852576225996
0.6166135668754578 1.2862902879714966 0.5184202790260315 0.0069273775443434715
0.5020348429679871 1.2812163829803467 0.43067237734794617 0.008511085994541645
0.6123855113983154 1.3410626649856567 0.41909587383270264 0.0010147430002689362
0.5087766647338867 1.3310799598693848 0.3254820704460144 0.002575729275122285
