0.546185314655304 0.33971187472343445 -0.27728062868118286 0.9959403276443481
0.5548564195632935 0.31712090969085693 -0.2508821189403534 0.9966756105422974
0.5601944327354431 0.317227303981781 -0.25099000334739685 0.9967875480651855
0.5645192265510559 0.31810837984085083 -0.2511420249938965 0.99660325050354
0.5375931262969971 0.3187263011932373 -0.25284337997436523 0.9956719875335693
0.5314024090766907 0.320928692817688 -0.2529926002025604 0.9956651329994202
0.5262600183486938 0.32340478897094727 -0.2531735897064209 0.9950548410415649
0.5748807191848755 0.336731493473053 -0.10749689489603043 0.9973341226577759
0.5171799659729004 0.3416198492050171 -0.11283464729785919 0.9962104558944702
0.5584680438041687 0.3682572841644287 -0.2228516936302185 0.9961588382720947
0.5357234477996826 0.369236558675766 -0.22497326135635376 0.9924440979957581
0.6175153255462646 0.4811142086982727 -0.05619996786117554 0.9967621564865112
0.48253732919692993 0.4899348020553589 -0.08742325752973557 0.9947795867919922
0.6488739252090454 0.6730207204818726 -0.2727530598640442 0.9878921508789062
0.4828213155269623 0.6864210367202759 -0.31326809525489807 0.975176990032196
0.5981122255325317 0.5480889081954956 -0.535264790058136 0.9871253371238708
0.5444572567939758 0.5567241907119751 -0.548757016658783 0.9932329654693604
0.5860690474510193 0.5047473907470703 -0.578963577747345 0.9685137867927551
0.558150589466095 0.49838754534721375 -0.5894515514373779 0.9739068150520325
0.5856474041938782 0.4795747399330139 -0.5409063696861267 0.9671642184257507
0.5439481735229492 0.4843744933605194 -0.5566219091415405 0.969801664352417
0.5860536098480225 0.4948756992816925 -0.5248404145240784 0.972079873085022
0.5446301698684692 0.5038067102432251 -0.5396431684494019 0.9713129997253418
0.6087759137153625 0.8073081374168396 0.00954684428870678 0.9996938705444336
0.5085206627845764 0.8036118149757385 -0.009178531356155872 0.9996401071548462
0.6043035984039307 1.0699658393859863 0.008403821848332882 0.5741415023803711
0.5108643174171448 1.0245981216430664 0.0006646948168054223 0.7228084206581116
0.6174469590187073 1.2039544582366943 0.44645532965660095 0.0008142482838593423
0.49692705273628235 1.2201447486877441 0.39057567715644836 0.0017879699589684606
0.6196735501289368 1.2276434898376465 0.4906303584575653 0.002108541550114751
0.49615544080734253 1.2459561824798584 0.4311426877975464 0.0017976656090468168
0.6174604296684265 1.2802314758300781 0.4307279884815216 0.0005376081098802388
0.49894773960113525 1.2942506074905396 0.3606080114841461 0.0012389731127768755
