0.5465540289878845 0.3277544677257538 -0.4298240542411804 0.9997637867927551
0.5553872585296631 0.30749350786209106 -0.40237563848495483 0.9998660087585449
0.5603753924369812 0.3081541061401367 -0.40234482288360596 0.9997954964637756
0.565395712852478 0.30909377336502075 -0.40251147747039795 0.9998112320899963
0.5384873747825623 0.3060324192047119 -0.4053581953048706 0.9998955726623535
0.5321894288063049 0.30569183826446533 -0.4054316580295563 0.9998664855957031
0.526836097240448 0.305713415145874 -0.40552017092704773 0.9998853206634521
0.5707271695137024 0.32168275117874146 -0.24528291821479797 0.9998202919960022
0.5174046754837036 0.3197888433933258 -0.25745877623558044 0.9998956918716431
0.5551686882972717 0.35818207263946533 -0.37075087428092957 0.999964714050293
0.5356453061103821 0.35461410880088806 -0.37469640374183655 0.9999686479568481
0.6041317582130432 0.4653978645801544 -0.17079922556877136 0.9997833371162415
0.47819003462791443 0.46450328826904297 -0.20556189119815826 0.999822199344635
0.6722632646560669 0.6281825304031372 -0.3996635377407074 0.992948055267334
0.4171673655509949 0.6311313509941101 -0.454848974943161 0.9874407052993774
0.6001436710357666 0.513660192489624 -0.7194961905479431 0.9728075265884399
0.47614914178848267 0.5156465768814087 -0.7411547899246216 0.9699165225028992
0.5761382579803467 0.48178213834762573 -0.7769526839256287 0.9221454858779907
0.4990769624710083 0.4789804518222809 -0.793440043926239 0.9127735495567322
0.5710957050323486 0.46709778904914856 -0.7410398721694946 0.9122512340545654
0.5015764236450195 0.46375638246536255 -0.7608867287635803 0.8953973650932312
0.5756829380989075 0.4790506362915039 -0.7102938294410706 0.8844836950302124
0.4994499087333679 0.47523802518844604 -0.7318429946899414 0.8663372993469238
0.5889173746109009 0.7687410116195679 0.015654614195227623 0.9998328685760498
0.49680039286613464 0.7726738452911377 -0.015829602256417274 0.9997400641441345
0.6282230615615845 1.0037950277328491 -0.20222654938697815 0.7995041012763977
0.4823957681655884 0.9717187881469727 -0.10589424520730972 0.6596426367759705
0.6042155623435974 0.9529180526733398 0.2830512225627899 0.01236821711063385
0.4720202684402466 0.9745961427688599 0.34613290429115295 0.00834434013813734
0.6021156907081604 0.9315019249916077 0.3391161859035492 0.022163797169923782
0.46032220125198364 0.9037111401557922 0.39848434925079346 0.013935370370745659
0.5886544585227966 0.9977148175239563 0.346314936876297 0.01510939747095108
0.4659636318683624 1.0178241729736328 0.40263810753822327 0.01157785952091217
