0.5353372097015381 0.40638911724090576 -0.44714727997779846 0.9999932050704956
0.5430090427398682 0.38638266921043396 -0.42332693934440613 0.9999719858169556
0.5470682382583618 0.3871091306209564 -0.42337167263031006 0.9999860525131226
0.5511410236358643 0.3883865475654602 -0.42342621088027954 0.9999724626541138
0.5266836881637573 0.3850669264793396 -0.4281310737133026 0.9999557733535767
0.5209487676620483 0.3854033052921295 -0.42819005250930786 0.9999703168869019
0.5155205130577087 0.3864448070526123 -0.42832979559898376 0.9999270439147949
0.5549689531326294 0.399539977312088 -0.26684486865997314 0.9999836683273315
0.5069791078567505 0.39793071150779724 -0.28718212246894836 0.9999781847000122
0.5433142781257629 0.4337085485458374 -0.3882018029689789 0.9999951124191284
0.5240505933761597 0.43423736095428467 -0.39438873529434204 0.9999934434890747
0.5919750332832336 0.5444866418838501 -0.14638008177280426 0.9999934434890747
0.4554511308670044 0.5284742712974548 -0.17026036977767944 0.9999291896820068
0.6228609681129456 0.7165815830230713 -0.22683265805244446 0.998193085193634
0.42263558506965637 0.7167819142341614 -0.15479102730751038 0.9973337650299072
0.68211829662323 0.6764639616012573 -0.5156132578849792 0.9980335831642151
0.40738773345947266 0.8609984517097473 -0.2770285904407501 0.9767366647720337
0.7019612789154053 0.6517612934112549 -0.5682997107505798 0.9926481246948242
0.39150896668434143 0.9109669923782349 -0.29288169741630554 0.9397041201591492
0.698124885559082 0.6325873136520386 -0.5836658477783203 0.9936532974243164
0.39803388714790344 0.9216120839118958 -0.33189132809638977 0.9498884081840515
0.6918210983276367 0.6410564184188843 -0.5284692645072937 0.993452787399292
0.4055185317993164 0.9071552753448486 -0.29253414273262024 0.9553238749504089
0.5733513236045837 0.8367555737495422 0.006376494187861681 0.9982256293296814
0.4791542589664459 0.8395723104476929 -0.005265180487185717 0.9944943785667419
0.577904462814331 1.072105884552002 -0.36012622714042664 0.47103312611579895
0.4753481447696686 1.0819147825241089 -0.12663549184799194 0.33871814608573914
0.5717213153839111 1.279333472251892 -0.07791619002819061 0.004879564978182316
0.4766450524330139 1.2829099893569946 0.11019696295261383 0.005574384704232216
0.5715010166168213 1.3116405010223389 -0.0577421709895134 0.013082760386168957
0.47339126467704773 1.31599760055542 0.12598109245300293 0.010642088018357754
0.5597177147865295 1.3636138439178467 -0.23275059461593628 0.00258232606574893
0.4876866638660431 1.362852931022644 -0.05258578807115555 0.0039307670667767525
