0.5381551384925842 0.40596479177474976 -0.34619343280792236 0.9999240636825562
0.5451845526695251 0.38677144050598145 -0.319266676902771 0.9998679161071777
0.5488101840019226 0.3876446485519409 -0.31939154863357544 0.9999101161956787
0.5532763004302979 0.3888779878616333 -0.3194814920425415 0.9998944997787476
0.530003011226654 0.3847021460533142 -0.32689276337623596 0.9998558759689331
0.5236977338790894 0.384460985660553 -0.3269520103931427 0.9998825788497925
0.5181223750114441 0.38473862409591675 -0.327173113822937 0.999864935874939
0.5561142563819885 0.40116947889328003 -0.16096457839012146 0.9999164342880249
0.5061554312705994 0.3976413607597351 -0.19525589048862457 0.9999641180038452
0.5451163649559021 0.4330095052719116 -0.2864173352718353 0.9999732971191406
0.5253052115440369 0.43112823367118835 -0.29703330993652344 0.9999831914901733
0.5939115881919861 0.5391796827316284 -0.060233961790800095 0.9999743700027466
0.45495325326919556 0.5307148694992065 -0.05779305472970009 0.9999303817749023
0.6456242799758911 0.71014404296875 -0.18744303286075592 0.9986658096313477
0.4231474697589874 0.7309848666191101 0.04403136670589447 0.9898573160171509
0.6519212126731873 0.5374020934104919 -0.4456954598426819 0.9956086277961731
0.405113160610199 0.8949919939041138 -0.011031778529286385 0.9384092092514038
0.64785236120224 0.4804519712924957 -0.494312584400177 0.9762751460075378
0.3905223608016968 0.9420281648635864 -0.017698025330901146 0.8433046936988831
0.6443353295326233 0.46940597891807556 -0.4741887152194977 0.9746658802032471
0.3986481726169586 0.9528141617774963 -0.056745495647192 0.8608886003494263
0.6441733241081238 0.4870506525039673 -0.44439518451690674 0.9664152264595032
0.40733250975608826 0.9405206441879272 -0.026202969253063202 0.8606600165367126
0.5795060992240906 0.8670527338981628 -0.004802466835826635 0.9874235987663269
0.4801209270954132 0.869976282119751 0.005769860930740833 0.9882825016975403
0.5857646465301514 1.1428344249725342 -0.24063663184642792 0.2644954025745392
0.4851897656917572 1.1102404594421387 -0.316435307264328 0.28170859813690186
0.588080644607544 1.3828853368759155 -0.0572485476732254 0.0053328778594732285
0.49573084712028503 1.3760730028152466 -0.21722522377967834 0.01559598557651043
0.5888753533363342 1.4160921573638916 -0.047663792967796326 0.01423588301986456
0.4943186342716217 1.4179940223693848 -0.21440662443637848 0.029904955998063087
0.5733973979949951 1.4726473093032837 -0.23297737538814545 0.006091144401580095
0.5103081464767456 1.4527006149291992 -0.4209827184677124 0.018150167539715767
