0.5342891812324524 0.41274845600128174 -0.4409574866294861 0.9999595880508423
0.542854368686676 0.39219051599502563 -0.41561686992645264 0.9999254941940308
0.546991765499115 0.3933420777320862 -0.41565176844596863 0.999951958656311
0.5516347885131836 0.39453744888305664 -0.41573992371559143 0.9999374151229858
0.5268381834030151 0.38992100954055786 -0.42185598611831665 0.9999246597290039
0.5209671854972839 0.38951998949050903 -0.42191368341445923 0.9999396800994873
0.5158085823059082 0.38979947566986084 -0.422120600938797 0.9999212026596069
0.5558061003684998 0.40598130226135254 -0.24706652760505676 0.9999583959579468
0.5055477619171143 0.40251314640045166 -0.27497556805610657 0.9999830722808838
0.5425792336463928 0.4387877285480499 -0.37638723850250244 0.9999833106994629
0.5224446058273315 0.4358568787574768 -0.3852364122867584 0.9999884366989136
0.5939557552337646 0.5362517833709717 -0.14093045890331268 0.9999815225601196
0.45757466554641724 0.5328081846237183 -0.11497972160577774 0.9999366998672485
0.6522829532623291 0.6840085387229919 -0.2990977168083191 0.9992782473564148
0.42319175601005554 0.7271817326545715 0.014874116517603397 0.9905044436454773
0.6355077624320984 0.4966621696949005 -0.5926711559295654 0.9965171813964844
0.4027722477912903 0.8854561448097229 -0.00404049688950181 0.9340074062347412
0.6255630850791931 0.4480791389942169 -0.6463948488235474 0.978646993637085
0.3895696699619293 0.9381207227706909 -0.004871254786849022 0.8154744505882263
0.6203244924545288 0.43382954597473145 -0.6233763098716736 0.9769232869148254
0.3994608521461487 0.9502609968185425 -0.04184018447995186 0.8326645493507385
0.6201339364051819 0.45054757595062256 -0.590618908405304 0.97086101770401
0.40794605016708374 0.9329492449760437 -0.01719670556485653 0.8402478098869324
0.5801132917404175 0.8595783710479736 -0.00789891928434372 0.9931010007858276
0.48247596621513367 0.8618661165237427 0.008844276890158653 0.9933685660362244
0.5865302681922913 1.1415061950683594 -0.1886250227689743 0.18401092290878296
0.48305004835128784 1.1119202375411987 -0.24649330973625183 0.201197549700737
0.5851906538009644 1.3812865018844604 0.029005922377109528 0.00270415679551661
0.49226510524749756 1.3772528171539307 -0.10861843079328537 0.010177522897720337
0.5866975784301758 1.4147820472717285 0.04265037551522255 0.00791444256901741
0.49140819907188416 1.4189951419830322 -0.1024373471736908 0.016300620511174202
0.5679945349693298 1.4737353324890137 -0.14504870772361755 0.0031585595570504665
0.505736231803894 1.4584414958953857 -0.3076569736003876 0.009913244284689426
