0.5346832275390625 0.4052119553089142 -0.40618810057640076 0.9999840259552002
0.5437841415405273 0.38488900661468506 -0.37983232736587524 0.9999576807022095
0.5483931303024292 0.3857777714729309 -0.37984153628349304 0.9999744892120361
0.553554356098175 0.3871081471443176 -0.3798843026161194 0.9999563694000244
0.526592493057251 0.38245469331741333 -0.38784652948379517 0.9999608993530273
0.5199676752090454 0.382199764251709 -0.3878763020038605 0.9999736547470093
0.5142905712127686 0.3825116753578186 -0.38804861903190613 0.9999583959579468
0.5574201345443726 0.40168750286102295 -0.21789823472499847 0.999968409538269
0.5036259889602661 0.39660823345184326 -0.25361818075180054 0.999992847442627
0.5426340103149414 0.43571364879608154 -0.3451080024242401 0.99998939037323
0.5213105082511902 0.4342857599258423 -0.35612723231315613 0.9999935626983643
0.5913259983062744 0.5393527150154114 -0.09938226640224457 0.9999805688858032
0.4558277130126953 0.529492974281311 -0.11690637469291687 0.9999703168869019
0.6506281495094299 0.6862226128578186 -0.21908815205097198 0.9994148015975952
0.4236956238746643 0.7252010703086853 0.022488968446850777 0.9952983260154724
0.6501415967941284 0.4983920156955719 -0.47031527757644653 0.9970024228096008
0.4065394997596741 0.8883234858512878 0.028261641040444374 0.9679604768753052
0.6432413458824158 0.4446163773536682 -0.5145639181137085 0.9798973202705383
0.39200153946876526 0.9358169436454773 0.03166743740439415 0.905227780342102
0.6396080255508423 0.4308077394962311 -0.4915938377380371 0.9771646857261658
0.4023938775062561 0.9476447701454163 -0.004032460041344166 0.9141884446144104
0.6400304436683655 0.4516088366508484 -0.46780359745025635 0.9763265252113342
0.4111294150352478 0.9357913732528687 0.017120905220508575 0.9260808825492859
0.5772515535354614 0.8529826998710632 -0.0019582516979426146 0.9951294660568237
0.47963979840278625 0.855583667755127 0.0033009732142090797 0.9953853487968445
0.5798910856246948 1.130873441696167 -0.0920666828751564 0.10591333359479904
0.47519296407699585 1.1045818328857422 -0.14400337636470795 0.11840815842151642
0.5823695063591003 1.3612651824951172 0.1504414677619934 0.0006660253275185823
0.47265833616256714 1.3510627746582031 0.022571265697479248 0.0022069928236305714
0.584233283996582 1.3990665674209595 0.16647782921791077 0.0024868431501090527
0.46952345967292786 1.3952852487564087 0.03144229203462601 0.005228960420936346
0.568200409412384 1.449234127998352 -0.005964335985481739 0.0006369917537085712
0.48524630069732666 1.4298925399780273 -0.16805806756019592 0.0026779950130730867
