0.5352879762649536 0.4064502418041229 -0.40520232915878296 0.9999502897262573
0.5428017973899841 0.3867238163948059 -0.38002344965934753 0.9998911619186401
0.5471670031547546 0.3874269127845764 -0.38009440898895264 0.9999309778213501
0.5522431135177612 0.3884509801864624 -0.3801928758621216 0.9999110698699951
0.5273271203041077 0.3848540186882019 -0.3853599727153778 0.9998810291290283
0.5205380916595459 0.3847050666809082 -0.38541582226753235 0.9999011754989624
0.514333963394165 0.3853853940963745 -0.38561856746673584 0.999871015548706
0.5560733079910278 0.40043187141418457 -0.22017790377140045 0.9999308586120605
0.5029172897338867 0.3968513011932373 -0.24293383955955505 0.9999712705612183
0.5419646501541138 0.4342537522315979 -0.3443412482738495 0.9999790191650391
0.5216668248176575 0.4338856637477875 -0.35140103101730347 0.9999858140945435
0.5926355719566345 0.5351698398590088 -0.10260738432407379 0.9999668598175049
0.4541586637496948 0.5290279388427734 -0.10222098231315613 0.9999345541000366
0.6466224789619446 0.6956902742385864 -0.2323063313961029 0.9984890222549438
0.4220266044139862 0.7276086807250977 -0.001717543345876038 0.990871012210846
0.6741408109664917 0.5319356918334961 -0.4981933534145355 0.9952757358551025
0.40341076254844666 0.8858325481414795 -0.04316012188792229 0.9418758153915405
0.6770172119140625 0.476112425327301 -0.5448180437088013 0.9740014672279358
0.39005357027053833 0.9400643706321716 -0.045303601771593094 0.8365415930747986
0.6715707778930664 0.4607948362827301 -0.5319830179214478 0.9735551476478577
0.39795413613319397 0.9499228000640869 -0.08383677154779434 0.8564467430114746
0.6691576242446899 0.47829538583755493 -0.4999917447566986 0.9674678444862366
0.4064032733440399 0.9355573058128357 -0.057321902364492416 0.8620519638061523
0.578560471534729 0.8642193675041199 -0.0026198402047157288 0.9878764152526855
0.47842419147491455 0.8644004464149475 0.003650501137599349 0.9903073310852051
0.5803060531616211 1.1371444463729858 -0.23001953959465027 0.27973395586013794
0.47481489181518555 1.1033966541290283 -0.3083673417568207 0.35638296604156494
0.5788224935531616 1.3754467964172363 -0.0471438504755497 0.005688355304300785
0.48173877596855164 1.3687843084335327 -0.19897855818271637 0.01629398576915264
0.5789759159088135 1.4128413200378418 -0.03822802007198334 0.017727527767419815
0.4806861877441406 1.41298508644104 -0.19607295095920563 0.029983969405293465
0.5642661452293396 1.4601348638534546 -0.22876200079917908 0.0067770713940262794
0.49293941259384155 1.4449512958526611 -0.4035457670688629 0.021527426317334175
