0.533450722694397 0.41012683510780334 -0.44620925188064575 0.9999213218688965
0.5403258204460144 0.38930970430374146 -0.4190267324447632 0.9997791647911072
0.5436111092567444 0.3902271091938019 -0.4191801846027374 0.9998841285705566
0.5472435355186462 0.39123299717903137 -0.4194062352180481 0.9998235106468201
0.5254207253456116 0.38811254501342773 -0.42458391189575195 0.9996881484985352
0.5193604230880737 0.3880651891231537 -0.42468151450157166 0.9997898936271667
0.5139645934104919 0.38858136534690857 -0.42485472559928894 0.9996434450149536
0.5510209798812866 0.40386340022087097 -0.25114038586616516 0.9998689889907837
0.5033076405525208 0.4012540578842163 -0.27814075350761414 0.9999037981033325
0.5405014157295227 0.4352097809314728 -0.38194942474365234 0.9999618530273438
0.5212002992630005 0.43397340178489685 -0.39009925723075867 0.9999709129333496
0.5921652317047119 0.5376408100128174 -0.12442796677350998 0.9999582767486572
0.45503175258636475 0.5286550521850586 -0.13828440010547638 0.9998006224632263
0.6369414925575256 0.7063388824462891 -0.22186176478862762 0.994658887386322
0.42144066095352173 0.7198678255081177 -0.09251438826322556 0.9769346714019775
0.6875486373901367 0.6073595285415649 -0.4974166750907898 0.9896093606948853
0.4044577479362488 0.8782131671905518 -0.19233526289463043 0.876846969127655
0.7009362578392029 0.5682841539382935 -0.5508570075035095 0.9626342058181763
0.39301788806915283 0.9237443208694458 -0.20760256052017212 0.7364451289176941
0.698331892490387 0.5478877425193787 -0.5491222739219666 0.9673227071762085
0.39839601516723633 0.9329509139060974 -0.24579158425331116 0.7722252607345581
0.6932058930397034 0.5620596408843994 -0.5040847659111023 0.9557030200958252
0.4060478210449219 0.9209004044532776 -0.2079547494649887 0.7602723836898804
0.5772514343261719 0.8514131903648376 0.0036559677682816982 0.9825018644332886
0.4797402620315552 0.8490117192268372 -0.002964169019833207 0.9702089428901672
0.5962763428688049 1.0750550031661987 -0.42116180062294006 0.7344980835914612
0.4762673079967499 1.052441954612732 -0.43639662861824036 0.7357215285301208
0.5980241298675537 1.302772045135498 -0.1730133593082428 0.09344007819890976
0.48410502076148987 1.297270655632019 -0.26660123467445374 0.12287935614585876
0.5967538356781006 1.339563250541687 -0.15653683245182037 0.1641467958688736
0.48314163088798523 1.3366233110427856 -0.25658655166625977 0.1696837693452835
0.5919303894042969 1.3780750036239624 -0.3432422876358032 0.059633586555719376
0.49727973341941833 1.3697208166122437 -0.46489042043685913 0.09515394270420074
