0.5312352776527405 0.41328391432762146 -0.4357525706291199 0.9999686479568481
0.5390079617500305 0.3914623260498047 -0.41236910223960876 0.9999186992645264
0.5423557162284851 0.3918690085411072 -0.412460058927536 0.9999523162841797
0.5466183423995972 0.39246273040771484 -0.4125235974788666 0.9999284744262695
0.5238093137741089 0.39043551683425903 -0.41594788432121277 0.9999018907546997
0.5168890357017517 0.390495240688324 -0.41595393419265747 0.999923586845398
0.5111289620399475 0.3909609913825989 -0.4160940945148468 0.9998836517333984
0.5510165095329285 0.4012290835380554 -0.25348585844039917 0.9999417066574097
0.501039445400238 0.40201622247695923 -0.2682347893714905 0.9999682903289795
0.5387521386146545 0.43789365887641907 -0.3747814893722534 0.999982476234436
0.5193067193031311 0.43777257204055786 -0.3794584572315216 0.9999872446060181
0.5916845798492432 0.5390692949295044 -0.12850043177604675 0.9999876022338867
0.45406198501586914 0.5337058305740356 -0.11591882258653641 0.9999611377716064
0.6319276690483093 0.7099775075912476 -0.20229119062423706 0.9981574416160583
0.4216567277908325 0.7261369228363037 -0.04600472003221512 0.9964392781257629
0.6915765404701233 0.6612486839294434 -0.48211970925331116 0.998035728931427
0.4013172388076782 0.8840793371200562 -0.1525133103132248 0.9857876300811768
0.7090995907783508 0.6296282410621643 -0.5322146415710449 0.9911881685256958
0.3883810043334961 0.9307519197463989 -0.1675306111574173 0.951164722442627
0.7068907022476196 0.6123600006103516 -0.5455752015113831 0.9921494722366333
0.39685264229774475 0.9424540996551514 -0.21076960861682892 0.9589888453483582
0.7006330490112305 0.6239624619483948 -0.4949086904525757 0.9911094903945923
0.4042777419090271 0.9283325672149658 -0.17052344977855682 0.9594743251800537
0.5798695087432861 0.8550898432731628 -0.004726762883365154 0.9920903444290161
0.4818160831928253 0.8546155095100403 0.005789431277662516 0.9922149777412415
0.5863156914710999 1.1273211240768433 -0.1752965897321701 0.171269953250885
0.4857120215892792 1.1014430522918701 -0.2662871479988098 0.27870187163352966
0.5956258177757263 1.36263906955719 0.0250637698918581 0.0020801073405891657
0.492893785238266 1.3591665029525757 -0.17097200453281403 0.0076065752655267715
0.597955048084259 1.3975502252578735 0.034387994557619095 0.005295275244861841
0.4920355975627899 1.4012877941131592 -0.16973267495632172 0.010240962728857994
0.5819337368011475 1.44968843460083 -0.153854101896286 0.0022330107167363167
0.5068270564079285 1.434544563293457 -0.38210639357566833 0.008917972445487976
