0.5447328686714172 0.36399635672569275 -0.5346785187721252 0.9998713731765747
0.5520598888397217 0.3419762849807739 -0.5050482153892517 0.9998170733451843
0.5570745468139648 0.3430185914039612 -0.5051662921905518 0.9998400211334229
0.5621480345726013 0.3444516062736511 -0.505458414554596 0.9998157620429993
0.5337034463882446 0.3404505252838135 -0.5119100213050842 0.9998278617858887
0.5265088081359863 0.34107547998428345 -0.5118670463562012 0.9997859597206116
0.5200425386428833 0.34234869480133057 -0.511942982673645 0.9997063279151917
0.5683552622795105 0.35775643587112427 -0.33246752619743347 0.999884843826294
0.5112731456756592 0.35618191957473755 -0.36166122555732727 0.9999160766601562
0.5530307292938232 0.3946768641471863 -0.47046205401420593 0.9999772310256958
0.5314226150512695 0.39315560460090637 -0.4789816737174988 0.9999837875366211
0.6037263870239258 0.5009596347808838 -0.23435206711292267 0.9998917579650879
0.4653593897819519 0.5022901296615601 -0.249576598405838 0.999772846698761
0.6584616899490356 0.6444349884986877 -0.407058447599411 0.9901453852653503
0.4304138422012329 0.696586549282074 -0.2530471682548523 0.9565963745117188
0.6550476551055908 0.5934145450592041 -0.7318214774131775 0.9376665949821472
0.4209747016429901 0.8692218065261841 -0.39142146706581116 0.6415641903877258
0.6508798599243164 0.5838432312011719 -0.796977162361145 0.8665364980697632
0.4103359580039978 0.912024736404419 -0.41919806599617004 0.5326589941978455
0.6426047682762146 0.5646113157272339 -0.7848637104034424 0.8542965054512024
0.4180026054382324 0.9162577390670776 -0.45391494035720825 0.5344511866569519
0.6385216116905212 0.5637044906616211 -0.7336143851280212 0.7896822094917297
0.4263858199119568 0.8993790745735168 -0.4063822031021118 0.5017867684364319
0.5881611108779907 0.7996943593025208 0.01604972779750824 0.9918307662010193
0.48628273606300354 0.8131320476531982 -0.01573278196156025 0.9903618097305298
0.6800421476364136 0.9561924934387207 -0.36078861355781555 0.9501408338546753
0.4262028932571411 0.9934521913528442 -0.3612354099750519 0.8971093893051147
0.6251124143600464 1.0802103281021118 0.0061186086386442184 0.2471136748790741
0.47770071029663086 1.131857991218567 0.03884304687380791 0.1402738094329834
0.6078078150749207 1.0911370515823364 0.0401805080473423 0.3481743037700653
0.48870280385017395 1.1499176025390625 0.0749814361333847 0.15616899728775024
0.6314051151275635 1.1669756174087524 -0.07745875418186188 0.12375562638044357
0.4733999967575073 1.2016702890396118 -0.048732247203588486 0.060533106327056885
