0.5482217669487 0.36065924167633057 -0.2659917175769806 0.9999765157699585
0.557263970375061 0.3372794985771179 -0.23388957977294922 0.999981164932251
0.5625061392784119 0.338131308555603 -0.23405346274375916 0.9999854564666748
0.5677655339241028 0.33935320377349854 -0.23435106873512268 0.9999860525131226
0.5384266972541809 0.33542078733444214 -0.24053475260734558 0.9999674558639526
0.530299723148346 0.33550119400024414 -0.24041113257408142 0.999955415725708
0.5236198306083679 0.33592236042022705 -0.24047496914863586 0.9999401569366455
0.573276162147522 0.3538188934326172 -0.06795044243335724 0.9999922513961792
0.5141854882240295 0.3514917492866516 -0.09854206442832947 0.9999781847000122
0.5565353631973267 0.3943476974964142 -0.2040998488664627 0.999994158744812
0.5341557860374451 0.3948065936565399 -0.2131628394126892 0.9999927282333374
0.6023028492927551 0.4913879930973053 -0.004664666950702667 0.9999905824661255
0.4674524962902069 0.4965735077857971 0.00016647060692775995 0.9998249411582947
0.6257206201553345 0.6530290842056274 -0.18256479501724243 0.9948232173919678
0.4330817461013794 0.6891881823539734 0.018967123702168465 0.9335285425186157
0.5963871479034424 0.5543206930160522 -0.5142034292221069 0.9948832988739014
0.4229409396648407 0.855184018611908 -0.08091742545366287 0.7327800393104553
0.5884038209915161 0.5218883752822876 -0.58735191822052 0.9868133068084717
0.41662925481796265 0.9042765498161316 -0.1037079319357872 0.6241052746772766
0.5878323912620544 0.4983280897140503 -0.5648726224899292 0.9864815473556519
0.4225168824195862 0.9066548943519592 -0.13874037563800812 0.6380089521408081
0.586059033870697 0.5116866827011108 -0.5124847888946533 0.9765745997428894
0.4292706549167633 0.8898470401763916 -0.09610636532306671 0.6229199767112732
0.5851218104362488 0.7996140122413635 0.010970409028232098 0.9980921149253845
0.4859229028224945 0.807561993598938 -0.010355786420404911 0.9933812618255615
0.6786889433860779 0.9529271125793457 -0.37290582060813904 0.968292236328125
0.4455404579639435 1.0352286100387573 -0.22239123284816742 0.8978300094604492
0.6211105585098267 1.1554207801818848 -0.053557828068733215 0.40601980686187744
0.4739501178264618 1.212868332862854 0.09531920403242111 0.2076040506362915
0.6030294895172119 1.1748721599578857 -0.023246264085173607 0.4382934868335724
0.4818013608455658 1.235761284828186 0.123835489153862 0.1864849328994751
0.6261072754859924 1.2539441585540771 -0.14970986545085907 0.20494447648525238
0.47335943579673767 1.297674298286438 -0.01045606005936861 0.07248478382825851
