0.5449218153953552 0.3629549741744995 -0.48379814624786377 0.9995574355125427
0.5524837374687195 0.33914637565612793 -0.45562639832496643 0.9996180534362793
0.5570013523101807 0.3402023911476135 -0.4557696282863617 0.999675989151001
0.5622764229774475 0.3417772054672241 -0.45607107877731323 0.9996392726898193
0.5345760583877563 0.3372535705566406 -0.46142908930778503 0.9995982050895691
0.5274316668510437 0.3375464677810669 -0.46144622564315796 0.9995343685150146
0.5208042860031128 0.3390392065048218 -0.4616001844406128 0.9994447827339172
0.5669590830802917 0.3543683886528015 -0.2852558493614197 0.9997897744178772
0.5115402936935425 0.3523938059806824 -0.30914774537086487 0.9997488856315613
0.5524733662605286 0.3957037031650543 -0.4192754626274109 0.9999361038208008
0.5322338342666626 0.39643940329551697 -0.4264121651649475 0.9999392032623291
0.6043193340301514 0.5072341561317444 -0.17443779110908508 0.9997538924217224
0.46229997277259827 0.5002282857894897 -0.1951601356267929 0.9996337890625
0.6314775943756104 0.7019752860069275 -0.278024822473526 0.9550154209136963
0.4307742714881897 0.6919838786125183 -0.18442562222480774 0.9342089891433716
0.6126328706741333 0.6848108172416687 -0.5806685090065002 0.740412175655365
0.4228559136390686 0.8573659062385559 -0.3174319267272949 0.4889431595802307
0.6135298609733582 0.7003223896026611 -0.6433566212654114 0.6115853190422058
0.41486889123916626 0.912315845489502 -0.34843119978904724 0.3927120864391327
0.6048941016197205 0.6606183052062988 -0.6416857242584229 0.6131349802017212
0.4225849509239197 0.9069762229919434 -0.3848004937171936 0.41081133484840393
0.6024754047393799 0.6546027660369873 -0.5857652425765991 0.5306178331375122
0.42747920751571655 0.8944349884986877 -0.3334176242351532 0.39737603068351746
0.5834900736808777 0.8017176389694214 0.014527510851621628 0.9790763854980469
0.48436927795410156 0.8144166469573975 -0.01408661250025034 0.9719316363334656
0.6728357672691345 0.9421029686927795 -0.4146385192871094 0.9310689568519592
0.42720797657966614 1.0046584606170654 -0.269013911485672 0.8485128283500671
0.6339430212974548 1.1039551496505737 -0.10338837653398514 0.3581008315086365
0.4862523078918457 1.1698288917541504 0.07933519035577774 0.15939106047153473
0.6183868646621704 1.1247520446777344 -0.07543869316577911 0.3978886008262634
0.4971250295639038 1.191524624824524 0.10972519218921661 0.1566419154405594
0.6470935344696045 1.19240140914917 -0.21304716169834137 0.19121405482292175
0.48024478554725647 1.2438485622406006 -0.027736835181713104 0.059582825750112534
