0.5415662527084351 0.33167552947998047 -0.3104677200317383 0.9999973773956299
0.548206627368927 0.313712477684021 -0.27953237295150757 0.999988317489624
0.552506148815155 0.31445378065109253 -0.279680997133255 0.9999932050704956
0.5562784671783447 0.3156288266181946 -0.2797655463218689 0.9999891519546509
0.5303990840911865 0.31283390522003174 -0.28787603974342346 0.999984860420227
0.5242380499839783 0.31390780210494995 -0.28800126910209656 0.99998939037323
0.5184451341629028 0.31567394733428955 -0.2882171869277954 0.9999814033508301
0.5613815784454346 0.3286364674568176 -0.11018438637256622 0.9999905824661255
0.509344220161438 0.32951366901397705 -0.14686915278434753 0.9999908208847046
0.5509958267211914 0.3619353175163269 -0.24776624143123627 0.9999973773956299
0.5300356149673462 0.36326199769973755 -0.2587093710899353 0.9999974966049194
0.6032464504241943 0.49209946393966675 0.004786456003785133 0.9999932050704956
0.4600711464881897 0.48246681690216064 -0.05836830660700798 0.9999542236328125
0.6407524943351746 0.6851739883422852 -0.07490015029907227 0.9962453246116638
0.4276997148990631 0.693011999130249 -0.060479722917079926 0.9946374297142029
0.7017403244972229 0.6650117635726929 -0.37881600856781006 0.9965890645980835
0.40642139315605164 0.8816041946411133 -0.19577239453792572 0.9665606617927551
0.7375670671463013 0.672749400138855 -0.43206676840782166 0.9882638454437256
0.3915400505065918 0.9433362483978271 -0.21463258564472198 0.9201808571815491
0.7355886101722717 0.6444040536880493 -0.4476969838142395 0.9901748895645142
0.40174347162246704 0.954083263874054 -0.2602514624595642 0.930512547492981
0.7228341698646545 0.6359891891479492 -0.3930320739746094 0.9882245063781738
0.4100779891014099 0.9337336421012878 -0.21396705508232117 0.9312358498573303
0.5844428539276123 0.8228957056999207 0.014565144665539265 0.9981417655944824
0.4841872751712799 0.8357086777687073 -0.013736501336097717 0.9958452582359314
0.608104944229126 1.0778974294662476 -0.4050194323062897 0.883415699005127
0.48284271359443665 1.1027848720550537 -0.23527105152606964 0.7288141250610352
0.606758713722229 1.3102034330368042 -0.12139406055212021 0.18696732819080353
0.47822120785713196 1.34090256690979 -0.01670030876994133 0.23102988302707672
0.6054014563560486 1.3432893753051758 -0.10134608298540115 0.28419554233551025
0.4767569303512573 1.3802781105041504 -0.004235594067722559 0.18619920313358307
0.6002450585365295 1.4076309204101562 -0.28000059723854065 0.12610383331775665
0.4824281930923462 1.4219714403152466 -0.20547164976596832 0.15493181347846985
