0.5438364744186401 0.33048516511917114 -0.19464486837387085 0.9999957084655762
0.5513826012611389 0.3108096122741699 -0.16215509176254272 0.9999895095825195
0.5550058484077454 0.31104934215545654 -0.16229155659675598 0.999995231628418
0.5589070916175842 0.31166964769363403 -0.1623631864786148 0.9999920129776001
0.5340509414672852 0.3102491497993469 -0.17285674810409546 0.9999874830245972
0.5271314382553101 0.31103408336639404 -0.17293281853199005 0.9999932050704956
0.5213153958320618 0.3122789263725281 -0.17308542132377625 0.9999879598617554
0.5620824694633484 0.32483041286468506 -0.0047501325607299805 0.999995231628418
0.5097939372062683 0.3274310827255249 -0.05513656139373779 0.9999974966049194
0.5525633692741394 0.36180561780929565 -0.13696692883968353 0.9999955892562866
0.5306276082992554 0.36217200756073 -0.1520235687494278 0.9999966621398926
0.6025059223175049 0.48198220133781433 0.07972840964794159 0.9999947547912598
0.45791035890579224 0.4781579375267029 0.04526558890938759 0.999966025352478
0.6599358320236206 0.6313042640686035 -0.05893117934465408 0.9996090531349182
0.43060562014579773 0.6869746446609497 0.13944996893405914 0.9919983744621277
0.6854920983314514 0.44999247789382935 -0.3153289258480072 0.998986542224884
0.4102238416671753 0.8766563534736633 0.11053996533155441 0.9679011106491089
0.6961492896080017 0.38865596055984497 -0.36921486258506775 0.9956685304641724
0.39416056871414185 0.9384665489196777 0.1080550029873848 0.9269657135009766
0.6900738477706909 0.375731498003006 -0.34653788805007935 0.9956024885177612
0.4041368067264557 0.9496756196022034 0.06479339301586151 0.934444785118103
0.6837475299835205 0.39605408906936646 -0.31468772888183594 0.9948598146438599
0.413604736328125 0.9279934167861938 0.09489934891462326 0.9429832100868225
0.5881182551383972 0.8214145302772522 0.009546835906803608 0.9993031024932861
0.48576363921165466 0.8350654244422913 -0.008429101668298244 0.9987820982933044
0.6034216284751892 1.107115626335144 -0.27384740114212036 0.8368982672691345
0.4897187054157257 1.0884159803390503 -0.3185771405696869 0.8076168298721313
0.6053651571273804 1.3688158988952637 -0.041277769953012466 0.025108544155955315
0.4642070233821869 1.367081642150879 -0.18603883683681488 0.05201323330402374
0.6073713898658752 1.4048104286193848 -0.025520123541355133 0.05316200479865074
0.4560282528400421 1.4133856296539307 -0.18014360964298248 0.08510275930166245
0.5895606875419617 1.4620563983917236 -0.19651030004024506 0.01020492147654295
0.47772735357284546 1.4436980485916138 -0.3893718123435974 0.028244763612747192
