0.5433647036552429 0.33096927404403687 -0.1986393928527832 0.9999955892562866
0.5515676736831665 0.3095574975013733 -0.16527363657951355 0.9999876022338867
0.5556129217147827 0.3102741837501526 -0.16540564596652985 0.9999936819076538
0.5600782036781311 0.31119465827941895 -0.16550680994987488 0.9999898672103882
0.533258855342865 0.3085654377937317 -0.1738724261522293 0.9999880790710449
0.5260095596313477 0.3087772727012634 -0.17397747933864594 0.999992847442627
0.5201890468597412 0.30951637029647827 -0.17413948476314545 0.99998939037323
0.562369167804718 0.3261045217514038 0.001089066849090159 0.9999934434890747
0.5087043642997742 0.32682371139526367 -0.04061838611960411 0.9999980926513672
0.5518985390663147 0.362260103225708 -0.1364913284778595 0.999993085861206
0.529394805431366 0.3618072271347046 -0.1491871178150177 0.9999963045120239
0.5987022519111633 0.47835642099380493 0.06820958107709885 0.9999862909317017
0.4589577317237854 0.47720760107040405 0.07049257308244705 0.9999443292617798
0.6625419855117798 0.5734567046165466 -0.10646971315145493 0.9996657371520996
0.42796236276626587 0.6829004883766174 0.17194654047489166 0.98618084192276
0.6585788130760193 0.3521465063095093 -0.35156360268592834 0.9991466999053955
0.40570876002311707 0.875533401966095 0.1547916829586029 0.9712978601455688
0.6621307134628296 0.289426326751709 -0.40591496229171753 0.9962557554244995
0.3880303204059601 0.940233588218689 0.14899234473705292 0.9325887560844421
0.6585158109664917 0.278709352016449 -0.3709312677383423 0.9960309863090515
0.3987308740615845 0.9507485628128052 0.11262314766645432 0.9393378496170044
0.6557915806770325 0.3025065064430237 -0.34528157114982605 0.9955049157142639
0.407886803150177 0.9277244210243225 0.14169900119304657 0.9488852024078369
0.5828058123588562 0.8218047022819519 -0.0020865232218056917 0.9992874264717102
0.48293495178222656 0.8273932933807373 0.0029531228356063366 0.9992220401763916
0.6113978028297424 1.1073744297027588 -0.216459259390831 0.7659211754798889
0.4750799536705017 1.0605590343475342 -0.34715577960014343 0.810772180557251
0.5996410846710205 1.3457638025283813 0.09411793202161789 0.012356887571513653
0.48151895403862 1.3404192924499512 -0.09390337020158768 0.053101226687431335
0.6005244851112366 1.3769519329071045 0.12013649940490723 0.039302874356508255
0.48059478402137756 1.3809008598327637 -0.07282938808202744 0.12296736240386963
0.5807770490646362 1.4434900283813477 -0.03938882797956467 0.006206978112459183
0.4923509955406189 1.4292676448822021 -0.2633523643016815 0.028297673910856247
