0.5426196455955505 0.3273685574531555 -0.2161233276128769 0.9999974966049194
0.550760805606842 0.3082028031349182 -0.1815997213125229 0.9999929666519165
0.554991602897644 0.3089609742164612 -0.1817086637020111 0.9999964237213135
0.5596021413803101 0.3099405765533447 -0.18177565932273865 0.9999938011169434
0.5326318144798279 0.30654770135879517 -0.1930266171693802 0.9999923706054688
0.5255813002586365 0.3066840171813965 -0.1931350976228714 0.9999954700469971
0.5198118090629578 0.30723971128463745 -0.19329895079135895 0.9999924898147583
0.5625767111778259 0.32569950819015503 -0.010202842764556408 0.9999963045120239
0.5090439915657043 0.32603681087493896 -0.0652957633137703 0.9999983310699463
0.5515283942222595 0.3601163625717163 -0.15278466045856476 0.9999967813491821
0.5292782783508301 0.35943299531936646 -0.16940318048000336 0.9999978542327881
0.6002072691917419 0.4828340411186218 0.07203084975481033 0.9999904632568359
0.45855751633644104 0.47945499420166016 0.039301615208387375 0.9999512434005737
0.6649156808853149 0.5953294038772583 -0.10460654646158218 0.9994882345199585
0.42988312244415283 0.6871793866157532 0.1141413152217865 0.9897038340568542
0.6630295515060425 0.38944730162620544 -0.39597299695014954 0.9984433054924011
0.40701353549957275 0.8804991841316223 0.06501682102680206 0.9644094705581665
0.6675649285316467 0.32057201862335205 -0.45685121417045593 0.992420494556427
0.39004290103912354 0.9480843544006348 0.057498734444379807 0.9133062958717346
0.6619633436203003 0.3124847412109375 -0.4237534701824188 0.9919719696044922
0.4014570116996765 0.9566494226455688 0.017740590497851372 0.921515703201294
0.6585509777069092 0.332866907119751 -0.391139954328537 0.9903765320777893
0.41070014238357544 0.9342953562736511 0.05103113129734993 0.926695704460144
0.585591733455658 0.8123828172683716 0.005591277498751879 0.9993740916252136
0.48402002453804016 0.8251546025276184 -0.004710823763161898 0.9989414811134338
0.6050022840499878 1.0841610431671143 -0.3613395392894745 0.8527591824531555
0.4805603623390198 1.075974941253662 -0.35599657893180847 0.815723717212677
0.6021164059638977 1.3347944021224976 -0.08675125986337662 0.0295542124658823
0.47113627195358276 1.3454418182373047 -0.17042990028858185 0.07102705538272858
0.6032344698905945 1.370851993560791 -0.06570495665073395 0.08943908661603928
0.46791401505470276 1.389339804649353 -0.159666508436203 0.11784407496452332
0.5866267085075378 1.429161787033081 -0.24361607432365417 0.016335690394043922
0.4803909361362457 1.4264180660247803 -0.369439959526062 0.03208040073513985
