0.5439767241477966 0.3186771273612976 -0.271847128868103 0.9999872446060181
0.5510362386703491 0.30230259895324707 -0.23825201392173767 0.9999527931213379
0.5552765727043152 0.3035433292388916 -0.23836973309516907 0.9999778270721436
0.5597383975982666 0.3051946759223938 -0.23843243718147278 0.9999597072601318
0.5331974029541016 0.3013222813606262 -0.252135306596756 0.9999517202377319
0.526410698890686 0.3024337887763977 -0.25225311517715454 0.9999731779098511
0.5207054615020752 0.30462950468063354 -0.25246667861938477 0.9999511241912842
0.5626364350318909 0.3212295174598694 -0.0703878328204155 0.999974250793457
0.5094406604766846 0.3240453600883484 -0.13448815047740936 0.9999892711639404
0.5532708764076233 0.3515393137931824 -0.20958982408046722 0.999985933303833
0.530780017375946 0.35185641050338745 -0.22880634665489197 0.9999903440475464
0.6023151874542236 0.4883826971054077 0.027333667501807213 0.9999773502349854
0.4578855335712433 0.4810277819633484 -0.03783189132809639 0.9998863935470581
0.6647040843963623 0.6382884979248047 -0.12821060419082642 0.9993823766708374
0.42691391706466675 0.6921659111976624 0.008593333885073662 0.9904617667198181
0.6724725961685181 0.4278607964515686 -0.4027005136013031 0.9981338381767273
0.40706756711006165 0.8836992979049683 -0.07435484230518341 0.9702336192131042
0.6740970611572266 0.36618345975875854 -0.45827534794807434 0.990566074848175
0.39049652218818665 0.9466428756713867 -0.0896715372800827 0.9205315709114075
0.6688988208770752 0.35600006580352783 -0.428284227848053 0.9902751445770264
0.4022495150566101 0.9570801854133606 -0.12795081734657288 0.9293075203895569
0.6663240194320679 0.37797173857688904 -0.3983447849750519 0.988955020904541
0.4118127226829529 0.9364449977874756 -0.08892427384853363 0.9339584112167358
0.5871919989585876 0.8192732334136963 0.0158817321062088 0.9986284971237183
0.48251432180404663 0.8307749629020691 -0.014972653239965439 0.9979363679885864
0.601504921913147 1.0978249311447144 -0.3083186447620392 0.7298299670219421
0.4831397831439972 1.0816186666488647 -0.3560123145580292 0.6939582824707031
0.6034130454063416 1.347969651222229 -0.008067223243415356 0.010484736412763596
0.47899919748306274 1.352081298828125 -0.14835013449192047 0.03629923611879349
0.6055055260658264 1.385796308517456 0.014170502312481403 0.0326787494122982
0.47535276412963867 1.3983705043792725 -0.1357932835817337 0.06317068636417389
0.5879033803939819 1.4437816143035889 -0.1666068583726883 0.0059475949965417385
0.49163344502449036 1.4328793287277222 -0.3492164611816406 0.02111324854195118
