0.5656430721282959 0.34877854585647583 -0.2761881649494171 0.9999994039535522
0.5785526633262634 0.33280813694000244 -0.24917681515216827 0.9999977350234985
0.5839036107063293 0.3360223174095154 -0.24913625419139862 0.9999986886978149
0.5888338088989258 0.33949506282806396 -0.2490701675415039 0.9999966621398926
0.5607988834381104 0.3294604420661926 -0.2568046450614929 0.9999978542327881
0.555025041103363 0.3296341896057129 -0.25689151883125305 0.9999988079071045
0.5502904653549194 0.3300188183784485 -0.2570474147796631 0.999997615814209
0.5987997055053711 0.36135783791542053 -0.11370725929737091 0.9999973773956299
0.5453221201896667 0.34841489791870117 -0.151348277926445 0.9999997615814209
0.5763171911239624 0.38151103258132935 -0.22812685370445251 0.9999988079071045
0.5519127249717712 0.3759026527404785 -0.23946960270404816 0.9999994039535522
0.6236032247543335 0.5251951217651367 -0.02420101873576641 0.9999898672103882
0.50356125831604 0.503401517868042 -0.08330134302377701 0.9999866485595703
0.6703215837478638 0.7034316658973694 -0.14149917662143707 0.9998488426208496
0.4763037860393524 0.6941673755645752 -0.08626251667737961 0.9991753697395325
0.6935098171234131 0.5206133723258972 -0.3768955171108246 0.9998859167098999
0.5039525628089905 0.8431436419487 -0.18762321770191193 0.9990878105163574
0.7030904293060303 0.4687328636646271 -0.4190325438976288 0.9994271993637085
0.5026926398277283 0.8986219763755798 -0.19804272055625916 0.9969936609268188
0.6970105767250061 0.45502784848213196 -0.395397812128067 0.9993738532066345
0.5213623046875 0.8922512531280518 -0.20943528413772583 0.9971075654029846
0.6895938515663147 0.46979352831840515 -0.3731074333190918 0.9995121955871582
0.5250203013420105 0.8745588064193726 -0.18925908207893372 0.9979732632637024
0.610928475856781 0.8391779065132141 0.004940856713801622 0.9999463558197021
0.5235406160354614 0.8478806018829346 -0.003675919957458973 0.9999352693557739
0.6129962205886841 1.0898455381393433 -0.016748469322919846 0.09479817748069763
0.5157830119132996 1.087996482849121 -0.04792033135890961 0.12682045996189117
0.6105334162712097 1.3020604848861694 0.27805376052856445 1.7274236597586423e-05
0.5215480923652649 1.2873563766479492 0.25134506821632385 3.7806559703312814e-05
0.615472674369812 1.3394386768341064 0.3022966980934143 0.00010711376671679318
0.517011821269989 1.3243610858917236 0.2778055965900421 0.0001660953275859356
0.5918083190917969 1.3886229991912842 0.1833278089761734 1.0146659406018443e-05
0.5414164662361145 1.3618184328079224 0.14374133944511414 5.0671911594690755e-05
