0.5665295720100403 0.34713491797447205 -0.2753245532512665 0.999998927116394
0.5794216990470886 0.33111637830734253 -0.2491990029811859 0.9999947547912598
0.5848554968833923 0.3336572051048279 -0.24914661049842834 0.9999972581863403
0.589717447757721 0.3371841311454773 -0.2490728199481964 0.9999926090240479
0.561607301235199 0.3289868235588074 -0.2559319734573364 0.999995231628418
0.5560258626937866 0.3293302655220032 -0.2560195326805115 0.9999974966049194
0.5514256954193115 0.32977473735809326 -0.2561894357204437 0.9999945163726807
0.6000002026557922 0.35964787006378174 -0.11496949940919876 0.999994158744812
0.5468477010726929 0.3495386838912964 -0.14750324189662933 0.9999992847442627
0.5772172808647156 0.3789268434047699 -0.22722874581813812 0.9999972581863403
0.55341637134552 0.3754439651966095 -0.23711064457893372 0.9999986886978149
0.6266202330589294 0.5231741666793823 -0.026436399668455124 0.9999825954437256
0.5061249732971191 0.5013043880462646 -0.08838222175836563 0.9999814033508301
0.6746706366539001 0.6978901624679565 -0.1646992564201355 0.9998855590820312
0.4776473641395569 0.6947388052940369 -0.12123347073793411 0.9993857145309448
0.6871550679206848 0.5014820098876953 -0.40703919529914856 0.999909520149231
0.5043274164199829 0.8432140350341797 -0.24285565316677094 0.9994032382965088
0.6948963403701782 0.43442991375923157 -0.45118972659111023 0.9994957447052002
0.5040677189826965 0.8969581127166748 -0.2580704391002655 0.9976513981819153
0.6902515888214111 0.4223306179046631 -0.42267104983329773 0.9994542002677917
0.5239028334617615 0.8912610411643982 -0.2674172818660736 0.9977541565895081
0.6842401623725891 0.4414829909801483 -0.401424765586853 0.9995941519737244
0.5271787047386169 0.8738991618156433 -0.24448879063129425 0.9984134435653687
0.6105706691741943 0.8314095139503479 0.009730924852192402 0.9999479055404663
0.5246483683586121 0.8405086398124695 -0.00850163958966732 0.9999326467514038
0.6148959398269653 1.0867362022399902 -0.01871844194829464 0.09766296297311783
0.5202093720436096 1.0805774927139282 -0.04475647211074829 0.12641765177249908
0.6130369305610657 1.2987600564956665 0.2882702648639679 1.3487462638295256e-05
0.5264687538146973 1.2852531671524048 0.25009679794311523 3.7941317714285105e-05
0.6181768774986267 1.3372176885604858 0.31381797790527344 9.877525735646486e-05
0.521731436252594 1.3247909545898438 0.2756795287132263 0.0001558271615067497
0.5942671895027161 1.3855490684509277 0.19290031492710114 8.977184734249022e-06
0.5464670658111572 1.3599306344985962 0.13629616796970367 5.0991115131182596e-05
