0.5717185735702515 0.37389010190963745 -0.21113638579845428 0.9999986886978149
0.5870319604873657 0.35537517070770264 -0.18853403627872467 0.9999915361404419
0.5933927297592163 0.3578993082046509 -0.18847210705280304 0.9999948740005493
0.5983850359916687 0.3611043691635132 -0.18842282891273499 0.9999864101409912
0.568777322769165 0.3497655391693115 -0.18830813467502594 0.9999943971633911
0.5639205574989319 0.34846067428588867 -0.18840160965919495 0.9999969005584717
0.5603336691856384 0.3472556471824646 -0.1885373741388321 0.9999939203262329
0.606701135635376 0.37621352076530457 -0.06320828944444656 0.9999914169311523
0.5567502379417419 0.36128824949264526 -0.06424260139465332 0.9999990463256836
0.5810840725898743 0.4036882817745209 -0.1649714559316635 0.9999973773956299
0.5601896047592163 0.3966170847415924 -0.16628648340702057 0.999998927116394
0.6294065117835999 0.5231232643127441 0.006337521597743034 0.9999701976776123
0.5106111168861389 0.49617791175842285 0.006388451438397169 0.9999886751174927
0.6735590696334839 0.6629679203033447 -0.14852367341518402 0.9995446801185608
0.4769582450389862 0.6860200762748718 0.0044850450940430164 0.998045802116394
0.6585447788238525 0.4370468854904175 -0.3585214912891388 0.9995517134666443
0.5048581957817078 0.8402327299118042 -0.07434891909360886 0.9974933862686157
0.6603788733482361 0.3815320134162903 -0.3998231887817383 0.9970941543579102
0.502008318901062 0.897808849811554 -0.08026807010173798 0.9909819960594177
0.65416419506073 0.37054571509361267 -0.35842636227607727 0.99649578332901
0.5212956666946411 0.8918021321296692 -0.08402694761753082 0.9911909699440002
0.649311363697052 0.3966672718524933 -0.34657952189445496 0.9973157048225403
0.5244952440261841 0.8724572658538818 -0.07325660437345505 0.9930033087730408
0.6121758222579956 0.8234191536903381 0.0006611440912820399 0.9999650716781616
0.524559497833252 0.8274549245834351 0.0004685707972384989 0.9999350309371948
0.6166989207267761 1.056694507598877 -0.1986633986234665 0.37874171137809753
0.5262092351913452 1.0718690156936646 0.03414919227361679 0.2685885727405548
0.613665759563446 1.2671014070510864 0.06643498688936234 0.00020771229173988104
0.5313606262207031 1.266596794128418 0.36289650201797485 0.0004209117032587528
0.6162725687026978 1.3074584007263184 0.0898778885602951 0.0011224332265555859
0.5277682542800903 1.3029251098632812 0.39162328839302063 0.0011342910584062338
0.5952140688896179 1.3505287170410156 -0.04864933714270592 0.00018865871243178844
0.544719398021698 1.346059799194336 0.25992411375045776 0.0004057984915561974
