0.57425856590271 0.3598838150501251 -0.3065344989299774 0.9999942779541016
0.5882387757301331 0.34347784519195557 -0.279398649930954 0.9999678134918213
0.5933901071548462 0.3454819917678833 -0.2793533205986023 0.9999833106994629
0.5984845757484436 0.348338782787323 -0.2793232798576355 0.999948263168335
0.5692886710166931 0.3400561213493347 -0.28843939304351807 0.9999741315841675
0.5633960962295532 0.33987605571746826 -0.2885531187057495 0.9999878406524658
0.5589150190353394 0.33957934379577637 -0.2887430787086487 0.999971866607666
0.6069174408912659 0.3686524033546448 -0.14115281403064728 0.9999555349349976
0.5536496639251709 0.3557029068470001 -0.18495112657546997 0.9999966621398926
0.5831980109214783 0.3898538649082184 -0.256409227848053 0.9999860525131226
0.5610412359237671 0.38454851508140564 -0.26972901821136475 0.9999948740005493
0.6285926103591919 0.5311403274536133 -0.04547329246997833 0.9999359846115112
0.5089547634124756 0.4995238184928894 -0.11582807451486588 0.9999569654464722
0.6795514822006226 0.7036867141723633 -0.16630762815475464 0.9997618794441223
0.47883957624435425 0.6902605295181274 -0.12311192601919174 0.9983571171760559
0.6708186268806458 0.4945981204509735 -0.3693879246711731 0.9998157620429993
0.5053410530090332 0.842564582824707 -0.2129671275615692 0.9986913800239563
0.6699144840240479 0.42944666743278503 -0.40699657797813416 0.998868465423584
0.503360390663147 0.8977339267730713 -0.22418886423110962 0.9947071671485901
0.6664725542068481 0.41813522577285767 -0.3695276081562042 0.9987136125564575
0.5232306718826294 0.8929718732833862 -0.23331426084041595 0.9949756860733032
0.6613973379135132 0.43830451369285583 -0.35894331336021423 0.9990523457527161
0.5274576544761658 0.8759050369262695 -0.21350787580013275 0.9964099526405334
0.6129837036132812 0.8354917168617249 0.014212914742529392 0.9999241828918457
0.5253785252571106 0.8374460935592651 -0.013138062320649624 0.9999076128005981
0.6156853437423706 1.0854331254959106 0.01842135563492775 0.07809323817491531
0.5221737027168274 1.0801355838775635 -0.05765017494559288 0.09698592126369476
0.6137806177139282 1.2905017137527466 0.3861144781112671 1.0974054930557031e-05
0.5220324993133545 1.2758296728134155 0.2850084900856018 4.606422589858994e-05
0.6182428002357483 1.329585313796997 0.41829925775527954 7.359204028034583e-05
0.5163549184799194 1.3172674179077148 0.31596243381500244 0.00017124254372902215
0.5954456925392151 1.3790879249572754 0.3039427101612091 8.8845790742198e-06
0.5407304167747498 1.3492974042892456 0.17785631120204926 6.819572445238009e-05
