0.5731451511383057 0.35533562302589417 -0.3770771920681 0.9999892711639404
0.583117663860321 0.3387634754180908 -0.34767740964889526 0.9999516010284424
0.5882729291915894 0.3400537371635437 -0.3477258086204529 0.9999654293060303
0.593416154384613 0.3415229320526123 -0.34779903292655945 0.9999055862426758
0.5641475319862366 0.3363603353500366 -0.35010549426078796 0.9999572038650513
0.5574362277984619 0.33648842573165894 -0.3503004312515259 0.9999755620956421
0.5527134537696838 0.33705955743789673 -0.3504541218280792 0.9999504089355469
0.6010351777076721 0.35935938358306885 -0.19155921041965485 0.9999327659606934
0.5448983311653137 0.35634973645210266 -0.20416413247585297 0.9999891519546509
0.5827411413192749 0.3899989128112793 -0.32044774293899536 0.999995231628418
0.5588862895965576 0.3859254717826843 -0.32451412081718445 0.9999971389770508
0.6283468008041382 0.5343735218048096 -0.09399864822626114 0.9999334812164307
0.5043145418167114 0.508034348487854 -0.12038198858499527 0.9999496936798096
0.6782413721084595 0.7416371703147888 -0.24366135895252228 0.9980745315551758
0.4746497571468353 0.6999496817588806 -0.1543041616678238 0.9968683123588562
0.6525068283081055 0.6638588309288025 -0.5691238641738892 0.9953159093856812
0.5064756274223328 0.8457631468772888 -0.3396596312522888 0.9926981329917908
0.6426876187324524 0.6316993236541748 -0.6347096562385559 0.9845439791679382
0.5071336030960083 0.8971739411354065 -0.376398503780365 0.9797223210334778
0.6388057470321655 0.6050897836685181 -0.6087689995765686 0.9846177101135254
0.5253177881240845 0.8934443593025208 -0.3876538872718811 0.9811754822731018
0.6377667784690857 0.6131539344787598 -0.5642949342727661 0.9819989204406738
0.5274538397789001 0.8764542937278748 -0.3434973955154419 0.980554461479187
0.6112929582595825 0.8306087851524353 -0.003912574611604214 0.9996956586837769
0.5241056084632874 0.8331500887870789 0.00443710433319211 0.9996341466903687
0.6193364858627319 1.0624054670333862 -0.24868114292621613 0.665459394454956
0.5066601037979126 1.0685577392578125 -0.17855362594127655 0.7241573333740234
0.6117057204246521 1.2401723861694336 0.1645810455083847 0.0058293091133236885
0.5124981999397278 1.227562665939331 0.26749563217163086 0.009438500739634037
0.6090608835220337 1.273606538772583 0.20043888688087463 0.02120112255215645
0.5140040516853333 1.2555922269821167 0.30764761567115784 0.015807630494236946
0.6087286472320557 1.324514627456665 0.06805960088968277 0.004707639571279287
0.5152199864387512 1.3095020055770874 0.17565825581550598 0.00861441157758236
