0.5405830144882202 0.3551632761955261 -0.37957632541656494 0.9999890327453613
0.5475647449493408 0.3333251476287842 -0.35834255814552307 0.9999805688858032
0.5520510077476501 0.33399438858032227 -0.35837918519973755 0.9999892711639404
0.5573850274085999 0.3350677490234375 -0.35845860838890076 0.9999768733978271
0.5310447812080383 0.3329179883003235 -0.36365458369255066 0.9999768733978271
0.5242847204208374 0.3338890075683594 -0.3638231158256531 0.999987006187439
0.5188857316970825 0.33570998907089233 -0.36396536231040955 0.9999756813049316
0.5634872317314148 0.3470582365989685 -0.2093801647424698 0.9999914169311523
0.5088744163513184 0.349109411239624 -0.23674733936786652 0.9999947547912598
0.5492017865180969 0.3849850594997406 -0.32061871886253357 0.9999866485595703
0.5299939513206482 0.38602617383003235 -0.32915276288986206 0.9999901056289673
0.6024639010429382 0.4898918867111206 -0.09154042601585388 0.9999260902404785
0.46079179644584656 0.499606728553772 -0.12259992957115173 0.9998979568481445
0.6303199529647827 0.7004479169845581 -0.1973474621772766 0.9990785121917725
0.4365308880805969 0.6979193687438965 -0.2260025590658188 0.9983526468276978
0.6093534827232361 0.551943302154541 -0.4845722019672394 0.9995102882385254
0.47795647382736206 0.694954514503479 -0.4886241853237152 0.9991305470466614
0.6088680028915405 0.5077720880508423 -0.5385938286781311 0.9986830353736877
0.4964911639690399 0.6924474239349365 -0.5364545583724976 0.9973635077476501
0.6115322113037109 0.47204524278640747 -0.5204312801361084 0.9985764026641846
0.49342280626296997 0.6600161790847778 -0.521751344203949 0.9972858428955078
0.6089597940444946 0.49381595849990845 -0.48215267062187195 0.9985907673835754
0.4892174303531647 0.6575901508331299 -0.48547011613845825 0.9972092509269714
0.5879936814308167 0.8096536993980408 0.009884187020361423 0.9998490810394287
0.48711034655570984 0.81600022315979 -0.008977528661489487 0.9997814297676086
0.6387507915496826 1.0124993324279785 -0.08737179636955261 0.7328402400016785
0.4804413616657257 1.0976181030273438 -0.050061650574207306 0.7542892098426819
0.6175660490989685 1.2868824005126953 0.2994038462638855 0.001522736856713891
0.4819181561470032 1.304985761642456 0.28095874190330505 0.0039112200029194355
0.6193806529045105 1.322260856628418 0.33467718958854675 0.00511004077270627
0.47948598861694336 1.3414808511734009 0.310421884059906 0.006891550030559301
0.6082567572593689 1.3814105987548828 0.20889797806739807 0.000527789699845016
0.49822089076042175 1.3848602771759033 0.16292530298233032 0.0015029085334390402
