0.5481227040290833 0.3223007917404175 -0.4352791905403137 0.9999704360961914
0.5544039011001587 0.3003270626068115 -0.40417173504829407 0.9999310970306396
0.5588162541389465 0.3002326488494873 -0.4042713940143585 0.9999498128890991
0.5634093880653381 0.3001670241355896 -0.40447622537612915 0.9999210834503174
0.5383519530296326 0.30156707763671875 -0.4083806276321411 0.9999041557312012
0.5324451923370361 0.302221417427063 -0.40839195251464844 0.9999104738235474
0.5267733335494995 0.3025851845741272 -0.40848276019096375 0.9998569488525391
0.570079505443573 0.31260621547698975 -0.22381292283535004 0.9999337196350098
0.5176382064819336 0.31852537393569946 -0.24792589247226715 0.9999600648880005
0.5571160912513733 0.34683945775032043 -0.3676101565361023 0.9999908208847046
0.5368483662605286 0.3462871313095093 -0.37514108419418335 0.999994158744812
0.6044713854789734 0.45501333475112915 -0.1397876739501953 0.9999792575836182
0.47655922174453735 0.47345080971717834 -0.11736045032739639 0.9998936653137207
0.6409637331962585 0.6255692839622498 -0.348702996969223 0.9979952573776245
0.4531004726886749 0.6739990711212158 -0.07181961089372635 0.9317619204521179
0.6078574061393738 0.429616242647171 -0.6714824438095093 0.9978187084197998
0.4348227083683014 0.8529670238494873 -0.19237981736660004 0.8579896688461304
0.6082473397254944 0.3799963891506195 -0.7346841096878052 0.9915538430213928
0.42081519961357117 0.9090899229049683 -0.2118801474571228 0.7862191796302795
0.6070923209190369 0.3696865141391754 -0.7072509527206421 0.9906126260757446
0.42852964997291565 0.910172700881958 -0.24907389283180237 0.8012745380401611
0.6045886874198914 0.3900943696498871 -0.6666793823242188 0.9838899374008179
0.43694189190864563 0.8922175765037537 -0.20729714632034302 0.7852753400802612
0.5912675857543945 0.775525689125061 0.006594725884497166 0.9990390539169312
0.49808624386787415 0.7771010994911194 -0.0063026766292750835 0.997880220413208
0.6240179538726807 0.9646514654159546 -0.43202856183052063 0.7874189019203186
0.4867677390575409 0.9424610733985901 -0.4833841919898987 0.7105757594108582
0.6144577264785767 1.0438288450241089 0.04133901745080948 0.03674830123782158
0.5115569233894348 1.0761027336120605 -0.0592319630086422 0.05106937885284424
0.612177312374115 1.0462415218353271 0.08766879141330719 0.09663379937410355
0.5147040486335754 1.090449333190918 -0.019008124247193336 0.06814929097890854
0.6093710660934448 1.1112172603607178 -0.02236042357981205 0.038092806935310364
0.5273445844650269 1.14793062210083 -0.1681196093559265 0.04335091635584831
