0.548134446144104 0.3194793462753296 -0.4035174250602722 0.999966025352478
0.5540177822113037 0.29868656396865845 -0.3731362223625183 0.9999328851699829
0.5580705404281616 0.2987293004989624 -0.373230516910553 0.9999483823776245
0.5627880692481995 0.2988350987434387 -0.3734184205532074 0.9999271631240845
0.5387076735496521 0.2994614839553833 -0.3782857656478882 0.9999083280563354
0.5326640605926514 0.29988807439804077 -0.37828919291496277 0.9999071359634399
0.5272481441497803 0.3006114363670349 -0.3783813714981079 0.9998624324798584
0.5692442655563354 0.312383770942688 -0.19812417030334473 0.9999374151229858
0.5176121592521667 0.31645703315734863 -0.225680410861969 0.9999544620513916
0.5565096735954285 0.3454158306121826 -0.3379090130329132 0.9999890327453613
0.5365726351737976 0.3443857729434967 -0.3462737798690796 0.9999924898147583
0.6038787961006165 0.45409998297691345 -0.11680389940738678 0.999980092048645
0.4768146276473999 0.47033512592315674 -0.10894216597080231 0.999897837638855
0.6390389204025269 0.6203374862670898 -0.32748737931251526 0.9975244402885437
0.4530933201313019 0.6710280179977417 -0.07227233797311783 0.9365932941436768
0.6083692908287048 0.41699108481407166 -0.6579967141151428 0.9977157115936279
0.4356064796447754 0.8486282229423523 -0.1883424073457718 0.8799930214881897
0.6098363399505615 0.3666614294052124 -0.7220327854156494 0.9915728569030762
0.4221838116645813 0.9057297706604004 -0.20500901341438293 0.8158556818962097
0.6079279780387878 0.3567264676094055 -0.6926013827323914 0.9907003045082092
0.4301411807537079 0.9079866409301758 -0.24213333427906036 0.8308014273643494
0.6048265099525452 0.37782037258148193 -0.6531311869621277 0.9848544597625732
0.438043475151062 0.8899537920951843 -0.20296025276184082 0.8191218376159668
0.5899864435195923 0.7780500650405884 0.010673513635993004 0.9992056488990784
0.4981094300746918 0.7827097177505493 -0.010413618758320808 0.9981410503387451
0.6283336281776428 0.9706392884254456 -0.41805300116539 0.7994722127914429
0.4942144453525543 0.9696744680404663 -0.4288025498390198 0.6721941828727722
0.6140970587730408 1.0550487041473389 0.029676366597414017 0.03269040957093239
0.5196515321731567 1.102300763130188 -0.03447464480996132 0.030815202742815018
0.6105912923812866 1.0545148849487305 0.07450565695762634 0.08534755557775497
0.5216199159622192 1.116316556930542 0.003396349959075451 0.04535863921046257
0.6032300591468811 1.1265668869018555 -0.023689400404691696 0.03372621908783913
0.5374908447265625 1.1729804277420044 -0.12968595325946808 0.028790518641471863
