0.5468761920928955 0.320626437664032 -0.3663855791091919 0.999990701675415
0.5523598790168762 0.29883259534835815 -0.3362397849559784 0.9999779462814331
0.5566492676734924 0.29842859506607056 -0.33631643652915955 0.999983549118042
0.5611384510993958 0.2979635000228882 -0.33649927377700806 0.999975323677063
0.5369300246238708 0.30050885677337646 -0.3419501483440399 0.999966025352478
0.5307571291923523 0.3014039993286133 -0.3419148027896881 0.9999672174453735
0.5252681970596313 0.3023676872253418 -0.34202665090560913 0.9999508857727051
0.5666114091873169 0.3113059997558594 -0.16158540546894073 0.9999761581420898
0.5151476860046387 0.31937503814697266 -0.19223332405090332 0.9999862909317017
0.5555021166801453 0.34625399112701416 -0.3003416061401367 0.9999958276748657
0.5365887880325317 0.34689846634864807 -0.3097594976425171 0.9999970197677612
0.6031363010406494 0.4546997845172882 -0.0713886022567749 0.9999865293502808
0.4751969575881958 0.47337234020233154 -0.07087817788124084 0.9999206066131592
0.6348342895507812 0.6234618425369263 -0.2755030691623688 0.9956846237182617
0.45356276631355286 0.67252516746521 -0.030853373929858208 0.9322145581245422
0.605762243270874 0.41642171144485474 -0.6023700833320618 0.9966368675231934
0.43607819080352783 0.8483061790466309 -0.13152943551540375 0.8858590126037598
0.6085987687110901 0.3622938394546509 -0.6692593097686768 0.9873628616333008
0.42081546783447266 0.9065264463424683 -0.14679937064647675 0.8083606362342834
0.6073853969573975 0.3522113263607025 -0.6410818099975586 0.9866529107093811
0.42765286564826965 0.908149003982544 -0.1890915483236313 0.824833333492279
0.60396808385849 0.3717426657676697 -0.5987581014633179 0.9783721566200256
0.43663251399993896 0.8899334669113159 -0.1478126496076584 0.8126528859138489
0.5915518403053284 0.7762296795845032 0.009373115375638008 0.9989582300186157
0.4979497492313385 0.7778766751289368 -0.00896777305752039 0.9971854090690613
0.6281436681747437 0.9700257182121277 -0.4854057729244232 0.717570960521698
0.48384711146354675 0.9539567828178406 -0.5070322751998901 0.675450325012207
0.6201638579368591 1.1419308185577393 -0.16112515330314636 0.05025763437151909
0.48817527294158936 1.1541814804077148 -0.21112826466560364 0.061090804636478424
0.6164158582687378 1.1651766300201416 -0.13372516632080078 0.1366424709558487
0.4896663725376129 1.1841787099838257 -0.1864667534828186 0.08943283557891846
0.6217855215072632 1.2124286890029907 -0.29263198375701904 0.0449443943798542
0.4933054745197296 1.226900339126587 -0.3666819632053375 0.04760900139808655
