0.5391573309898376 0.3702601194381714 -0.4948452115058899 0.9997425675392151
0.5475541949272156 0.3455193042755127 -0.4682348668575287 0.9998598098754883
0.5520873665809631 0.34621191024780273 -0.4682627022266388 0.9998113512992859
0.5565256476402283 0.3466954231262207 -0.468452513217926 0.9998511075973511
0.528410792350769 0.34506189823150635 -0.47115108370780945 0.9998936653137207
0.521416425704956 0.34527987241744995 -0.47113439440727234 0.999853253364563
0.5147063136100769 0.34597963094711304 -0.4711827337741852 0.9998800754547119
0.5625192523002625 0.3595213294029236 -0.3106312155723572 0.9998519420623779
0.5065712928771973 0.35928040742874146 -0.32242250442504883 0.9998924732208252
0.5483334064483643 0.4007430970668793 -0.4352257549762726 0.9999432563781738
0.5271426439285278 0.40247535705566406 -0.43868884444236755 0.9999569654464722
0.6064197421073914 0.4997962713241577 -0.2401861846446991 0.9997519850730896
0.4613965153694153 0.4981108009815216 -0.2650577127933502 0.9997244477272034
0.6589528918266296 0.6727645397186279 -0.4293467700481415 0.9961745738983154
0.4095056653022766 0.6643387079238892 -0.49964210391044617 0.9939616322517395
0.5853869915008545 0.5909644365310669 -0.7299360036849976 0.989477813243866
0.5010706186294556 0.5849625468254089 -0.7627308964729309 0.9853982925415039
0.5626789927482605 0.5818955898284912 -0.7904205322265625 0.9707128405570984
0.5255048871040344 0.5816963911056519 -0.8196336030960083 0.9555599093437195
0.5590240955352783 0.5552439093589783 -0.766277551651001 0.9668110013008118
0.5270721316337585 0.5546677708625793 -0.7865874767303467 0.9452636241912842
0.5607532262802124 0.5562634468078613 -0.7242969274520874 0.9478902816772461
0.5227270722389221 0.5552388429641724 -0.7526048421859741 0.9250516295433044
0.5961883664131165 0.8191241025924683 0.01292070746421814 0.9973430037498474
0.48772886395454407 0.8335779309272766 -0.013029605150222778 0.9974566102027893
0.6949318051338196 0.9907198548316956 -0.1491185575723648 0.9479843378067017
0.40377652645111084 1.009744644165039 -0.15051372349262238 0.9022305607795715
0.615202784538269 0.9451015591621399 0.2823212444782257 0.05537588149309158
0.46277478337287903 0.9793941974639893 0.2325548529624939 0.03775190934538841
0.5968846082687378 0.9131444692611694 0.3322128653526306 0.0515546090900898
0.4729698598384857 0.9659072160720825 0.2775973677635193 0.039222851395606995
0.5976325869560242 0.9852224588394165 0.33785390853881836 0.03395127132534981
0.4695456922054291 0.9955134391784668 0.27329355478286743 0.021663295105099678
