0.5358837246894836 0.37145060300827026 -0.45899122953414917 0.9997676014900208
0.5449761748313904 0.34669363498687744 -0.4314456284046173 0.9998761415481567
0.5497546792030334 0.34760141372680664 -0.4314345717430115 0.9998252987861633
0.5541708469390869 0.3483620285987854 -0.4316255748271942 0.9998705387115479
0.5255527496337891 0.34627634286880493 -0.4335253834724426 0.999893069267273
0.518853485584259 0.3461872935295105 -0.4334894120693207 0.9998337030410767
0.512639582157135 0.3470282554626465 -0.4335387647151947 0.9998693466186523
0.5614984631538391 0.36196863651275635 -0.2807486355304718 0.999861478805542
0.5056660175323486 0.36121535301208496 -0.2886267304420471 0.999890923500061
0.5456265211105347 0.4053284823894501 -0.402598112821579 0.9999587535858154
0.5238788723945618 0.4062044024467468 -0.4048478305339813 0.999963641166687
0.5997080206871033 0.4985794723033905 -0.22945187985897064 0.9997466206550598
0.46248677372932434 0.49607810378074646 -0.2500404715538025 0.9995458722114563
0.6582788825035095 0.6625503301620483 -0.4360228180885315 0.9973511695861816
0.4083804190158844 0.6557483673095703 -0.516718327999115 0.9961491823196411
0.5892922282218933 0.5507375001907349 -0.6949481964111328 0.9949775338172913
0.4960762560367584 0.5534383058547974 -0.7510489821434021 0.9920151233673096
0.5691909790039062 0.5265196561813354 -0.7441513538360596 0.9836840629577637
0.5160689353942871 0.531909704208374 -0.7996955513954163 0.9706236124038696
0.5667170286178589 0.5080134868621826 -0.7112961411476135 0.9808580279350281
0.5185222625732422 0.5132112503051758 -0.7579827904701233 0.9618344902992249
0.5679622888565063 0.5174452066421509 -0.6850517988204956 0.9709761738777161
0.5167604088783264 0.5221136808395386 -0.7376053333282471 0.9480928778648376
0.5936039090156555 0.8213877081871033 0.01313413679599762 0.9960429668426514
0.4885144829750061 0.8311299085617065 -0.01325196586549282 0.9942197799682617
0.6937984824180603 0.9906491041183472 -0.2515306770801544 0.9637694954872131
0.40780109167099 1.0112693309783936 -0.22472362220287323 0.911163330078125
0.6033349633216858 0.9727272391319275 0.1727161556482315 0.07984587550163269
0.47608909010887146 0.9795297980308533 0.14214511215686798 0.038757871836423874
0.5863374471664429 0.9465335011482239 0.22162434458732605 0.07130460441112518
0.48754242062568665 0.9621663689613342 0.18526700139045715 0.04387333244085312
0.5801573395729065 1.0215272903442383 0.2269240915775299 0.04796631261706352
0.4919932186603546 1.0125259160995483 0.178714781999588 0.024054603651165962
