0.541724443435669 0.36271870136260986 -0.186815083026886 0.9999856948852539
0.5482847690582275 0.3407783508300781 -0.15835203230381012 0.9999916553497314
0.5529525876045227 0.3417184352874756 -0.15842141211032867 0.9999878406524658
0.5575699210166931 0.34305188059806824 -0.15857979655265808 0.9999879598617554
0.5311368703842163 0.3404364287853241 -0.16649609804153442 0.9999920129776001
0.5234106779098511 0.341299444437027 -0.16644860804080963 0.9999866485595703
0.5168231129646301 0.3428554832935333 -0.16653884947299957 0.9999885559082031
0.5639433264732361 0.3581885099411011 -0.008568612858653069 0.9999886751174927
0.5065240859985352 0.358412504196167 -0.05046482011675835 0.9999970197677612
0.549494206905365 0.39399781823158264 -0.1301795244216919 0.9999953508377075
0.5283098220825195 0.3944477438926697 -0.14266251027584076 0.9999982118606567
0.5953687429428101 0.49628859758377075 0.06302376836538315 0.9999173879623413
0.4611678719520569 0.4968091547489166 0.004219702444970608 0.9999008178710938
0.6267105937004089 0.6752941012382507 -0.08327000588178635 0.9901766180992126
0.42427879571914673 0.6721108555793762 -0.09014879167079926 0.9819584488868713
0.5955265164375305 0.4961506724357605 -0.35293447971343994 0.9956609606742859
0.48448997735977173 0.7431921362876892 -0.25668787956237793 0.9471434354782104
0.5878528952598572 0.4351685643196106 -0.4077587425708771 0.9883538484573364
0.5049190521240234 0.7719302177429199 -0.2875010073184967 0.8867402672767639
0.5869611501693726 0.4260914921760559 -0.3814239501953125 0.9867846369743347
0.5138217806816101 0.74492347240448 -0.28484243154525757 0.8793225884437561
0.5844539403915405 0.4402362108230591 -0.34798985719680786 0.9790552258491516
0.5095762014389038 0.7328032851219177 -0.25535523891448975 0.859140932559967
0.5892730951309204 0.806015133857727 0.015825454145669937 0.9996726512908936
0.48853394389152527 0.8205194473266602 -0.015754710882902145 0.999248206615448
0.6888752579689026 0.9708549380302429 -0.18070103228092194 0.9762541055679321
0.41632434725761414 1.0221458673477173 -0.13303051888942719 0.9233689904212952
0.6266869306564331 1.1389503479003906 0.09515101462602615 0.46357712149620056
0.5031319260597229 1.094711184501648 0.2159976065158844 0.10756569355726242
0.6077642440795898 1.1503691673278809 0.12509454786777496 0.4994334578514099
0.5162255764007568 1.0946677923202515 0.2545870840549469 0.14926376938819885
0.6370788812637329 1.2255065441131592 0.05885940417647362 0.36004355549812317
0.5091626048088074 1.144606351852417 0.21455243229866028 0.06430721282958984
