0.540996789932251 0.3641427755355835 -0.17226041853427887 0.9999905824661255
0.5481802821159363 0.34354957938194275 -0.14363962411880493 0.9999939203262329
0.5528544783592224 0.34453102946281433 -0.14372028410434723 0.9999916553497314
0.5576366186141968 0.3457386791706085 -0.1438921093940735 0.9999921321868896
0.5312965512275696 0.34068456292152405 -0.15132957696914673 0.9999943971633911
0.5237220525741577 0.3404845893383026 -0.15127557516098022 0.9999911785125732
0.5174083113670349 0.3414802849292755 -0.151389017701149 0.9999924898147583
0.5647076964378357 0.3609522581100464 0.0010177826043218374 0.9999914169311523
0.5072644352912903 0.3566025197505951 -0.03919478505849838 0.999997615814209
0.5487698912620544 0.3968193531036377 -0.11776520311832428 0.9999959468841553
0.5289239883422852 0.3966001868247986 -0.1297736018896103 0.9999984502792358
0.5953959822654724 0.4949326813220978 0.06252846866846085 0.9999216794967651
0.46024665236473083 0.49803444743156433 0.0157052930444479 0.999903678894043
0.6272428631782532 0.6776456236839294 -0.09326769411563873 0.9901536107063293
0.4239598214626312 0.671596884727478 -0.08527424186468124 0.9799224138259888
0.5987489223480225 0.503655731678009 -0.3747020661830902 0.9955440163612366
0.4838944673538208 0.7409194707870483 -0.25288987159729004 0.9489821195602417
0.5916975140571594 0.4484231173992157 -0.4307021200656891 0.9882280230522156
0.5040971636772156 0.7698736190795898 -0.283001571893692 0.891510009765625
0.5903934240341187 0.43721041083335876 -0.4029560089111328 0.986951470375061
0.5138317346572876 0.7435278296470642 -0.2766211926937103 0.8855355978012085
0.5877009630203247 0.45357054471969604 -0.3693896234035492 0.9791136384010315
0.5097107291221619 0.731050968170166 -0.25012946128845215 0.8648146390914917
0.5928016901016235 0.8045828342437744 0.011352108791470528 0.9994396567344666
0.4903152585029602 0.8209193348884583 -0.01129150390625 0.9990599751472473
0.6908427476882935 0.9762281775474548 -0.1719476729631424 0.9747214913368225
0.4177476763725281 1.0255290269851685 -0.1229209378361702 0.9312599301338196
0.6295740008354187 1.139816403388977 0.12041154503822327 0.41465747356414795
0.49924859404563904 1.1408793926239014 0.21509692072868347 0.14273716509342194
0.6120617985725403 1.151103138923645 0.1523316353559494 0.4334050118923187
0.5113356113433838 1.1455016136169434 0.2524781823158264 0.1637900322675705
0.6366519331932068 1.2296628952026367 0.08955538272857666 0.2937992811203003
0.5048193335533142 1.2051787376403809 0.20610608160495758 0.06940162926912308
