0.5516374111175537 0.3479153513908386 -0.21054215729236603 0.9999674558639526
0.5601955652236938 0.32898223400115967 -0.18581390380859375 0.9999029636383057
0.565674364566803 0.3298092484474182 -0.18576322495937347 0.9999475479125977
0.57096266746521 0.33076590299606323 -0.18574872612953186 0.9998975992202759
0.5418177247047424 0.3287297487258911 -0.18956398963928223 0.9998996257781982
0.5353124737739563 0.3299012780189514 -0.18961648643016815 0.9999395608901978
0.5295553803443909 0.3319079279899597 -0.189789280295372 0.9998958110809326
0.581647515296936 0.34993976354599 -0.06293138116598129 0.9999371767044067
0.5224154591560364 0.3524791896343231 -0.08052056282758713 0.9999768733978271
0.56390780210495 0.37934795022010803 -0.16588221490383148 0.9999839067459106
0.5409653186798096 0.380881130695343 -0.17149975895881653 0.9999884366989136
0.6210961937904358 0.48782190680503845 -0.01619565300643444 0.9999812841415405
0.4863879382610321 0.5030986666679382 -0.02175644412636757 0.9999749660491943
0.6717602610588074 0.6901237964630127 -0.19169454276561737 0.9998714923858643
0.47329843044281006 0.696038007736206 -0.04282207787036896 0.9976456761360168
0.6024087071418762 0.5873724222183228 -0.48190635442733765 0.9996724128723145
0.5149661898612976 0.8450730443000793 -0.17344903945922852 0.9946414232254028
0.5816749930381775 0.5638512969017029 -0.5393781661987305 0.9980668425559998
0.5219290256500244 0.8978736400604248 -0.19980818033218384 0.9817253947257996
0.5805564522743225 0.5360060930252075 -0.5052422881126404 0.9979928731918335
0.5373871326446533 0.877596914768219 -0.2080242931842804 0.9836349487304688
0.5836220383644104 0.5394360423088074 -0.4737454950809479 0.9980720281600952
0.5367512106895447 0.8597264885902405 -0.17694507539272308 0.9868637323379517
0.6196318864822388 0.8055083751678467 0.006929075811058283 0.9998632669448853
0.527661919593811 0.8167904019355774 -0.005601940210908651 0.9998389482498169
0.6231848001480103 1.058952808380127 -0.04009388014674187 0.3213631808757782
0.5331747531890869 1.058760166168213 -0.019409971311688423 0.2312617152929306
0.629593014717102 1.2594995498657227 0.2657080888748169 8.038234227569774e-05
0.5400997996330261 1.267627239227295 0.2401285320520401 0.00017482199473306537
0.6342166066169739 1.2976011037826538 0.2914315164089203 0.0005121011636219919
0.5384250283241272 1.3143196105957031 0.2598033845424652 0.00041183081339113414
0.6187439560890198 1.348394751548767 0.1564541757106781 6.160335033200681e-05
0.5553424954414368 1.337202548980713 0.09669969975948334 0.00019262454588897526
