0.5575376152992249 0.3511929512023926 -0.37190428376197815 0.9999940395355225
0.5658856630325317 0.33277565240859985 -0.34586068987846375 0.9999701976776123
0.5713225603103638 0.3336813747882843 -0.3457828760147095 0.9999829530715942
0.576368510723114 0.33470872044563293 -0.34581056237220764 0.9999510049819946
0.5488542318344116 0.3322807848453522 -0.3539904057979584 0.9999744892120361
0.5423909425735474 0.33322882652282715 -0.3540683090686798 0.9999850988388062
0.5370808839797974 0.3345573842525482 -0.35422080755233765 0.9999659061431885
0.5843689441680908 0.3475271761417389 -0.19246871769428253 0.9999792575836182
0.5296515226364136 0.35134923458099365 -0.23170500993728638 0.9999947547912598
0.5688260197639465 0.38077738881111145 -0.31334561109542847 0.9999912977218628
0.5473335981369019 0.38009265065193176 -0.3252336084842682 0.9999961853027344
0.6185469031333923 0.4848270118236542 -0.09080753475427628 0.9999130964279175
0.4883071482181549 0.49401065707206726 -0.14796525239944458 0.9998509883880615
0.6830022931098938 0.6110681295394897 -0.2528870701789856 0.9995736479759216
0.47439461946487427 0.6835765838623047 -0.22990261018276215 0.9932350516319275
0.6383236646652222 0.41520771384239197 -0.4936518371105194 0.9991821646690369
0.5108722448348999 0.8479005694389343 -0.4004233479499817 0.9904194474220276
0.6316041350364685 0.3551873564720154 -0.5437156558036804 0.9942678213119507
0.5171465873718262 0.9027997255325317 -0.42651936411857605 0.9701234698295593
0.6268417835235596 0.34684181213378906 -0.5065991878509521 0.9941288232803345
0.5320523977279663 0.8838207125663757 -0.4355422556400299 0.9724718332290649
0.6253591179847717 0.36843132972717285 -0.4833061397075653 0.9937629103660583
0.5323812961578369 0.8643457293510437 -0.403170108795166 0.9711883068084717
0.6118046641349792 0.7816584706306458 0.008281444199383259 0.9995618462562561
0.5227762460708618 0.7926900386810303 -0.007498682010918856 0.9993115663528442
0.6375953555107117 1.0221925973892212 -0.21719451248645782 0.834457516670227
0.5095658898353577 1.0231215953826904 -0.1442658007144928 0.7714111804962158
0.6264857053756714 1.2038886547088623 0.1277746707201004 0.004434217698872089
0.5262861251831055 1.2243781089782715 0.1498529464006424 0.014163888059556484
0.6243336796760559 1.2355031967163086 0.15684184432029724 0.031142760068178177
0.5300914645195007 1.2644085884094238 0.17204366624355316 0.021024083718657494
0.6202889084815979 1.299362063407898 0.018387941643595695 0.005483454558998346
0.5330293774604797 1.3011988401412964 0.01747119054198265 0.010763054713606834
