0.555080771446228 0.34837186336517334 -0.4665106534957886 0.9999915361404419
0.5647837519645691 0.32978692650794983 -0.4426228702068329 0.9999610185623169
0.5701908469200134 0.33066627383232117 -0.442593514919281 0.9999785423278809
0.575570821762085 0.3316138684749603 -0.4426825940608978 0.9999408721923828
0.5463554859161377 0.32943281531333923 -0.44750547409057617 0.9999580383300781
0.5389916896820068 0.33032098412513733 -0.44762033224105835 0.9999748468399048
0.5331122279167175 0.33166080713272095 -0.4477371573448181 0.999937891960144
0.5837882161140442 0.3486816883087158 -0.28645408153533936 0.9999687671661377
0.5250736474990845 0.350067138671875 -0.3129958510398865 0.9999898672103882
0.5652621388435364 0.3801352083683014 -0.40622907876968384 0.9999915361404419
0.543688178062439 0.37965476512908936 -0.41460052132606506 0.9999957084655762
0.6190105676651001 0.47388073801994324 -0.17721766233444214 0.9999315738677979
0.4864458739757538 0.4938720762729645 -0.18960432708263397 0.9998676776885986
0.6770927309989929 0.6428456902503967 -0.3653625547885895 0.998798131942749
0.47384852170944214 0.6974934339523315 -0.21546997129917145 0.9868812561035156
0.6306019425392151 0.4623788595199585 -0.6577113270759583 0.9965950846672058
0.5125589966773987 0.8531054258346558 -0.3580016493797302 0.9674968719482422
0.6225026249885559 0.4277055263519287 -0.713733971118927 0.9829555749893188
0.5189511179924011 0.9022100567817688 -0.3773723542690277 0.9111634492874146
0.6110541820526123 0.42018672823905945 -0.6786960363388062 0.9827361106872559
0.5337328314781189 0.8889106512069702 -0.38824665546417236 0.9174242615699768
0.6093789935112 0.4256424605846405 -0.6479769945144653 0.9787330031394958
0.5337057113647461 0.8711440563201904 -0.3599826991558075 0.906930685043335
0.6098219156265259 0.7692883610725403 0.001680560759268701 0.9995179176330566
0.5233550667762756 0.7860038876533508 -0.0011474729981273413 0.9990027546882629
0.6358397603034973 1.0092308521270752 -0.2391953319311142 0.738566517829895
0.5158313512802124 1.019951343536377 -0.1418454498052597 0.7856078743934631
0.6277264952659607 1.1956405639648438 0.11655127257108688 0.006695986725389957
0.5360665917396545 1.210071325302124 0.1960194855928421 0.022479591891169548
0.6243381500244141 1.2266958951950073 0.1472647786140442 0.0390191376209259
0.5400570631027222 1.2437856197357178 0.2231292575597763 0.028569815680384636
0.6281028985977173 1.2915620803833008 0.002691874513402581 0.007853380404412746
0.5468795895576477 1.2929589748382568 0.07103858143091202 0.015670090913772583
