0.555054247379303 0.34197884798049927 -0.4169560670852661 0.9999949932098389
0.5644878149032593 0.3241621255874634 -0.39022600650787354 0.9999865293502808
0.569936215877533 0.32514482736587524 -0.3902692198753357 0.9999864101409912
0.5752850770950317 0.3263489007949829 -0.3904261887073517 0.9999839067459106
0.5449066162109375 0.323724627494812 -0.39072972536087036 0.9999862909317017
0.5381027460098267 0.32461071014404297 -0.3908710777759552 0.9999889135360718
0.5323772430419922 0.3262796998023987 -0.39105769991874695 0.9999895095825195
0.5853189826011658 0.346061110496521 -0.24184063076972961 0.9999898672103882
0.5245823264122009 0.3479618430137634 -0.2440398782491684 0.9999940395355225
0.567227303981781 0.3761734366416931 -0.3618534207344055 0.9999991655349731
0.5422220826148987 0.3760074973106384 -0.3625814616680145 0.9999995231628418
0.6248911619186401 0.4887219965457916 -0.16105762124061584 0.9999701976776123
0.4848771095275879 0.49976128339767456 -0.19087505340576172 0.9999402761459351
0.6550130248069763 0.690567135810852 -0.15972118079662323 0.9963778853416443
0.4791688919067383 0.7085199356079102 -0.23076899349689484 0.9970302581787109
0.6339578032493591 0.8460947871208191 -0.3077770471572876 0.9833574891090393
0.5262579321861267 0.8659852147102356 -0.3682219684123993 0.9873142838478088
0.630905270576477 0.9003556966781616 -0.35952600836753845 0.9533204436302185
0.5341478586196899 0.9243744611740112 -0.4180969297885895 0.9647868871688843
0.6135909557342529 0.8853566646575928 -0.37726953625679016 0.9586360454559326
0.552273154258728 0.9068859815597534 -0.43275731801986694 0.9677073359489441
0.6101862788200378 0.8698814511299133 -0.31691616773605347 0.9574996829032898
0.5520097613334656 0.886360228061676 -0.3752281367778778 0.9606975317001343
0.6100894212722778 0.8145763278007507 0.008745577186346054 0.9996880292892456
0.5132514834403992 0.826469361782074 -0.008295075036585331 0.9995960593223572
0.641461968421936 1.057828426361084 -0.3985553979873657 0.8958721160888672
0.4996717572212219 1.0319122076034546 -0.4214378595352173 0.929102897644043
0.6251167058944702 1.2416608333587646 0.009511449374258518 0.19664907455444336
0.5286796689033508 1.2499526739120483 -0.08764403313398361 0.4213906526565552
0.6198802590370178 1.2673488855361938 0.04397493228316307 0.3225397765636444
0.5350582599639893 1.2792874574661255 -0.058585721999406815 0.26585814356803894
0.6262902021408081 1.3383890390396118 -0.10347960889339447 0.18160761892795563
0.5370136499404907 1.347879409790039 -0.2277754694223404 0.31035587191581726
