0.5545915961265564 0.342077374458313 -0.44542089104652405 0.9999676942825317
0.56442791223526 0.3242625594139099 -0.4158504903316498 0.9999072551727295
0.5699880123138428 0.3250423073768616 -0.4159334599971771 0.9999099969863892
0.5753712058067322 0.3261104226112366 -0.41609492897987366 0.9998809099197388
0.5447248816490173 0.32422691583633423 -0.41666078567504883 0.9999076128005981
0.5380614995956421 0.3250402808189392 -0.4168066084384918 0.9999217987060547
0.5329524278640747 0.32680976390838623 -0.41698649525642395 0.999916672706604
0.5856645107269287 0.3455531597137451 -0.2613985538482666 0.999916672706604
0.5246864557266235 0.34848588705062866 -0.26656895875930786 0.9999504089355469
0.5674551725387573 0.37692445516586304 -0.38884633779525757 0.9999967813491821
0.542243242263794 0.3756956160068512 -0.3903956115245819 0.9999982118606567
0.6262364983558655 0.48952072858810425 -0.18630872666835785 0.9998753070831299
0.48574352264404297 0.5020091533660889 -0.21986274421215057 0.9998323917388916
0.6547946929931641 0.6899434328079224 -0.20984241366386414 0.9937019348144531
0.4850088059902191 0.7144508361816406 -0.2601373791694641 0.9959420561790466
0.6312493085861206 0.8430928587913513 -0.3433239758014679 0.9667297601699829
0.5434388518333435 0.8810960650444031 -0.3821163475513458 0.9805684089660645
0.630150556564331 0.9001023173332214 -0.395513653755188 0.9155291318893433
0.5545877814292908 0.940478503704071 -0.43404823541641235 0.9529467225074768
0.6131916046142578 0.8837757706642151 -0.41253548860549927 0.9195085763931274
0.5715404748916626 0.9212139844894409 -0.4426579773426056 0.9530119895935059
0.6090918779373169 0.8701103329658508 -0.35172903537750244 0.9217526316642761
0.5696478486061096 0.899033784866333 -0.3865245580673218 0.9396912455558777
0.6093050241470337 0.8063280582427979 0.01391939353197813 0.9988390803337097
0.5131773352622986 0.8206450939178467 -0.013362837955355644 0.9989120960235596
0.6340243220329285 1.0035755634307861 -0.5223110914230347 0.7701945900917053
0.5026158094406128 0.9497463703155518 -0.5718117356300354 0.7888624668121338
0.6275920867919922 1.1372804641723633 -0.08832474797964096 0.032353002578020096
0.5439597964286804 1.1734795570373535 -0.22176899015903473 0.16344796121120453
0.6226935982704163 1.1584172248840332 -0.04941327124834061 0.16399487853050232
0.5519550442695618 1.2036248445510864 -0.19088178873062134 0.1194782480597496
0.6421301364898682 1.218915581703186 -0.17783936858177185 0.050179339945316315
0.5555760860443115 1.2703992128372192 -0.3656594455242157 0.1283673346042633
