0.5556747317314148 0.33937376737594604 -0.4358530342578888 0.9999761581420898
0.5647794604301453 0.3221648931503296 -0.40606260299682617 0.9999305009841919
0.5702655911445618 0.3228628635406494 -0.4061505198478699 0.9999316930770874
0.5757558941841125 0.3238966464996338 -0.4063335359096527 0.9999179840087891
0.5456276535987854 0.3227783441543579 -0.4078808128833771 0.9999353885650635
0.5389394164085388 0.3239108920097351 -0.40803262591362 0.9999452829360962
0.5333667993545532 0.3260839581489563 -0.408232182264328 0.9999449253082275
0.5858195424079895 0.3435401916503906 -0.2524369955062866 0.9999433755874634
0.5252510905265808 0.34859514236450195 -0.260545015335083 0.9999723434448242
0.5686264634132385 0.37420782446861267 -0.3794514536857605 0.9999973773956299
0.5431652069091797 0.37408000230789185 -0.38183334469795227 0.9999984502792358
0.6272994875907898 0.4920240640640259 -0.17732790112495422 0.9999151229858398
0.48631367087364197 0.500643253326416 -0.21943973004817963 0.9998540878295898
0.6551080942153931 0.6900986433029175 -0.19871307909488678 0.99552983045578
0.4868921935558319 0.7182268500328064 -0.26518121361732483 0.9967027306556702
0.6343066096305847 0.8451375961303711 -0.33736324310302734 0.9812652468681335
0.5444228649139404 0.8878730535507202 -0.38452228903770447 0.9875221848487854
0.6307511925697327 0.9006659388542175 -0.388659805059433 0.9499502778053284
0.5543279051780701 0.9489063620567322 -0.43594786524772644 0.9684328436851501
0.614398717880249 0.8836644291877747 -0.4050823450088501 0.9526232481002808
0.5727479457855225 0.929509699344635 -0.4478038251399994 0.9688953757286072
0.6104045510292053 0.8695650100708008 -0.3458651006221771 0.9528693556785583
0.5715518593788147 0.9086859226226807 -0.39017704129219055 0.9613781571388245
0.6100111603736877 0.8174713850021362 0.012992620468139648 0.9996874332427979
0.5126643180847168 0.8295319676399231 -0.012542780488729477 0.999695897102356
0.6426445245742798 1.0564690828323364 -0.412706583738327 0.8763048052787781
0.5006567239761353 0.973953366279602 -0.5032287836074829 0.9118324518203735
0.6253567337989807 1.1889020204544067 0.05365218594670296 0.07966195046901703
0.5426995754241943 1.2062718868255615 -0.10063505917787552 0.27938970923423767
0.618882417678833 1.204635739326477 0.0963747501373291 0.2090931087732315
0.5513334274291992 1.2304646968841553 -0.062351975589990616 0.18479903042316437
0.6357395648956299 1.2790265083312988 -0.0158199705183506 0.08125368505716324
0.5523721575737 1.3090685606002808 -0.21528981626033783 0.20765572786331177
