0.5576257705688477 0.3415104150772095 -0.3847366273403168 0.9999758005142212
0.566726803779602 0.32374733686447144 -0.3563752770423889 0.9999299049377441
0.5722170472145081 0.3246336579322815 -0.3564738631248474 0.9999310970306396
0.5775638222694397 0.32591986656188965 -0.3566526472568512 0.9999209642410278
0.5476133823394775 0.3244249224662781 -0.3570553958415985 0.999929666519165
0.5406465530395508 0.32561975717544556 -0.35720938444137573 0.9999393224716187
0.5347352623939514 0.3276827335357666 -0.35741764307022095 0.9999425411224365
0.5874035954475403 0.3454102873802185 -0.21038818359375 0.9999443292617798
0.5265915393829346 0.3496582508087158 -0.2129320204257965 0.9999669790267944
0.5698820948600769 0.37616002559661865 -0.33119046688079834 0.9999969005584717
0.5446389317512512 0.376263290643692 -0.33198481798171997 0.9999980926513672
0.6285268068313599 0.49518686532974243 -0.14504602551460266 0.9999324083328247
0.48674917221069336 0.5018540024757385 -0.17632651329040527 0.9998644590377808
0.6567129492759705 0.6958116888999939 -0.16838254034519196 0.9949182868003845
0.4860573410987854 0.7157073020935059 -0.22055798768997192 0.9960213303565979
0.6346515417098999 0.8463864326477051 -0.31449440121650696 0.9810954928398132
0.5385044813156128 0.8845825791358948 -0.34685197472572327 0.9866980910301208
0.6308774352073669 0.9003108739852905 -0.36709392070770264 0.9519787430763245
0.5491681694984436 0.9477512240409851 -0.3963392376899719 0.9674859046936035
0.6156042814254761 0.881402313709259 -0.3824715316295624 0.9555600881576538
0.5660985112190247 0.9294913411140442 -0.4107036590576172 0.9688078761100769
0.6122488379478455 0.8658413290977478 -0.32277897000312805 0.9555015563964844
0.5643128156661987 0.9079651236534119 -0.3537363111972809 0.9623008966445923
0.6113868951797485 0.8213600516319275 0.009514287114143372 0.9996633529663086
0.5150159001350403 0.8339066505432129 -0.009083883836865425 0.9996054768562317
0.6390796899795532 1.0426589250564575 -0.42278510332107544 0.8753184080123901
0.5105388164520264 1.0081188678741455 -0.4893682599067688 0.9003105759620667
0.6251214146614075 1.1953794956207275 0.019776172935962677 0.10113252699375153
0.5432420372962952 1.2104401588439941 -0.09706681221723557 0.2164282649755478
0.6200500726699829 1.2154059410095215 0.06005893275141716 0.2227507084608078
0.5507190823554993 1.2350387573242188 -0.059764180332422256 0.14782904088497162
0.6329507827758789 1.2867295742034912 -0.05901597812771797 0.10456593334674835
0.5528737902641296 1.3102842569351196 -0.20961612462997437 0.17159418761730194
