0.545728325843811 0.4175316095352173 -0.31680822372436523 0.9999916553497314
0.5495352149009705 0.39627277851104736 -0.29087352752685547 0.9999746084213257
0.5525808930397034 0.39727896451950073 -0.2908346951007843 0.999982476234436
0.5560400485992432 0.39883220195770264 -0.2908588647842407 0.9999709129333496
0.538269579410553 0.39309072494506836 -0.3068701922893524 0.99997878074646
0.5326500535011292 0.3922838568687439 -0.30684277415275574 0.9999828338623047
0.5265184640884399 0.39176493883132935 -0.3070076107978821 0.9999691247940063
0.5553516745567322 0.4095315933227539 -0.13331422209739685 0.9999821186065674
0.5108148455619812 0.40322619676589966 -0.20840029418468475 0.9999939203262329
0.5485174655914307 0.4438150227069855 -0.25624141097068787 0.9999955892562866
0.5345376133918762 0.44154059886932373 -0.2786882519721985 0.9999966621398926
0.5911296606063843 0.5513997077941895 -0.02406659908592701 0.999994158744812
0.45515525341033936 0.5420773029327393 -0.0840420201420784 0.9999780654907227
0.6600959300994873 0.6866931915283203 -0.09911945462226868 0.9996664524078369
0.4204816520214081 0.7279829382896423 0.013456887565553188 0.997610330581665
0.6220307946205139 0.5104405283927917 -0.3198443055152893 0.999319314956665
0.40879175066947937 0.8936744332313538 -0.010865774005651474 0.9824404716491699
0.6182298064231873 0.4664815068244934 -0.36162102222442627 0.9953131675720215
0.39115846157073975 0.9544923901557922 -0.012251836247742176 0.9477819800376892
0.6115370392799377 0.4522229731082916 -0.33629080653190613 0.9943954944610596
0.40451985597610474 0.9628562927246094 -0.04283639416098595 0.9533719420433044
0.6087192296981812 0.4661877751350403 -0.31460970640182495 0.9940431714057922
0.4143744111061096 0.9469947218894958 -0.020312564447522163 0.9599387645721436
0.5808596014976501 0.872590184211731 0.009757432155311108 0.9996107220649719
0.48766347765922546 0.8853570222854614 -0.008283835835754871 0.9991105198860168
0.5838984847068787 1.1372700929641724 -0.17280207574367523 0.3987254500389099
0.48555251955986023 1.146547555923462 0.03927414119243622 0.15495459735393524
0.5866082906723022 1.3539162874221802 0.12886308133602142 0.0013988233404234052
0.4793955981731415 1.3575232028961182 0.36180463433265686 0.0014013914624229074
0.5893954038619995 1.3899421691894531 0.15356718003749847 0.004900180734694004
0.47770071029663086 1.3958485126495361 0.3859667181968689 0.004858388099819422
0.5737512707710266 1.4397525787353516 -0.016236919909715652 0.0010636815568432212
0.4862612187862396 1.4364497661590576 0.19970178604125977 0.0011784480884671211
