0.5431762337684631 0.4159262776374817 -0.40568479895591736 0.9999810457229614
0.5472270250320435 0.3934115171432495 -0.37814173102378845 0.9999386072158813
0.5505886077880859 0.39419782161712646 -0.3781575858592987 0.99996018409729
0.5541691184043884 0.3952537775039673 -0.37822073698043823 0.9999372959136963
0.5345413684844971 0.3901231288909912 -0.393358439207077 0.9999376535415649
0.5282672047615051 0.388724684715271 -0.39335954189300537 0.9999463558197021
0.5219713449478149 0.3878883719444275 -0.3935641348361969 0.9998984336853027
0.55423903465271 0.40520918369293213 -0.21079635620117188 0.9999456405639648
0.5069891810417175 0.3999490737915039 -0.2813945412635803 0.9999723434448242
0.5471271872520447 0.4436092972755432 -0.3416065573692322 0.9999901056289673
0.5313349366188049 0.4401486814022064 -0.3629162907600403 0.9999910593032837
0.5877166986465454 0.5522076487541199 -0.10744103044271469 0.9999858140945435
0.45253702998161316 0.5465534925460815 -0.1383446753025055 0.9998992681503296
0.6435984969139099 0.6871209144592285 -0.2429012656211853 0.9992491602897644
0.41870296001434326 0.7395684719085693 -0.022874372079968452 0.9944356679916382
0.6132415533065796 0.5124486684799194 -0.5396683812141418 0.9985985159873962
0.4077284634113312 0.9108090400695801 -0.038497649133205414 0.9679898619651794
0.6080979704856873 0.4618057906627655 -0.5924310088157654 0.9900932908058167
0.3908812403678894 0.9678024649620056 -0.03993688151240349 0.8957735300064087
0.6028686761856079 0.44846591353416443 -0.5661242008209229 0.9891090393066406
0.401204377412796 0.9753260016441345 -0.0730152502655983 0.9092465043067932
0.6005088686943054 0.46654072403907776 -0.5355384349822998 0.9869204759597778
0.4103235602378845 0.9597639441490173 -0.048780642449855804 0.9127129912376404
0.5802032947540283 0.8744478225708008 0.0007876751478761435 0.9977883100509644
0.48757997155189514 0.8903775811195374 0.0003537945740390569 0.9954159259796143
0.5877065658569336 1.130881428718567 -0.21264274418354034 0.37937062978744507
0.493184357881546 1.142295241355896 -0.016598176211118698 0.18329551815986633
0.5889914035797119 1.348557472229004 0.0912679135799408 0.001808738335967064
0.4979626536369324 1.3591312170028687 0.3042101562023163 0.003171130083501339
0.5907905101776123 1.3859970569610596 0.11599750816822052 0.006591510493308306
0.497249960899353 1.3992847204208374 0.32840150594711304 0.00847350899130106
0.5775894522666931 1.4397708177566528 -0.06077197566628456 0.0017247283831238747
0.5094797611236572 1.4401881694793701 0.14109793305397034 0.0028015330899506807
