0.5424765348434448 0.41152775287628174 -0.45241644978523254 0.9999717473983765
0.5469963550567627 0.38977593183517456 -0.4273994565010071 0.9998822212219238
0.5505177974700928 0.3903045058250427 -0.42741313576698303 0.999923586845398
0.5542157888412476 0.3911166787147522 -0.4274355173110962 0.9998599290847778
0.5329062342643738 0.3874858021736145 -0.44065630435943604 0.999871015548706
0.5265401601791382 0.38697880506515503 -0.4407282769680023 0.9998965263366699
0.5208075046539307 0.3871893882751465 -0.44093334674835205 0.9997974038124084
0.5546321868896484 0.4016372561454773 -0.26439785957336426 0.9998878240585327
0.5083581209182739 0.4005226492881775 -0.32456138730049133 0.9999529123306274
0.5466749668121338 0.43725043535232544 -0.38987699151039124 0.9999874830245972
0.530437171459198 0.4371268153190613 -0.407986581325531 0.9999895095825195
0.5880702137947083 0.5435464382171631 -0.14394205808639526 0.9999805688858032
0.4520115256309509 0.5419362783432007 -0.19928216934204102 0.9999023675918579
0.6393582224845886 0.7071101665496826 -0.28819459676742554 0.9984803795814514
0.41644155979156494 0.7382459044456482 -0.15522557497024536 0.9975584745407104
0.627795934677124 0.5653465390205383 -0.6071426868438721 0.9980306029319763
0.4049586057662964 0.9129289388656616 -0.23456983268260956 0.9861597418785095
0.6266641616821289 0.5191851258277893 -0.6631849408149719 0.9890030026435852
0.39024442434310913 0.9700738787651062 -0.24522477388381958 0.9513409733772278
0.6243352890014648 0.5061553120613098 -0.6407257318496704 0.9882450103759766
0.4046681225299835 0.9783544540405273 -0.27791300415992737 0.9580203294754028
0.6206165552139282 0.5213127136230469 -0.6043859720230103 0.9874128103256226
0.41375526785850525 0.9623509049415588 -0.2454449087381363 0.9612191915512085
0.5749101042747498 0.8568170070648193 0.009164766408503056 0.9985995888710022
0.48122119903564453 0.8737465143203735 -0.008114597760140896 0.9966101050376892
0.5807222723960876 1.1117233037948608 -0.2352091372013092 0.34008580446243286
0.49070608615875244 1.1218318939208984 -0.03307504206895828 0.1801927387714386
0.5800943970680237 1.3192461729049683 0.10336732864379883 0.000909365713596344
0.48907676339149475 1.3271557092666626 0.294365793466568 0.0017880472587421536
0.5810507535934448 1.3539197444915771 0.13042105734348297 0.003355154301971197
0.48478448390960693 1.3663902282714844 0.31988266110420227 0.003938024863600731
0.5670858025550842 1.412452220916748 -0.037692490965127945 0.0007406827644445002
0.5025923252105713 1.4074816703796387 0.1411135345697403 0.0019340943545103073
