0.5554330348968506 0.32554370164871216 -0.4681813418865204 0.999977707862854
0.5621045231819153 0.3053412437438965 -0.4350447356700897 0.9999582767486572
0.5668625235557556 0.3065025210380554 -0.43520116806030273 0.9999721050262451
0.5718293786048889 0.3080032467842102 -0.43544480204582214 0.9999536275863647
0.5450528264045715 0.30361366271972656 -0.4397534728050232 0.9999316930770874
0.5388737320899963 0.3038790225982666 -0.43980544805526733 0.999947190284729
0.5336849093437195 0.3045278787612915 -0.43989768624305725 0.9999111890792847
0.5774240493774414 0.323436975479126 -0.24980875849723816 0.9999687671661377
0.5237830281257629 0.3219301104545593 -0.27406808733940125 0.9999693632125854
0.5643258690834045 0.35332056879997253 -0.40016698837280273 0.9999959468841553
0.5427944660186768 0.3509139120578766 -0.40758952498435974 0.9999961853027344
0.6111932396888733 0.4776700735092163 -0.1472267061471939 0.9999873638153076
0.4790988564491272 0.47988361120224 -0.15300512313842773 0.9999384880065918
0.6373252272605896 0.6710206866264343 -0.29296866059303284 0.9926611185073853
0.4516570270061493 0.679171621799469 -0.11121818423271179 0.9711738228797913
0.625300407409668 0.6130991578102112 -0.6391454935073853 0.9878782629966736
0.4174109101295471 0.8524123430252075 -0.2611551284790039 0.9192769527435303
0.6206406354904175 0.5961284041404724 -0.7095655798912048 0.969372034072876
0.40476730465888977 0.9081869721412659 -0.2945961654186249 0.879492461681366
0.6197876334190369 0.5716907978057861 -0.7009456753730774 0.9692761301994324
0.40908652544021606 0.9128949642181396 -0.33763009309768677 0.8934673070907593
0.6168910264968872 0.5710359811782837 -0.6422320604324341 0.9498881101608276
0.41498440504074097 0.8956049680709839 -0.27983346581459045 0.8753466606140137
0.5901065468788147 0.7897753119468689 0.01251743733882904 0.9986305236816406
0.49637970328330994 0.7873606085777283 -0.012067685835063457 0.9968384504318237
0.629569411277771 0.9711630344390869 -0.5011250376701355 0.825939953327179
0.48695018887519836 0.976921021938324 -0.520578920841217 0.721066951751709
0.6254451870918274 1.104151725769043 -0.048285093158483505 0.07565174996852875
0.5047411918640137 1.1247390508651733 -0.11477771401405334 0.06882419437170029
0.622796893119812 1.1158607006072998 -0.007166174240410328 0.16144107282161713
0.5062410831451416 1.1433604955673218 -0.07908211648464203 0.07108519226312637
0.6235266923904419 1.1754565238952637 -0.15363840758800507 0.06144745647907257
0.5213785171508789 1.1981953382492065 -0.2585575580596924 0.05233572795987129
