0.5535596013069153 0.3300694227218628 -0.5191698670387268 0.9999872446060181
0.5614451169967651 0.3098180294036865 -0.49186286330223083 0.9999866485595703
0.5661571621894836 0.3104369044303894 -0.4919648766517639 0.9999903440475464
0.570905327796936 0.31114286184310913 -0.49218395352363586 0.999987006187439
0.5441848635673523 0.30775195360183716 -0.4947035610675812 0.9999765157699585
0.5383347868919373 0.307622492313385 -0.49468719959259033 0.9999749660491943
0.5329022407531738 0.3073066473007202 -0.49472618103027344 0.9999560117721558
0.5765513777732849 0.32421058416366577 -0.3240690529346466 0.9999912977218628
0.5235592126846313 0.3225107192993164 -0.34012117981910706 0.9999823570251465
0.5628125071525574 0.3562716543674469 -0.4566985070705414 0.9999983310699463
0.5415297746658325 0.35490649938583374 -0.46153104305267334 0.9999978542327881
0.6104820370674133 0.46996423602104187 -0.24077457189559937 0.9999971389770508
0.4791792333126068 0.4742594361305237 -0.21195490658283234 0.9999712705612183
0.6419604420661926 0.6724085807800293 -0.4234454333782196 0.9978796243667603
0.450572669506073 0.6787727475166321 -0.15256020426750183 0.980659544467926
0.6164867281913757 0.5891121029853821 -0.7913585901260376 0.9979544878005981
0.4160727858543396 0.8578164577484131 -0.2753693461418152 0.9364539980888367
0.6064912676811218 0.5617525577545166 -0.8634410500526428 0.9941120743751526
0.40424996614456177 0.9139595627784729 -0.3005102872848511 0.8944544792175293
0.6056706309318542 0.5357702970504761 -0.8498545289039612 0.9939566850662231
0.41068848967552185 0.9186932444572449 -0.33834487199783325 0.9061680436134338
0.6052387356758118 0.5382574796676636 -0.7920089364051819 0.9890030026435852
0.41616830229759216 0.9003201723098755 -0.2911129295825958 0.8963130116462708
0.5900426506996155 0.7816225290298462 0.00816622655838728 0.9996445178985596
0.4968859553337097 0.7808689475059509 -0.007856912910938263 0.9991979002952576
0.6334472298622131 0.9788379669189453 -0.31484460830688477 0.7937726378440857
0.49347618222236633 1.0312564373016357 -0.2866624593734741 0.7331709861755371
0.6098682880401611 1.0311954021453857 0.16796329617500305 0.027822725474834442
0.5135290026664734 1.0692259073257446 0.16571369767189026 0.0171989556401968
0.605198085308075 1.026219367980957 0.21766990423202515 0.05929940566420555
0.5141409635543823 1.0698481798171997 0.2104802131652832 0.021063661202788353
0.6007554531097412 1.0969194173812866 0.14663973450660706 0.02411540225148201
0.5316226482391357 1.1236941814422607 0.12403716146945953 0.013778073713183403
