0.5547560453414917 0.32596343755722046 -0.4067939519882202 0.9999558925628662
0.5613979697227478 0.3055257201194763 -0.37779760360717773 0.9999421834945679
0.5649428963661194 0.30629974603652954 -0.3779345154762268 0.9999542236328125
0.5693830847740173 0.3073701858520508 -0.3781540095806122 0.9999446868896484
0.5453778505325317 0.30514979362487793 -0.3804014325141907 0.9999189376831055
0.538772702217102 0.30591678619384766 -0.3803659975528717 0.9999120235443115
0.5333091616630554 0.3070235848426819 -0.38043615221977234 0.999881386756897
0.5747280716896057 0.322989821434021 -0.21186622977256775 0.9999583959579468
0.523224949836731 0.32437872886657715 -0.22638572752475739 0.9999446868896484
0.5632425546646118 0.3534242510795593 -0.3447798788547516 0.9999896287918091
0.5419739484786987 0.35167819261550903 -0.34932512044906616 0.9999905824661255
0.60804682970047 0.4684150218963623 -0.15333935618400574 0.9999852180480957
0.478722482919693 0.4737156331539154 -0.10480491071939468 0.9999209642410278
0.6372209191322327 0.6390199661254883 -0.3565448224544525 0.9981020092964172
0.45257312059402466 0.675368070602417 -0.05539463087916374 0.9572188854217529
0.5687555074691772 0.4918695390224457 -0.6759502291679382 0.9974647760391235
0.4195025563240051 0.8492435812950134 -0.17872866988182068 0.9018566608428955
0.5554656386375427 0.4544825255870819 -0.7428508400917053 0.9915807843208313
0.4065268337726593 0.9078311920166016 -0.20272593200206757 0.8504784107208252
0.5554173588752747 0.44237056374549866 -0.7142143845558167 0.9909311532974243
0.4114578366279602 0.9121859073638916 -0.24056464433670044 0.8623721599578857
0.5577080845832825 0.45083335041999817 -0.6698606610298157 0.9840901494026184
0.41730451583862305 0.8947953581809998 -0.19477112591266632 0.8483864665031433
0.5875408053398132 0.7836381196975708 0.007252364419400692 0.9993027448654175
0.49447011947631836 0.7864023447036743 -0.0070348274894058704 0.9982036352157593
0.6317546963691711 0.9658482074737549 -0.3587571978569031 0.8543961048126221
0.4956549406051636 0.9945576786994934 -0.3714325726032257 0.7205548286437988
0.6130971908569336 1.0649027824401855 0.10167018324136734 0.0656590387225151
0.5161632299423218 1.1054986715316772 0.04937026649713516 0.04070223495364189
0.6086344122886658 1.063049554824829 0.1489071100950241 0.11492737382650375
0.5177099704742432 1.1153395175933838 0.09092975407838821 0.04852842539548874
0.6039702892303467 1.1412196159362793 0.059358227998018265 0.0558818019926548
0.5327093005180359 1.1729506254196167 -0.02626909501850605 0.03192249685525894
