0.5535483956336975 0.3210795521736145 -0.47801655530929565 0.9999674558639526
0.5606096982955933 0.30256158113479614 -0.4491075575351715 0.9999490976333618
0.5646069049835205 0.30312466621398926 -0.4492398500442505 0.9999638795852661
0.5685240030288696 0.30358749628067017 -0.4494647979736328 0.9999516010284424
0.5436451435089111 0.3022952675819397 -0.45258742570877075 0.9999148845672607
0.537618100643158 0.3031997084617615 -0.4526265859603882 0.9999103546142578
0.5318806171417236 0.3045092225074768 -0.4527209997177124 0.9998563528060913
0.5741424560546875 0.3185007572174072 -0.2737627327442169 0.9999667406082153
0.5217746496200562 0.32271963357925415 -0.29168686270713806 0.9999450445175171
0.5622908473014832 0.3477882444858551 -0.4116435945034027 0.9999938011169434
0.5406263470649719 0.3477497100830078 -0.4172312021255493 0.9999921321868896
0.6067962050437927 0.46418800950050354 -0.18337148427963257 0.999992847442627
0.47834670543670654 0.4726971685886383 -0.15863889455795288 0.9999191761016846
0.6383036375045776 0.6598491072654724 -0.37159794569015503 0.9989244341850281
0.45231544971466064 0.6758593916893005 -0.09331405162811279 0.9621749520301819
0.5838164687156677 0.5312784314155579 -0.7177250981330872 0.9987842440605164
0.41649729013442993 0.8526575565338135 -0.221576526761055 0.9309336543083191
0.5673712491989136 0.5012120008468628 -0.7886080145835876 0.9952026605606079
0.40409520268440247 0.909159243106842 -0.24904268980026245 0.8837843537330627
0.5681897401809692 0.47407346963882446 -0.7641767859458923 0.9949535727500916
0.41088536381721497 0.9152199029922485 -0.29046866297721863 0.8986093401908875
0.5709548592567444 0.4839053750038147 -0.713624894618988 0.9911509156227112
0.41673532128334045 0.8963329792022705 -0.23933593928813934 0.8881206512451172
0.5875338912010193 0.7837560176849365 0.010326012037694454 0.9991946816444397
0.4943619966506958 0.7843342423439026 -0.00997674185782671 0.9983193278312683
0.6290896534919739 0.9734430313110352 -0.3400757610797882 0.7387421131134033
0.48967450857162476 1.0025724172592163 -0.38599684834480286 0.660382091999054
0.6207314729690552 1.1088224649429321 0.09524742513895035 0.0355350635945797
0.5022775530815125 1.1514854431152344 0.02830158919095993 0.02797173522412777
0.6171150803565979 1.1217787265777588 0.13675090670585632 0.09398465603590012
0.5038922429084778 1.1709215641021729 0.06670971214771271 0.03442346304655075
0.6192435622215271 1.1887214183807373 0.01831052079796791 0.03208621218800545
0.5133162140846252 1.2279269695281982 -0.07731021195650101 0.02459852583706379
