0.5409013032913208 0.35472768545150757 -0.4320644736289978 0.9999978542327881
0.5481333136558533 0.3345370888710022 -0.4067445993423462 0.9999881982803345
0.5520750284194946 0.3345518708229065 -0.4067878723144531 0.9999958276748657
0.556384801864624 0.3347935080528259 -0.4068525731563568 0.9999860525131226
0.532675564289093 0.3346171975135803 -0.4149802029132843 0.9999858140945435
0.5263564586639404 0.3348933458328247 -0.4151684045791626 0.9999935626983643
0.5207874774932861 0.33552104234695435 -0.41526806354522705 0.9999783039093018
0.5617403388023376 0.34714120626449585 -0.24369682371616364 0.9999934434890747
0.5111129879951477 0.34780335426330566 -0.2850206196308136 0.9999971389770508
0.5490526556968689 0.3841075003147125 -0.3687886893749237 0.9999951124191284
0.5289197564125061 0.3821730613708496 -0.3813672363758087 0.9999963045120239
0.5938514471054077 0.48933127522468567 -0.14040449261665344 0.9999904632568359
0.4603155255317688 0.5027751922607422 -0.13993196189403534 0.9999536275863647
0.6316097974777222 0.655821681022644 -0.3056252896785736 0.9998194575309753
0.4313107132911682 0.708577573299408 -0.018772725015878677 0.9978565573692322
0.6007730960845947 0.45835450291633606 -0.607968270778656 0.9997286200523376
0.41461679339408875 0.8907844424247742 -0.013933425769209862 0.9955301880836487
0.5959836840629578 0.39613276720046997 -0.6666921973228455 0.9989622831344604
0.40286222100257874 0.9542182087898254 -0.012083351612091064 0.9850917458534241
0.594633162021637 0.38355007767677307 -0.6402040123939514 0.9989500641822815
0.4140866994857788 0.9643930792808533 -0.0446971096098423 0.9868572354316711
0.5912572741508484 0.4022759795188904 -0.6033972501754761 0.9988677501678467
0.42107799649238586 0.9453054666519165 -0.022131333127617836 0.9895355105400085
0.5828506350517273 0.8190236687660217 0.003416734281927347 0.9999357461929321
0.4871959388256073 0.837165355682373 -0.0027477391995489597 0.9997673630714417
0.6056829690933228 1.0887054204940796 -0.14541219174861908 0.9024711847305298
0.49763399362564087 1.1268517971038818 -0.030881818383932114 0.8629370927810669
0.6044292449951172 1.3058902025222778 0.30900752544403076 0.0050721862353384495
0.4950677156448364 1.3197373151779175 0.3948741555213928 0.00782211497426033
0.6064598560333252 1.3396508693695068 0.35295936465263367 0.019269298762083054
0.4924767315387726 1.354021668434143 0.4337862730026245 0.029817746952176094
0.5928673148155212 1.4073588848114014 0.22944244742393494 0.0016007318627089262
0.5113009810447693 1.4024312496185303 0.2880829870700836 0.0029626991599798203
