0.5396648049354553 0.36601102352142334 -0.23549558222293854 0.999950647354126
0.5490846633911133 0.34466326236724854 -0.2066020369529724 0.9998600482940674
0.5535261034965515 0.3457348346710205 -0.2066800594329834 0.999884843826294
0.5572201013565063 0.3471769094467163 -0.20676107704639435 0.9998660087585449
0.5326569676399231 0.3407396674156189 -0.2160159945487976 0.9998973608016968
0.5264897346496582 0.33957439661026 -0.21597161889076233 0.9999086856842041
0.5212678909301758 0.3389485478401184 -0.2161857783794403 0.9998974800109863
0.5614316463470459 0.3586646318435669 -0.054685529321432114 0.9998809099197388
0.5109836459159851 0.3510303497314453 -0.09866554290056229 0.9999550580978394
0.5463213324546814 0.39786195755004883 -0.17852629721164703 0.9999474287033081
0.5267418026924133 0.39336997270584106 -0.19198867678642273 0.9999681711196899
0.591579258441925 0.49619537591934204 0.017180409282445908 0.9999016523361206
0.4565647542476654 0.49902090430259705 0.0027650403790175915 0.9998300075531006
0.662094235420227 0.5607244968414307 -0.13106468319892883 0.9965734481811523
0.430448055267334 0.7080939412117004 0.07194454967975616 0.9766007661819458
0.6040323376655579 0.3654571771621704 -0.35044458508491516 0.985201895236969
0.4159996807575226 0.885879397392273 0.05365758761763573 0.8722468614578247
0.5892074108123779 0.3210134506225586 -0.39668214321136475 0.925275444984436
0.4010252356529236 0.9497718811035156 0.05192670598626137 0.7432031035423279
0.5828453302383423 0.3249318599700928 -0.3535018861293793 0.914787232875824
0.4145658612251282 0.9553846716880798 0.01923656463623047 0.7548080086708069
0.5839711427688599 0.34303855895996094 -0.3388417065143585 0.902358889579773
0.4215490520000458 0.9385231137275696 0.043116070330142975 0.7617218494415283
0.5799109935760498 0.8191819787025452 0.007288160268217325 0.995162844657898
0.4826454818248749 0.8489905595779419 -0.006566999014467001 0.9907118678092957
0.621786892414093 1.0119644403457642 -0.21803545951843262 0.6566694378852844
0.5008400678634644 1.1245949268341064 -0.02618037350475788 0.33964523673057556
0.6019191741943359 1.332686424255371 -0.015872731804847717 0.025971544906497
0.5074432492256165 1.3650600910186768 0.14344796538352966 0.02881716936826706
0.5991016626358032 1.3626765012741089 -6.477549322880805e-05 0.05345936119556427
0.5058536529541016 1.401646375656128 0.15473642945289612 0.04484221339225769
0.5907634496688843 1.4382548332214355 -0.16088615357875824 0.017274213954806328
0.5201395153999329 1.4517511129379272 -0.013391525484621525 0.012774139642715454
