0.5727574825286865 0.3619191348552704 -0.24984879791736603 0.9999990463256836
0.5805500745773315 0.34116631746292114 -0.22136089205741882 0.9999957084655762
0.5847887396812439 0.3421342074871063 -0.22136054933071136 0.999997615814209
0.5890423059463501 0.34332722425460815 -0.22130070626735687 0.9999934434890747
0.563300371170044 0.3422180414199829 -0.23093894124031067 0.9999967813491821
0.5568358302116394 0.34402626752853394 -0.23109251260757446 0.9999983310699463
0.5508661866188049 0.3460211157798767 -0.23125025629997253 0.9999963045120239
0.5939733386039734 0.3581536114215851 -0.0793728306889534 0.9999966621398926
0.5425395965576172 0.36013877391815186 -0.1238969936966896 0.9999995231628418
0.5800629258155823 0.3898484408855438 -0.1979147493839264 0.999997615814209
0.5603519082069397 0.39002659916877747 -0.2114184945821762 0.9999988079071045
0.6194037795066833 0.5151116251945496 -0.0011674676788970828 0.9999740123748779
0.5005636215209961 0.508122444152832 -0.06054437905550003 0.9999567270278931
0.6879152655601501 0.617881715297699 -0.14490491151809692 0.9999172687530518
0.4692143499851227 0.6901223659515381 -0.10333104431629181 0.9994182586669922
0.6681336164474487 0.4192489683628082 -0.36731499433517456 0.9999279975891113
0.5001689195632935 0.8223873972892761 -0.23150165379047394 0.9994379878044128
0.6706216931343079 0.3418217599391937 -0.41719093918800354 0.999537467956543
0.5010521411895752 0.8692517876625061 -0.25080984830856323 0.997717022895813
0.6642599105834961 0.3378942608833313 -0.3809575140476227 0.9994865655899048
0.5185496211051941 0.8573617339134216 -0.2609524726867676 0.9978377223014832
0.656507134437561 0.3626464307308197 -0.3584243059158325 0.9995954632759094
0.5203096866607666 0.8411594033241272 -0.23385950922966003 0.9983041286468506
0.6091470718383789 0.8279775381088257 0.002354604424908757 0.9999641180038452
0.5215804576873779 0.8391660451889038 -0.0013442356139421463 0.9999474287033081
0.6197855472564697 1.0677542686462402 -0.11722622811794281 0.5990016460418701
0.520460307598114 1.0771815776824951 -0.019899731501936913 0.5376423597335815
0.6166533827781677 1.2697317600250244 0.19421280920505524 0.00031671187025494874
0.5286080241203308 1.2708781957626343 0.31193825602531433 0.0007406488293781877
0.6199904084205627 1.3068678379058838 0.2210189253091812 0.001941878697834909
0.5271081328392029 1.3092162609100342 0.34140530228614807 0.0027089486829936504
0.6013752222061157 1.353931188583374 0.09949866682291031 0.00020335307635832578
0.5377380847930908 1.3435814380645752 0.21625055372714996 0.0006851922371424735
