0.5710334181785583 0.359947144985199 -0.2780052721500397 0.9999982118606567
0.5788187384605408 0.34082722663879395 -0.24886809289455414 0.9999903440475464
0.5833813548088074 0.3415386974811554 -0.248859703540802 0.9999947547912598
0.587331235408783 0.3423430025577545 -0.24879121780395508 0.9999849796295166
0.5621562600135803 0.34200793504714966 -0.25478872656822205 0.999992847442627
0.5559780597686768 0.34341850876808167 -0.25493088364601135 0.9999963045120239
0.5501589179039001 0.34453070163726807 -0.25509482622146606 0.9999918937683105
0.5923847556114197 0.35722801089286804 -0.10160081833600998 0.9999921321868896
0.5427181124687195 0.3590461015701294 -0.12903068959712982 0.9999988079071045
0.5792525410652161 0.3875356614589691 -0.22440984845161438 0.9999959468841553
0.5584043860435486 0.3883780539035797 -0.2330148071050644 0.9999980926513672
0.622970461845398 0.5167515873908997 -0.01926094852387905 0.9999545812606812
0.5008085370063782 0.5069475173950195 -0.06047515198588371 0.9999406337738037
0.690453827381134 0.6382552981376648 -0.17807866632938385 0.9998862743377686
0.4657781422138214 0.6944133043289185 -0.12492416054010391 0.9994111061096191
0.661950409412384 0.44020456075668335 -0.42821720242500305 0.9998819828033447
0.4994412958621979 0.8187853097915649 -0.2946435511112213 0.9991565942764282
0.6625213027000427 0.3665899932384491 -0.4828636348247528 0.9991052746772766
0.499759316444397 0.8671742677688599 -0.31963667273521423 0.9962030053138733
0.657604455947876 0.3601859211921692 -0.44377076625823975 0.9990195035934448
0.5182411074638367 0.8554297089576721 -0.3269331157207489 0.9964336156845093
0.650607705116272 0.38818755745887756 -0.41826125979423523 0.9991859793663025
0.5205492377281189 0.8393475413322449 -0.2966589033603668 0.9969931840896606
0.6114450097084045 0.8240200877189636 0.0030789354350417852 0.9999256134033203
0.521877646446228 0.8315838575363159 -0.0019964496605098248 0.9998788833618164
0.6178094744682312 1.0564851760864258 -0.21758399903774261 0.4407215714454651
0.5182830095291138 1.059841513633728 -0.07986918091773987 0.3801122009754181
0.6151201725006104 1.2586162090301514 0.07456548511981964 0.00017331329581793398
0.5232199430465698 1.257370114326477 0.23615579307079315 0.0004301027802284807
0.6180403828620911 1.2974992990493774 0.0985087901353836 0.0014405169058591127
0.5209165215492249 1.297654390335083 0.2627827823162079 0.0012592923594638705
0.5988809466362 1.3426039218902588 -0.04057037830352783 0.00017191117512993515
0.5339418053627014 1.3306728601455688 0.12244411557912827 0.0004682849976234138
