0.5681272149085999 0.36277052760124207 -0.20204032957553864 0.999996542930603
0.5767034888267517 0.3433918058872223 -0.17325912415981293 0.9999828338623047
0.5816089510917664 0.3442489206790924 -0.17329628765583038 0.999990701675415
0.5863260626792908 0.3454693555831909 -0.17325864732265472 0.9999755620956421
0.5595746636390686 0.34403926134109497 -0.18070892989635468 0.9999845027923584
0.5526608824729919 0.34563732147216797 -0.18086497485637665 0.9999918937683105
0.5465258359909058 0.3476034104824066 -0.18104812502861023 0.9999828338623047
0.5938295722007751 0.3617667853832245 -0.035552311688661575 0.9999885559082031
0.5387611985206604 0.3637542724609375 -0.07028023153543472 0.9999964237213135
0.5766939520835876 0.3940061032772064 -0.15301863849163055 0.9999970197677612
0.5557432174682617 0.3926906883716583 -0.16371139883995056 0.9999982118606567
0.6189068555831909 0.5210518836975098 0.03582312911748886 0.999969482421875
0.4995998740196228 0.5096741914749146 -0.017237288877367973 0.999956488609314
0.6807443499565125 0.7142668962478638 -0.12868019938468933 0.9996227025985718
0.4682950973510742 0.6946200728416443 -0.09165234863758087 0.9990158081054688
0.655403196811676 0.58338862657547 -0.4239215552806854 0.9994276165962219
0.4924440085887909 0.8133993744850159 -0.28177744150161743 0.9979345798492432
0.6508909463882446 0.5358614921569824 -0.4826670289039612 0.9968559741973877
0.4915756583213806 0.862316370010376 -0.3109215199947357 0.9932832717895508
0.6458439230918884 0.5138723254203796 -0.4490768313407898 0.9966629147529602
0.5086885690689087 0.8521941900253296 -0.31868961453437805 0.9937194585800171
0.6432371735572815 0.5325167179107666 -0.4168190062046051 0.9970093965530396
0.5126656293869019 0.837030827999115 -0.2846315801143646 0.9943700432777405
0.6095254421234131 0.8197922706604004 0.009514320641756058 0.9999040365219116
0.5211004614830017 0.8249027729034424 -0.008421567268669605 0.9998286962509155
0.6195096969604492 1.0339785814285278 -0.24842709302902222 0.6872639656066895
0.517298698425293 1.053926944732666 -0.05553435534238815 0.47176477313041687
0.6122449040412903 1.2273637056350708 0.04853042587637901 0.0007409203099086881
0.5146245956420898 1.23887300491333 0.2670166790485382 0.0015232836594805121
0.6130313873291016 1.2628655433654785 0.07323165982961655 0.005432868842035532
0.511630654335022 1.2774958610534668 0.2930681109428406 0.0028164430987089872
0.5997554659843445 1.3137989044189453 -0.06642473489046097 0.0006831067730672657
0.5234605669975281 1.3100461959838867 0.14912183582782745 0.0013596125645563006
