0.5369232892990112 0.4050433337688446 -0.3988802134990692 0.9999887943267822
0.5433333516120911 0.3859368562698364 -0.3773273825645447 0.9999730587005615
0.547732949256897 0.3870537281036377 -0.37717077136039734 0.999977707862854
0.5524799823760986 0.38860172033309937 -0.37711963057518005 0.9999754428863525
0.5290506482124329 0.383807897567749 -0.3820980489253998 0.9999758005142212
0.5224474668502808 0.38371461629867554 -0.3822137415409088 0.9999806880950928
0.5161982774734497 0.38393235206604004 -0.3823224902153015 0.9999785423278809
0.5558270812034607 0.4018378257751465 -0.2329440861940384 0.9999854564666748
0.5033966302871704 0.3988673985004425 -0.2580258846282959 0.9999895095825195
0.5439599752426147 0.43299567699432373 -0.3447360694408417 0.9999887943267822
0.5239593386650085 0.4296751022338867 -0.352850079536438 0.9999885559082031
0.5928755402565002 0.5349397659301758 -0.1319797933101654 0.9999829530715942
0.4580930769443512 0.5277175307273865 -0.17756202816963196 0.9999814033508301
0.6418484449386597 0.6815630197525024 -0.21209555864334106 0.9985138773918152
0.4005807638168335 0.6760604977607727 -0.37052881717681885 0.9995216131210327
0.6455920934677124 0.512514591217041 -0.38388821482658386 0.9998667240142822
0.3927167057991028 0.4957553446292877 -0.633269190788269 0.9999645948410034
0.6342354416847229 0.45682603120803833 -0.4138706922531128 0.9990309476852417
0.393625944852829 0.4385766386985779 -0.687113344669342 0.9997524619102478
0.6313146948814392 0.445497065782547 -0.3962633013725281 0.9987678527832031
0.39919358491897583 0.42785757780075073 -0.6579942107200623 0.9996941089630127
0.6327394843101501 0.4597926437854767 -0.38216739892959595 0.9987990856170654
0.40056583285331726 0.4434705078601837 -0.6322454810142517 0.9996525049209595
0.5776825547218323 0.8448140025138855 0.008536050096154213 0.9954535961151123
0.478842169046402 0.8472073674201965 -0.00730014918372035 0.9960119724273682
0.572881281375885 1.110121726989746 0.025370217859745026 0.06486350297927856
0.4832504987716675 1.1013091802597046 0.06013251096010208 0.04413348808884621
0.5723962783813477 1.3405073881149292 0.27469131350517273 0.0002765968965832144
0.47972896695137024 1.3470693826675415 0.2680218517780304 0.0005701099871657789
0.5735599994659424 1.3770527839660645 0.2934454381465912 0.0018380414694547653
0.47574582695961 1.3866193294525146 0.28430572152137756 0.0010835402645170689
0.5616254210472107 1.4276962280273438 0.11748676747083664 0.00039943656884133816
0.4934471547603607 1.4283571243286133 0.08287854492664337 0.0009810517076402903
