0.5343472957611084 0.4063292145729065 -0.3284415602684021 0.9999631643295288
0.5430509448051453 0.38799068331718445 -0.30749791860580444 0.9998903274536133
0.5471602082252502 0.38933536410331726 -0.3073584735393524 0.9999349117279053
0.5516234040260315 0.39092186093330383 -0.30722707509994507 0.9999046325683594
0.5273934602737427 0.38509640097618103 -0.3123622238636017 0.9999047517776489
0.5218638181686401 0.38477933406829834 -0.3125353753566742 0.9999431371688843
0.5165788531303406 0.38488104939460754 -0.31264495849609375 0.9999197721481323
0.5570114850997925 0.40349245071411133 -0.17075039446353912 0.999944806098938
0.5066244602203369 0.3995826244354248 -0.19591973721981049 0.999964714050293
0.5430641174316406 0.434160441160202 -0.27656111121177673 0.999953031539917
0.5224047899246216 0.42955079674720764 -0.28448379039764404 0.9999642372131348
0.5939947962760925 0.5276167392730713 -0.09162459522485733 0.9999752044677734
0.4578486979007721 0.5260741710662842 -0.12087790668010712 0.9999759197235107
0.642157793045044 0.6858429908752441 -0.24545001983642578 0.998769223690033
0.40459176898002625 0.6977282166481018 -0.292254775762558 0.9986172914505005
0.6176312565803528 0.5090711712837219 -0.4922848641872406 0.9998525381088257
0.3977872431278229 0.5497297048568726 -0.57855224609375 0.9999208450317383
0.6162105202674866 0.4496802091598511 -0.5350062847137451 0.9991990923881531
0.3960370123386383 0.49874550104141235 -0.63210129737854 0.9996397495269775
0.6126099824905396 0.43913060426712036 -0.5150578618049622 0.9990469813346863
0.40453141927719116 0.48068514466285706 -0.6176564693450928 0.9995928406715393
0.6092429757118225 0.4560145139694214 -0.4906891882419586 0.9989435076713562
0.40686652064323425 0.5027087330818176 -0.5817850232124329 0.9995218515396118
0.5771390199661255 0.8378937840461731 0.019957099109888077 0.9857600331306458
0.4781210124492645 0.8371816873550415 -0.018834752961993217 0.9907885193824768
0.5768448710441589 1.1016162633895874 0.005387865472584963 0.09473587572574615
0.49004271626472473 1.0864838361740112 -0.10713765025138855 0.0813121572136879
0.5767518281936646 1.3318592309951782 0.2075009047985077 0.0002457953814882785
0.48388946056365967 1.3351821899414062 0.006553866900503635 0.0008374628960154951
0.5787873864173889 1.367331862449646 0.2197418212890625 0.0016195940552279353
0.47897252440452576 1.3764771223068237 0.011052713729441166 0.0015375437214970589
0.5624599456787109 1.4153242111206055 0.0545053668320179 0.00033587776124477386
0.4949006736278534 1.4086499214172363 -0.18992525339126587 0.0008582052541896701
