0.5456863641738892 0.41047537326812744 -0.26463326811790466 0.999998927116394
0.5496423244476318 0.3899018168449402 -0.2422250658273697 0.9999958276748657
0.5530577898025513 0.38993722200393677 -0.2421124279499054 0.9999979734420776
0.5572587251663208 0.3904431462287903 -0.24203906953334808 0.9999959468841553
0.5354182124137878 0.38989198207855225 -0.24700602889060974 0.9999960660934448
0.5291334390640259 0.39037567377090454 -0.2471468299627304 0.9999979734420776
0.523277223110199 0.3913988471031189 -0.24720753729343414 0.9999959468841553
0.5601575374603271 0.40247881412506104 -0.10112879425287247 0.9999988079071045
0.5104692578315735 0.402451753616333 -0.1283762902021408 0.9999986886978149
0.5524446368217468 0.44120168685913086 -0.2099352926015854 0.9999983310699463
0.5322997570037842 0.4408712089061737 -0.21883244812488556 0.9999982118606567
0.5927961468696594 0.530640721321106 -0.043367549777030945 0.9999966621398926
0.45774227380752563 0.5256288051605225 -0.04418618232011795 0.9999895095825195
0.6379244923591614 0.6740520000457764 -0.21462605893611908 0.9978739023208618
0.4095069169998169 0.7064014673233032 -0.21969471871852875 0.9973723888397217
0.595673143863678 0.4987390637397766 -0.4888141453266144 0.9998941421508789
0.408643901348114 0.6084479093551636 -0.5003240704536438 0.9999321699142456
0.5939740538597107 0.44513753056526184 -0.5343922972679138 0.9995220899581909
0.41154414415359497 0.5662305355072021 -0.5449700951576233 0.9997901320457458
0.5890403389930725 0.43400537967681885 -0.5113024115562439 0.999406099319458
0.4146808087825775 0.5480180978775024 -0.5220564007759094 0.9997544884681702
0.5852992534637451 0.4543513357639313 -0.485100120306015 0.9993385672569275
0.4174812138080597 0.5623766183853149 -0.49894025921821594 0.9996871948242188
0.5773348212242126 0.8457160592079163 0.004981545731425285 0.9987781643867493
0.4798937439918518 0.8491634130477905 -0.0037396836560219526 0.9976798892021179
0.5846956968307495 1.1063382625579834 -0.1619599610567093 0.32752054929733276
0.48403438925743103 1.1143637895584106 0.07654324918985367 0.13664518296718597
0.5812631249427795 1.3314166069030762 0.0991431176662445 0.0009472539531998336
0.4797142744064331 1.3439334630966187 0.32402047514915466 0.002014357363805175
0.5810039639472961 1.3671505451202393 0.12114991992712021 0.008252991363406181
0.4757244288921356 1.3803848028182983 0.3432053327560425 0.00357527076266706
0.5680304169654846 1.424696445465088 -0.045146603137254715 0.0012755861971527338
0.491830438375473 1.4278708696365356 0.16901440918445587 0.0014807661063969135
