0.5302709937095642 0.39546656608581543 -0.37083899974823 0.9997782111167908
0.5359222888946533 0.3747735321521759 -0.33867695927619934 0.9997550845146179
0.5401591062545776 0.375554621219635 -0.3387928903102875 0.9997528195381165
0.5445200800895691 0.37656164169311523 -0.33901312947273254 0.9996918439865112
0.5206402540206909 0.37501204013824463 -0.3462071418762207 0.999699592590332
0.514431893825531 0.37659913301467896 -0.34630101919174194 0.9997052550315857
0.5088681578636169 0.3788841962814331 -0.3463996350765228 0.9996639490127563
0.5498581528663635 0.39383190870285034 -0.1726200133562088 0.9997774958610535
0.49888816475868225 0.3977052569389343 -0.20672154426574707 0.999876856803894
0.5375783443450928 0.42143675684928894 -0.309986412525177 0.9999542236328125
0.5171888470649719 0.4239282011985779 -0.32024064660072327 0.999958872795105
0.5868750810623169 0.533124566078186 -0.08884591609239578 0.999767005443573
0.4571146070957184 0.5374560356140137 -0.1435958296060562 0.9992179870605469
0.6356717348098755 0.6830833554267883 -0.29279854893684387 0.9841530919075012
0.4106982350349426 0.7164146900177002 -0.36342108249664307 0.9934301972389221
0.6337938904762268 0.6137537956237793 -0.6273863911628723 0.9772183895111084
0.46904048323631287 0.6041110754013062 -0.6652336716651917 0.9970061182975769
0.6398068070411682 0.6108624339103699 -0.6891381144523621 0.9376577734947205
0.4846181869506836 0.5769878625869751 -0.723565399646759 0.9875708818435669
0.6308640837669373 0.5916702151298523 -0.6639220118522644 0.9367074966430664
0.4793391227722168 0.5383011102676392 -0.6958766579627991 0.9854806065559387
0.6259642839431763 0.590740442276001 -0.6248164772987366 0.9214826822280884
0.4802848994731903 0.5503174662590027 -0.6587907671928406 0.9792972207069397
0.568985641002655 0.8248025178909302 0.012956083752214909 0.9943752288818359
0.4785614311695099 0.8214478492736816 -0.012493529357016087 0.9956448078155518
0.5941106677055359 1.050360083580017 -0.25796929001808167 0.5645259022712708
0.46731799840927124 1.0269718170166016 -0.33627548813819885 0.7023268938064575
0.593779444694519 1.2012577056884766 0.12668050825595856 0.009807117283344269
0.479379266500473 1.2129056453704834 0.007352722343057394 0.03394893929362297
0.5897387862205505 1.2238459587097168 0.15881694853305817 0.02323012799024582
0.48318973183631897 1.239874243736267 0.03646663948893547 0.017911270260810852
0.6018816828727722 1.2820976972579956 0.028201214969158173 0.006099672056734562
0.4811688959598541 1.2950406074523926 -0.1214548721909523 0.018410012125968933
