0.5333903431892395 0.4101783335208893 -0.08025551587343216 0.9993000030517578
0.5393491387367249 0.38707175850868225 -0.05444783717393875 0.9993114471435547
0.5429936647415161 0.3876866400241852 -0.05446800962090492 0.9993492960929871
0.5466073155403137 0.38873374462127686 -0.054565634578466415 0.9994232654571533
0.5254905223846436 0.3856078088283539 -0.06624628603458405 0.9992755055427551
0.5194400548934937 0.38534966111183167 -0.06636817008256912 0.9992789626121521
0.5137686133384705 0.3855772912502289 -0.06652818620204926 0.9993619322776794
0.5476071834564209 0.4015023112297058 0.07598455995321274 0.9996441602706909
0.5013895630836487 0.39804065227508545 0.0248742513358593 0.9996252059936523
0.5385711789131165 0.43702951073646545 -0.030031921342015266 0.999142050743103
0.5216020345687866 0.43515974283218384 -0.045692287385463715 0.9988489151000977
0.5782307982444763 0.5269196033477783 0.10764563828706741 0.998511016368866
0.4544609785079956 0.525018572807312 0.02671201340854168 0.9989579916000366
0.6169667840003967 0.6686884760856628 -0.10646305233240128 0.988098680973053
0.4357568621635437 0.6809803247451782 -0.2095317393541336 0.996384859085083
0.555127739906311 0.5382814407348633 -0.3539975583553314 0.9898840188980103
0.5150659084320068 0.5466587543487549 -0.4057345986366272 0.9991483688354492
0.55152428150177 0.4876936674118042 -0.4035889804363251 0.9680942296981812
0.5227691531181335 0.496910035610199 -0.44779226183891296 0.9955119490623474
0.5445811152458191 0.47762593626976013 -0.36142247915267944 0.9634438157081604
0.5185147523880005 0.4833310842514038 -0.41096505522727966 0.9945501685142517
0.5432980060577393 0.4950479567050934 -0.3446197509765625 0.9738591909408569
0.5169529914855957 0.5030008554458618 -0.39492231607437134 0.9946869611740112
0.5669183731079102 0.8157100677490234 0.01969889923930168 0.9998395442962646
0.47546476125717163 0.8233643770217896 -0.018588833510875702 0.9997720122337341
0.5800992846488953 1.0608893632888794 -0.09591468423604965 0.7282736897468567
0.4730565845966339 1.0771092176437378 0.059508539736270905 0.6947866082191467
0.5879365801811218 1.2709314823150635 0.1781887412071228 0.0010277085239067674
0.473946213722229 1.2894715070724487 0.3172466456890106 0.0033893371000885963
0.588752031326294 1.3104701042175293 0.20317013561725616 0.003342241048812866
0.47288262844085693 1.3300409317016602 0.33926835656166077 0.001834491384215653
0.5846666097640991 1.3480474948883057 0.0746113583445549 0.000593530829064548
0.48197615146636963 1.3626810312271118 0.1935426890850067 0.0014343207003548741
