0.5365650653839111 0.40995609760284424 -0.1767895370721817 0.9999549388885498
0.542210578918457 0.3887806534767151 -0.15754082798957825 0.9999279975891113
0.5465173125267029 0.389413982629776 -0.1574363112449646 0.999946117401123
0.5508686304092407 0.39037781953811646 -0.1573869287967682 0.9999293088912964
0.5269924998283386 0.38610556721687317 -0.170316681265831 0.999945878982544
0.5202918648719788 0.3854442536830902 -0.17045067250728607 0.999958872795105
0.5143447518348694 0.3853338658809662 -0.170554980635643 0.9999512434005737
0.5534292459487915 0.4031510055065155 -0.03397482633590698 0.9999518394470215
0.5027444958686829 0.3993823528289795 -0.09166350960731506 0.9999856948852539
0.5432232618331909 0.437116414308548 -0.12746673822402954 0.9999351501464844
0.5238392949104309 0.4363365173339844 -0.14451278746128082 0.9999575614929199
0.5828145146369934 0.5334622859954834 0.04866674914956093 0.9999068975448608
0.45456916093826294 0.5359418392181396 -0.049488719552755356 0.9999264478683472
0.6219974756240845 0.6760138273239136 -0.06790239363908768 0.9987611770629883
0.4165307283401489 0.7220210433006287 -0.17328988015651703 0.9990680813789368
0.573586642742157 0.4989766478538513 -0.2614516615867615 0.9997500777244568
0.482279509305954 0.6598314046859741 -0.2994628846645355 0.9996767044067383
0.5614904761314392 0.45164555311203003 -0.2961529791355133 0.9988046884536743
0.4963948130607605 0.6219950914382935 -0.32620683312416077 0.9985470175743103
0.5600922107696533 0.4371086359024048 -0.26583346724510193 0.9983353018760681
0.4965423047542572 0.5977652072906494 -0.3003457486629486 0.9982026815414429
0.5594621300697327 0.45576992630958557 -0.2538174092769623 0.9987391829490662
0.49532681703567505 0.6061067581176758 -0.2897249460220337 0.9983043670654297
0.5708580613136292 0.8418176174163818 0.031185384839773178 0.9997943043708801
0.47396209836006165 0.8490105867385864 -0.03001788631081581 0.9997754693031311
0.5739973783493042 1.1205472946166992 0.044046320021152496 0.19730915129184723
0.4725109338760376 1.1187126636505127 0.07115454971790314 0.17133893072605133
0.5763097405433655 1.3433486223220825 0.33606818318367004 0.00026465285918675363
0.46786439418792725 1.349621057510376 0.32007232308387756 0.000930429610889405
0.5782681107521057 1.3828067779541016 0.36046934127807617 0.0009110954706557095
0.46435216069221497 1.390059232711792 0.33971521258354187 0.0016158850630745292
0.569215714931488 1.4197113513946533 0.22202302515506744 0.0003348185564391315
0.4750923812389374 1.4270153045654297 0.17192085087299347 0.0008436518255621195
