0.5333127379417419 0.40067869424819946 -0.24347542226314545 0.9999352693557739
0.5387579202651978 0.38225704431533813 -0.22157560288906097 0.9999088048934937
0.5428212285041809 0.3831288814544678 -0.22164954245090485 0.9999455213546753
0.5474182367324829 0.3846551179885864 -0.22167739272117615 0.999913215637207
0.5250182747840881 0.38025566935539246 -0.23318377137184143 0.9999028444290161
0.5186575651168823 0.3801785111427307 -0.2333270162343979 0.9999381303787231
0.5127154588699341 0.3805912137031555 -0.23349645733833313 0.9999077320098877
0.5514074563980103 0.39731699228286743 -0.08877407759428024 0.9999555349349976
0.5012242197990417 0.3954989016056061 -0.1435416042804718 0.999971866607666
0.5394269227981567 0.4275082051753998 -0.19094140827655792 0.999922513961792
0.521111249923706 0.42678412795066833 -0.20725072920322418 0.9999420642852783
0.5815900564193726 0.5207820534706116 -0.011467977426946163 0.9998817443847656
0.45127442479133606 0.535929262638092 -0.07349798828363419 0.9996442794799805
0.6275247931480408 0.669392466545105 -0.15910768508911133 0.9995238780975342
0.4166269302368164 0.7189986109733582 -0.20897726714611053 0.9987069368362427
0.5868576169013977 0.5399388074874878 -0.43492233753204346 0.9995840191841125
0.47938698530197144 0.7025059461593628 -0.4302487373352051 0.999031662940979
0.5749360918998718 0.49161484837532043 -0.48851650953292847 0.9987455606460571
0.490502268075943 0.6957671642303467 -0.4741712808609009 0.9967542290687561
0.5747217535972595 0.47443440556526184 -0.45968565344810486 0.9986327290534973
0.49400079250335693 0.6726592779159546 -0.4553287625312805 0.9965932965278625
0.5747976899147034 0.48697397112846375 -0.4286559224128723 0.998694121837616
0.49241697788238525 0.6715572476387024 -0.42469522356987 0.9965127110481262
0.5727028250694275 0.8261905908584595 0.016274744644761086 0.9997686743736267
0.4776216149330139 0.835343062877655 -0.015607926063239574 0.9996812343597412
0.5959387421607971 1.0806455612182617 -0.01447817962616682 0.724136471748352
0.47136932611465454 1.0358740091323853 -0.023298578336834908 0.6675567626953125
0.5940644145011902 1.2779016494750977 0.34190043807029724 0.0018091421807184815
0.4712708294391632 1.3021790981292725 0.23533710837364197 0.007658913731575012
0.5949442982673645 1.3047479391098022 0.3755004107952118 0.006881173234432936
0.4675427973270416 1.3389099836349487 0.2589816451072693 0.014000841416418552
0.5846572518348694 1.3684802055358887 0.27230313420295715 0.0007029896369203925
0.4855123460292816 1.3777177333831787 0.1161617562174797 0.002885248512029648
