0.5302793979644775 0.3982091546058655 -0.38830819725990295 0.9999620914459229
0.535399317741394 0.37614744901657104 -0.36200210452079773 0.9999092817306519
0.5391162037849426 0.376924991607666 -0.3621138334274292 0.9999463558197021
0.5436397790908813 0.3784806728363037 -0.3622421324253082 0.9999004602432251
0.5209164023399353 0.3751348853111267 -0.3642069697380066 0.9998904466629028
0.514703094959259 0.37563812732696533 -0.3643690049648285 0.9999352693557739
0.5095979571342468 0.3768150210380554 -0.36451295018196106 0.9998875856399536
0.5476179122924805 0.3939198851585388 -0.20483429729938507 0.999943733215332
0.49898043274879456 0.394663542509079 -0.21620674431324005 0.9999673366546631
0.537387490272522 0.4243023097515106 -0.3292698264122009 0.9999880790710449
0.5181697010993958 0.42463916540145874 -0.3327675759792328 0.999990701675415
0.5873650312423706 0.5303691625595093 -0.11744386702775955 0.9999760389328003
0.45097389817237854 0.5363680124282837 -0.10359484702348709 0.9999297857284546
0.632771372795105 0.6952488422393799 -0.25738486647605896 0.9977527260780334
0.41791635751724243 0.6914917230606079 -0.108894944190979 0.9959206581115723
0.632856547832489 0.6755061149597168 -0.6191964745521545 0.9945912957191467
0.4257980287075043 0.8118863701820374 -0.2939685583114624 0.9876042604446411
0.6255496740341187 0.6610492467880249 -0.6942539215087891 0.9873945713043213
0.4142146110534668 0.8516566157341003 -0.3352530598640442 0.972345232963562
0.6225563287734985 0.6371434926986694 -0.688965916633606 0.9886215329170227
0.4226732850074768 0.8498740196228027 -0.35583260655403137 0.9765285849571228
0.6214150190353394 0.6386928558349609 -0.6246212720870972 0.9843235611915588
0.4308655560016632 0.8350063562393188 -0.303754597902298 0.9735707640647888
0.5738050937652588 0.8382672667503357 -0.0077659981325268745 0.9976925849914551
0.48570674657821655 0.8481895327568054 0.008317972533404827 0.9972570538520813
0.6099145412445068 1.0545696020126343 -0.29834264516830444 0.7676960825920105
0.4570941627025604 1.0335780382156372 -0.27244046330451965 0.8526791334152222
0.6123753786087036 1.2194914817810059 0.12288229167461395 0.03981570154428482
0.47042223811149597 1.2354507446289062 0.05760945752263069 0.09981681406497955
0.6113318204879761 1.243970513343811 0.16044186055660248 0.08597128093242645
0.4720512926578522 1.2638105154037476 0.08619137108325958 0.121573805809021
0.6095961332321167 1.2958914041519165 0.02345365285873413 0.019100289791822433
0.48221176862716675 1.3148410320281982 -0.07339666038751602 0.04300406202673912
