0.5482895970344543 0.3351706266403198 -0.24738439917564392 0.9999992847442627
0.5577768087387085 0.31801968812942505 -0.21828311681747437 0.9999988079071045
0.5625985264778137 0.31850630044937134 -0.21836717426776886 0.999998927116394
0.5676612257957458 0.3191149830818176 -0.21847884356975555 0.9999984502792358
0.5386518836021423 0.3181689381599426 -0.2185339778661728 0.9999985694885254
0.5320864915847778 0.3198620676994324 -0.21854394674301147 0.9999988079071045
0.5272778272628784 0.32111644744873047 -0.21867217123508453 0.9999983310699463
0.577214777469635 0.3371950387954712 -0.06533662229776382 0.999998927116394
0.5192702412605286 0.34161674976348877 -0.06819237023591995 0.9999994039535522
0.5606124997138977 0.36679863929748535 -0.1910199522972107 0.9999998807907104
0.5351068377494812 0.36621150374412537 -0.19203655421733856 0.9999998807907104
0.6214040517807007 0.4812484681606293 0.010416164062917233 0.9999707937240601
0.48044300079345703 0.48742997646331787 -0.02058415487408638 0.9999794960021973
0.6568912267684937 0.66535484790802 -0.08831020444631577 0.9788917303085327
0.4597264528274536 0.6738743185997009 -0.12247385829687119 0.9868025183677673
0.6266392469406128 0.7844291925430298 -0.3538971245288849 0.9200179576873779
0.5075684189796448 0.785706102848053 -0.331214040517807 0.9429482221603394
0.6294285655021667 0.8514718413352966 -0.41732004284858704 0.8535009622573853
0.5098915100097656 0.8563001155853271 -0.3823682367801666 0.8947310447692871
0.6109161972999573 0.8370820879936218 -0.43022260069847107 0.8664308786392212
0.5298027992248535 0.8383121490478516 -0.39107581973075867 0.9006445407867432
0.6047917604446411 0.8105023503303528 -0.3636886179447174 0.8602026104927063
0.5305047631263733 0.811931848526001 -0.3358767628669739 0.8832221627235413
0.6039614081382751 0.7706022262573242 0.009911852888762951 0.997282862663269
0.5124911665916443 0.7864398956298828 -0.009274138137698174 0.9971541166305542
0.6287533044815063 0.8909009099006653 -0.5411165356636047 0.9090505242347717
0.5161881446838379 0.8867826461791992 -0.5176066756248474 0.9146245718002319
0.6218490600585938 1.1225407123565674 -0.44067785143852234 0.31022346019744873
0.5514174103736877 1.1563916206359863 -0.4752589762210846 0.4184615910053253
0.6142567992210388 1.168090581893921 -0.4411545395851135 0.6548296809196472
0.5619570016860962 1.201587438583374 -0.4810023307800293 0.47365349531173706
0.6372405290603638 1.1996164321899414 -0.6251482367515564 0.3663460612297058
0.5550023317337036 1.2503893375396729 -0.6897149682044983 0.34219592809677124
