0.5519760251045227 0.34692585468292236 -0.4011421203613281 0.9999796152114868
0.5609292387962341 0.322441041469574 -0.3737337291240692 0.999964714050293
0.5673231482505798 0.32310712337493896 -0.37380966544151306 0.9999806880950928
0.5717532634735107 0.32426273822784424 -0.37386295199394226 0.999957799911499
0.5427902936935425 0.322931170463562 -0.3738148808479309 0.9999532699584961
0.5364869236946106 0.3241555690765381 -0.3740844428539276 0.9999758005142212
0.5316973924636841 0.32557451725006104 -0.3741908073425293 0.999954104423523
0.5817928910255432 0.34027063846588135 -0.20449137687683105 0.999983549118042
0.5231590867042542 0.3426779508590698 -0.20609614253044128 0.9999845027923584
0.565344512462616 0.3747384548187256 -0.337109237909317 0.9999775886535645
0.5415149331092834 0.3756982088088989 -0.338267058134079 0.9999697208404541
0.6263346076011658 0.48126813769340515 -0.10560055077075958 0.999923825263977
0.482962429523468 0.4914007782936096 -0.09911654144525528 0.9998162388801575
0.6945577263832092 0.6682840585708618 -0.3080163300037384 0.9997757077217102
0.4373277723789215 0.6928099989891052 -0.30639806389808655 0.9990038275718689
0.6723793745040894 0.5582669377326965 -0.6656951904296875 0.9996029734611511
0.46274057030677795 0.5713469982147217 -0.6917835474014282 0.9998799562454224
0.6646049618721008 0.5288337469100952 -0.7298732399940491 0.9985262155532837
0.472515732049942 0.5246610641479492 -0.7574005722999573 0.999326229095459
0.6636317372322083 0.5044596791267395 -0.6986685991287231 0.9985079169273376
0.4705492854118347 0.4980740547180176 -0.7328613996505737 0.9992857575416565
0.6628602147102356 0.5144405961036682 -0.6595121622085571 0.998721182346344
0.47210562229156494 0.5134738683700562 -0.6891637444496155 0.9993257522583008
0.6120241284370422 0.8310741186141968 0.002241720911115408 0.9998875856399536
0.5071226358413696 0.8299165964126587 -0.0014862891985103488 0.9998692274093628
0.6289002299308777 1.1060595512390137 -0.0492740124464035 0.74967360496521
0.5004180073738098 1.106160283088684 -0.10558158904314041 0.83519446849823
0.6330927610397339 1.3214079141616821 0.45510929822921753 0.00033203716157004237
0.48934876918792725 1.3182804584503174 0.340242475271225 0.0017121098935604095
0.6361851096153259 1.3595761060714722 0.5013030171394348 0.0014888353180140257
0.48588207364082336 1.3597352504730225 0.3814179599285126 0.002893019001930952
0.6235279440879822 1.414369821548462 0.3760921061038971 0.00012699762010015547
0.5005090832710266 1.3952043056488037 0.2236471027135849 0.0007743875030428171
