0.5564123392105103 0.3216645121574402 -0.48804596066474915 0.999980092048645
0.5634967684745789 0.3006093502044678 -0.4572948217391968 0.999977707862854
0.5676167011260986 0.30142390727996826 -0.4574219882488251 0.9999823570251465
0.5724330544471741 0.3026677966117859 -0.45763930678367615 0.9999760389328003
0.546329140663147 0.3002997636795044 -0.460159033536911 0.9999665021896362
0.5398902297019958 0.3008210062980652 -0.46016281843185425 0.9999674558639526
0.5343906283378601 0.30157750844955444 -0.46020427346229553 0.9999462366104126
0.5783126354217529 0.31882309913635254 -0.28515762090682983 0.9999822378158569
0.5249244570732117 0.31936323642730713 -0.30094167590141296 0.9999748468399048
0.5651803612709045 0.34837400913238525 -0.42516252398490906 0.9999978542327881
0.5432133078575134 0.3485509157180786 -0.4299749433994293 0.999997615814209
0.6137001514434814 0.47407835721969604 -0.20926448702812195 0.9999949932098389
0.48115020990371704 0.4766707122325897 -0.19128867983818054 0.9999663829803467
0.6456970572471619 0.6694315075874329 -0.3804031014442444 0.9974997639656067
0.4525921642780304 0.6809670925140381 -0.15024353563785553 0.9712335467338562
0.616115927696228 0.5921070575714111 -0.7167953848838806 0.9961254000663757
0.4177349805831909 0.8543915748596191 -0.2860434949398041 0.902612030506134
0.5995415449142456 0.5702432990074158 -0.7814680337905884 0.989467442035675
0.40628916025161743 0.9112063050270081 -0.31460222601890564 0.8612778186798096
0.5978437066078186 0.5349494218826294 -0.766876757144928 0.9891226887702942
0.4106616973876953 0.9155967235565186 -0.3524840176105499 0.8749210238456726
0.5996829867362976 0.536669909954071 -0.7161388993263245 0.9803054332733154
0.4165586829185486 0.8974900245666504 -0.30248451232910156 0.861406147480011
0.5916860699653625 0.789070725440979 0.0103044668212533 0.999758780002594
0.49793359637260437 0.784618079662323 -0.010140436701476574 0.9994126558303833
0.6329734921455383 0.975003182888031 -0.42562761902809143 0.8536471724510193
0.4875456690788269 0.9666956067085266 -0.43292877078056335 0.7197170257568359
0.6086103916168213 0.9731425046920776 0.06748778373003006 0.044502537697553635
0.5145636796951294 0.9857924580574036 0.02932187169790268 0.028804956004023552
0.6050719022750854 0.955278754234314 0.12012792378664017 0.08206336945295334
0.516573965549469 0.98170405626297 0.07693629711866379 0.04038676619529724
0.5964686274528503 1.020038366317749 0.05870745703577995 0.04298635572195053
0.5328084230422974 1.027988314628601 -0.010650078766047955 0.028257405385375023
