0.5505204796791077 0.32947951555252075 -0.5748677849769592 0.9999324083328247
0.5572965741157532 0.30778968334198 -0.5450471043586731 0.9998427629470825
0.561879575252533 0.30761784315109253 -0.5451437830924988 0.9998753070831299
0.5659911036491394 0.3078959584236145 -0.5453906655311584 0.9998216032981873
0.5401350259780884 0.30956995487213135 -0.5494787096977234 0.9997860789299011
0.5344669222831726 0.31052666902542114 -0.5494903922080994 0.9997969269752502
0.5286495089530945 0.3113434314727783 -0.5495551824569702 0.999652624130249
0.5711207985877991 0.32119321823120117 -0.3654327392578125 0.9998770952224731
0.5186428427696228 0.32701796293258667 -0.38758185505867004 0.9998966455459595
0.5590174198150635 0.3567526638507843 -0.5076898336410522 0.9999887943267822
0.5393965244293213 0.35570982098579407 -0.5145585536956787 0.9999891519546509
0.6036084890365601 0.46382656693458557 -0.27527695894241333 0.9999895095825195
0.47746679186820984 0.4823857545852661 -0.24919480085372925 0.9998824596405029
0.6625944375991821 0.6267317533493042 -0.49223995208740234 0.9993987083435059
0.45185232162475586 0.6857606172561646 -0.2137291580438614 0.9451194405555725
0.6092885732650757 0.45329999923706055 -0.8192806839942932 0.997022807598114
0.42034998536109924 0.8571347594261169 -0.350439190864563 0.8518901467323303
0.5969262719154358 0.421824187040329 -0.8880506753921509 0.9862526059150696
0.40685033798217773 0.9095326662063599 -0.37526920437812805 0.7993635535240173
0.589989960193634 0.4107873737812042 -0.854458749294281 0.9840961694717407
0.41362130641937256 0.9125170111656189 -0.417533278465271 0.8138576149940491
0.5906580686569214 0.42044633626937866 -0.8116176724433899 0.9724088907241821
0.4202633500099182 0.8961145281791687 -0.36822354793548584 0.7825912237167358
0.5863718390464783 0.7722854018211365 0.004931783769279718 0.9996602535247803
0.49699667096138 0.7730609774589539 -0.004763188771903515 0.998678982257843
0.6271735429763794 0.9539045691490173 -0.4462537169456482 0.6952204704284668
0.482445627450943 0.9586420059204102 -0.4384438693523407 0.5375469326972961
0.6007208228111267 1.0367733240127563 0.029331745579838753 0.02366318181157112
0.4944562017917633 1.041364312171936 0.03703520447015762 0.01251754816621542
0.5943515300750732 1.0403039455413818 0.07609943300485611 0.0747251883149147
0.4958916902542114 1.0493643283843994 0.08237992972135544 0.023424165323376656
0.5966147780418396 1.1045533418655396 -0.029761219397187233 0.02607053704559803
0.5029625296592712 1.1030800342559814 -0.03251509740948677 0.012784181162714958
