0.5484918355941772 0.3252670168876648 -0.5027445554733276 0.9999855756759644
0.5570115447044373 0.30504029989242554 -0.4725203812122345 0.9999717473983765
0.5619584321975708 0.30564194917678833 -0.4726167619228363 0.9999784231185913
0.5666260123252869 0.3062184453010559 -0.472824364900589 0.9999642372131348
0.5399946570396423 0.30472713708877563 -0.4770547151565552 0.9999622106552124
0.5343366265296936 0.30518877506256104 -0.47707921266555786 0.9999668598175049
0.5291009545326233 0.30587100982666016 -0.4771469235420227 0.9999411106109619
0.5741398334503174 0.3221413493156433 -0.2971406877040863 0.9999752044677734
0.5212822556495667 0.32257765531539917 -0.32080602645874023 0.9999842643737793
0.5591312050819397 0.3529752194881439 -0.43821287155151367 0.9999977350234985
0.5373842716217041 0.35125184059143066 -0.44540169835090637 0.9999982118606567
0.6099315881729126 0.47383010387420654 -0.2046183943748474 0.9999897480010986
0.48139750957489014 0.47819310426712036 -0.21079054474830627 0.9999696016311646
0.6517342925071716 0.6691159009933472 -0.40936267375946045 0.9981763362884521
0.453031063079834 0.675652801990509 -0.18548811972141266 0.9692631363868713
0.6231592893600464 0.5188435316085815 -0.7577335834503174 0.9960873126983643
0.41883188486099243 0.8497388958930969 -0.31773310899734497 0.8968982100486755
0.6138476133346558 0.48311376571655273 -0.8209037780761719 0.9868885278701782
0.4057009816169739 0.9064139723777771 -0.3426355719566345 0.8486466407775879
0.6073107123374939 0.46679389476776123 -0.7958027124404907 0.9854458570480347
0.4123155474662781 0.9108856916427612 -0.3785836398601532 0.86002516746521
0.6060428023338318 0.47499117255210876 -0.7539158463478088 0.9752721190452576
0.4186660349369049 0.8918194770812988 -0.33273664116859436 0.8453534245491028
0.5873944759368896 0.7855457067489624 0.014803516678512096 0.9995279312133789
0.4956199526786804 0.7800998091697693 -0.014641916379332542 0.9991642236709595
0.629241943359375 0.9624371528625488 -0.41133251786231995 0.8035793304443359
0.4804114103317261 0.9439780116081238 -0.45448485016822815 0.7316862344741821
0.5994399189949036 0.9819973707199097 0.086905837059021 0.03879714384675026
0.5025498270988464 1.0115472078323364 0.007243969012051821 0.03952566161751747
0.5956822037696838 0.9721737504005432 0.13756172358989716 0.08665315806865692
0.5052473545074463 1.0149433612823486 0.0524381585419178 0.04763417690992355
0.5868067145347595 1.039419412612915 0.05695769935846329 0.038337916135787964
0.5157536864280701 1.072137713432312 -0.06243906915187836 0.03529742360115051
