0.5380334854125977 0.4143493175506592 -0.3090992569923401 0.9999711513519287
0.5442084670066833 0.39209187030792236 -0.28753983974456787 0.9999678134918213
0.5485382080078125 0.39227575063705444 -0.287538081407547 0.9999760389328003
0.5529900789260864 0.3927828073501587 -0.2876178026199341 0.9999697208404541
0.5296024084091187 0.3905549645423889 -0.29915758967399597 0.9999614953994751
0.5234870910644531 0.3901170492172241 -0.2992536127567291 0.9999696016311646
0.5177180171012878 0.3903989791870117 -0.29941850900650024 0.9999613761901855
0.5559747219085693 0.4023689031600952 -0.1375681310892105 0.9999822378158569
0.5052168369293213 0.4015176296234131 -0.19281795620918274 0.9999861717224121
0.5442996621131897 0.44199416041374207 -0.24981273710727692 0.9999860525131226
0.5273531675338745 0.44445183873176575 -0.26655349135398865 0.9999856948852539
0.5945009589195251 0.5268536806106567 -0.031412623822689056 0.9999790191650391
0.45639389753341675 0.5231806039810181 -0.11934050172567368 0.9999516010284424
0.6445109844207764 0.7096296548843384 -0.16353441774845123 0.9994138479232788
0.4082006812095642 0.6966763734817505 -0.31747281551361084 0.9987999200820923
0.6376023888587952 0.5685431957244873 -0.4498290419578552 0.9995394945144653
0.4562167525291443 0.5792781114578247 -0.6121106743812561 0.9996869564056396
0.6195165514945984 0.5381112098693848 -0.49851828813552856 0.997542142868042
0.4733165204524994 0.548123836517334 -0.6666098237037659 0.9980746507644653
0.617848813533783 0.5154770612716675 -0.47506681084632874 0.9973994493484497
0.4736827313899994 0.5241101980209351 -0.6391746997833252 0.9977647066116333
0.6196020245552063 0.5270037055015564 -0.4461137652397156 0.997219443321228
0.47102683782577515 0.5361837148666382 -0.6057712435722351 0.9974942207336426
0.5735405087471008 0.8400434851646423 0.023698337376117706 0.9993958473205566
0.4781787097454071 0.8405676484107971 -0.02272382192313671 0.9993534684181213
0.5836460590362549 1.0990592241287231 0.008616853505373001 0.3009110689163208
0.477180153131485 1.0824568271636963 -0.07954878360033035 0.251831591129303
0.5875816345214844 1.3173924684524536 0.32710233330726624 0.0002446782309561968
0.46637505292892456 1.321254014968872 0.15020407736301422 0.0011095305671915412
0.5891759991645813 1.3524428606033325 0.35308507084846497 0.0009195965831167996
0.46117866039276123 1.3654284477233887 0.1673915535211563 0.001010131905786693
0.5777167081832886 1.4045425653457642 0.20719215273857117 0.00016716380196157843
0.4799470603466034 1.3939155340194702 -0.02297341078519821 0.0008146701147779822
