0.5452271103858948 0.41103607416152954 -0.1731574833393097 0.9999926090240479
0.5508721470832825 0.3902894854545593 -0.15129028260707855 0.9999871253967285
0.5553314089775085 0.3912566900253296 -0.15126965939998627 0.9999904632568359
0.5590082406997681 0.39235055446624756 -0.15120664238929749 0.9999874830245972
0.5373117923736572 0.38830047845840454 -0.1612192690372467 0.9999877214431763
0.5312924981117249 0.38802844285964966 -0.1612183004617691 0.9999902248382568
0.525162935256958 0.38850587606430054 -0.1613699048757553 0.9999876022338867
0.560624897480011 0.4037136435508728 -0.021190037950873375 0.9999897480010986
0.5117565393447876 0.40083983540534973 -0.06916259974241257 0.9999953508377075
0.5505567789077759 0.4380388557910919 -0.12420126050710678 0.9999909400939941
0.5341933965682983 0.43695759773254395 -0.1386958807706833 0.9999935626983643
0.5924564599990845 0.536281406879425 0.04015757143497467 0.9999815225601196
0.46091195940971375 0.525331437587738 0.0035499318037182093 0.9999774694442749
0.6325457692146301 0.6925396919250488 -0.09017667174339294 0.9994066953659058
0.41896599531173706 0.7057777643203735 -0.09258481860160828 0.9990757703781128
0.6097554564476013 0.5180283784866333 -0.33259639143943787 0.9998342990875244
0.41017892956733704 0.7023332118988037 -0.32398661971092224 0.9996689558029175
0.6115297675132751 0.4561989903450012 -0.3789155185222626 0.9991146922111511
0.4149623215198517 0.7003431916236877 -0.36027559638023376 0.9989577531814575
0.6095924377441406 0.4456508159637451 -0.3570059835910797 0.9988842606544495
0.4137967824935913 0.6675798892974854 -0.3703504800796509 0.9989259839057922
0.6053202152252197 0.46318161487579346 -0.3301751911640167 0.9990789890289307
0.41472771763801575 0.6661735773086548 -0.332956463098526 0.9990146160125732
0.577560544013977 0.8465561270713806 0.012556423433125019 0.999581515789032
0.4823501408100128 0.8490398526191711 -0.011240929365158081 0.9994692206382751
0.5837351679801941 1.1065376996994019 -0.02639860473573208 0.04100245609879494
0.485574871301651 1.093566656112671 0.01651744171977043 0.034591831266880035
0.5840595960617065 1.3319966793060303 0.18549717962741852 5.766187678091228e-05
0.4782474935054779 1.3283783197402954 0.20169933140277863 0.00018892856314778328
0.5868790745735168 1.3663560152053833 0.20121270418167114 0.00037471827818080783
0.47226208448410034 1.365915060043335 0.21507683396339417 0.0004951494629494846
0.5683382749557495 1.4162182807922363 0.06105026230216026 7.865210500312969e-05
0.49326175451278687 1.4080324172973633 0.05187280848622322 0.00021792536426801234
