0.5386216044425964 0.4055512249469757 -0.24376104772090912 0.9999982118606567
0.5444682240486145 0.3852940797805786 -0.21760693192481995 0.999995231628418
0.5484057664871216 0.3860480487346649 -0.21766512095928192 0.9999969005584717
0.5525732636451721 0.38729727268218994 -0.2177053838968277 0.999994158744812
0.5291334390640259 0.38445937633514404 -0.22291603684425354 0.9999940395355225
0.5231411457061768 0.3851262331008911 -0.22296305000782013 0.9999959468841553
0.5177062153816223 0.3865414261817932 -0.22305040061473846 0.9999922513961792
0.5556109547615051 0.39855116605758667 -0.06946711987257004 0.9999978542327881
0.5073980093002319 0.3993404805660248 -0.09173880517482758 0.9999978542327881
0.5455033183097839 0.432768851518631 -0.1891089379787445 0.9999986886978149
0.5276594758033752 0.4341389536857605 -0.1960008293390274 0.9999985694885254
0.5897783637046814 0.5347921848297119 0.01577247865498066 0.9999949932098389
0.45670339465141296 0.5294654369354248 -0.01425930391997099 0.9999524354934692
0.6411122679710388 0.6820375323295593 -0.08394166082143784 0.9990804195404053
0.4278452694416046 0.7083795070648193 -0.11944009363651276 0.9977338314056396
0.6850030422210693 0.6480528116226196 -0.3753975033760071 0.9993208646774292
0.4044096767902374 0.761799156665802 -0.4054564833641052 0.9969602227210999
0.7140024900436401 0.6418017148971558 -0.43482276797294617 0.9972971081733704
0.4093848466873169 0.7785688042640686 -0.4510279595851898 0.9935107827186584
0.7062059640884399 0.6196991801261902 -0.4441041946411133 0.9975179433822632
0.410921573638916 0.756193220615387 -0.4722338616847992 0.9944095015525818
0.6939631700515747 0.6187095642089844 -0.3873577415943146 0.9979458451271057
0.41081148386001587 0.7484674453735352 -0.4193960726261139 0.9950997233390808
0.5728759765625 0.8278751969337463 0.003694989951327443 0.9997478127479553
0.48450297117233276 0.8360405564308167 -0.0023695998825132847 0.9994507431983948
0.5883267521858215 1.0546445846557617 -0.18783047795295715 0.4116683006286621
0.49335628747940063 1.074770450592041 0.007986183278262615 0.2231612503528595
0.5859643816947937 1.2492883205413818 0.11746178567409515 0.0008812638698145747
0.4968286454677582 1.265165090560913 0.2867765724658966 0.0015900802100077271
0.5872592926025391 1.2806503772735596 0.14192742109298706 0.004010963719338179
0.4945933520793915 1.3000547885894775 0.3084435760974884 0.0031767345499247313
0.5726597309112549 1.3350248336791992 -0.006641116458922625 0.0005346222897060215
0.5071726441383362 1.340014100074768 0.148514062166214 0.001090878271497786
