0.5411301851272583 0.41060715913772583 -0.29227039217948914 0.9998764991760254
0.5447791218757629 0.3871921896934509 -0.2696956694126129 0.9998050332069397
0.5485283732414246 0.3869125247001648 -0.26969531178474426 0.9997707009315491
0.5521680116653442 0.38704967498779297 -0.2697426974773407 0.9997856020927429
0.5314126014709473 0.38650816679000854 -0.2809240520000458 0.9998559951782227
0.5248275995254517 0.3860844373703003 -0.280948281288147 0.9998326301574707
0.5187174677848816 0.38633716106414795 -0.28114694356918335 0.9998623132705688
0.5532944798469543 0.39729976654052734 -0.12310514599084854 0.9997507929801941
0.5046322345733643 0.39890027046203613 -0.1738215833902359 0.9999524354934692
0.5462915301322937 0.4363793134689331 -0.2343832403421402 0.99996018409729
0.5304431915283203 0.4360409677028656 -0.24974128603935242 0.9999810457229614
0.5856865644454956 0.5256112813949585 -0.033345796167850494 0.9998983144760132
0.45481061935424805 0.5380022525787354 -0.08032896369695663 0.9998555183410645
0.6392396092414856 0.6722531318664551 -0.1645319163799286 0.9985774755477905
0.4164592921733856 0.7177157402038574 -0.07435198128223419 0.994449257850647
0.5716348886489868 0.5143883228302002 -0.41483592987060547 0.9976574182510376
0.4604399800300598 0.8170672655105591 -0.16554830968379974 0.9788632988929749
0.5567523241043091 0.4731409251689911 -0.4690003991127014 0.9853336811065674
0.46532920002937317 0.8640177249908447 -0.18648329377174377 0.9254185557365417
0.5552138686180115 0.4562177062034607 -0.4334835410118103 0.982750654220581
0.48274439573287964 0.8489580154418945 -0.19303223490715027 0.9280347228050232
0.555323600769043 0.4717079699039459 -0.40641483664512634 0.9834717512130737
0.48359808325767517 0.8337194919586182 -0.16703353822231293 0.9359840154647827
0.5794091820716858 0.8519348502159119 0.009218432940542698 0.9987118244171143
0.4875415563583374 0.8630613088607788 -0.008121752180159092 0.9981147050857544
0.5877870917320251 1.1238274574279785 0.0028937985189259052 0.2576914131641388
0.49625149369239807 1.1211304664611816 0.041046176105737686 0.12664960324764252
0.5899008512496948 1.336510419845581 0.3656378388404846 0.0007011666311882436
0.5008541345596313 1.3398911952972412 0.3443007469177246 0.002076750621199608
0.5910816192626953 1.3730863332748413 0.3970813751220703 0.0022639138624072075
0.4978175759315491 1.380342960357666 0.370559960603714 0.0035314583219587803
0.5807898044586182 1.4288090467453003 0.24773232638835907 0.0009551875991746783
0.5203400254249573 1.4222803115844727 0.19304117560386658 0.003137179184705019
