0.5400593280792236 0.4131113588809967 -0.3079093396663666 0.9999452829360962
0.5429815649986267 0.3887863755226135 -0.28515541553497314 0.9998912811279297
0.546148955821991 0.3889193534851074 -0.28516265749931335 0.9999045133590698
0.5492663979530334 0.38923561573028564 -0.28526952862739563 0.9998730421066284
0.5300629138946533 0.3891453146934509 -0.29437097907066345 0.9999023675918579
0.5236849784851074 0.38919156789779663 -0.29444101452827454 0.999915361404419
0.5176698565483093 0.39008259773254395 -0.2945694923400879 0.9999034404754639
0.5493858456611633 0.4020037055015564 -0.14536918699741364 0.999902606010437
0.503754734992981 0.40396180748939514 -0.1890154778957367 0.9999758005142212
0.5450284481048584 0.4388452172279358 -0.25349974632263184 0.9999793767929077
0.5288588404655457 0.4382064640522003 -0.266769140958786 0.9999891519546509
0.5811234712600708 0.5328702926635742 -0.06286751478910446 0.9999672174453735
0.453208327293396 0.5394080877304077 -0.08199398219585419 0.9998955726623535
0.6382901072502136 0.680541455745697 -0.1909312605857849 0.9995287656784058
0.4166344702243805 0.7202466726303101 -0.047762852162122726 0.9946264624595642
0.5810319781303406 0.5193711519241333 -0.42821207642555237 0.9988619089126587
0.45973148941993713 0.8163184523582458 -0.13317565619945526 0.9867700338363647
0.5684711337089539 0.4790317118167877 -0.48066985607147217 0.9938920736312866
0.4644605815410614 0.862763524055481 -0.1528310626745224 0.9596972465515137
0.5629518628120422 0.4652459919452667 -0.44592225551605225 0.9929814338684082
0.4820351302623749 0.849879264831543 -0.15901878476142883 0.9621410965919495
0.5626510977745056 0.4812028110027313 -0.41916343569755554 0.9928973913192749
0.483151912689209 0.8360805511474609 -0.13420994579792023 0.9659580588340759
0.5749596953392029 0.8360015153884888 0.003470161696895957 0.9995433688163757
0.48355358839035034 0.8463631272315979 -0.0025554830208420753 0.9991963505744934
0.5840247869491577 1.0886703729629517 -0.03549747169017792 0.4029906690120697
0.4899982511997223 1.0940027236938477 -0.0206716638058424 0.2815990746021271
0.5834954977035522 1.288453221321106 0.3537592887878418 0.000973559042904526
0.4979512393474579 1.3001667261123657 0.26296108961105347 0.003661180380731821
0.5844186544418335 1.3198091983795166 0.3892820477485657 0.002825747011229396
0.4959021508693695 1.3370362520217896 0.2876572608947754 0.00537057314068079
0.574030876159668 1.3836137056350708 0.2633810043334961 0.000744215096347034
0.5176353454589844 1.3819212913513184 0.12873110175132751 0.002933291718363762
