0.5377215147018433 0.41602402925491333 -0.3380659818649292 0.9999855756759644
0.5438218712806702 0.3913085460662842 -0.31206902861595154 0.9999651908874512
0.5472761988639832 0.3914141058921814 -0.3121021091938019 0.9999701976776123
0.5508856177330017 0.3913336396217346 -0.3121832013130188 0.9999545812606812
0.5277128219604492 0.3904745578765869 -0.3191566467285156 0.9999731779098511
0.520849883556366 0.3900042176246643 -0.31914833188056946 0.999976634979248
0.5153539776802063 0.38993579149246216 -0.3192850351333618 0.9999692440032959
0.5533303022384644 0.40068519115448 -0.15489844977855682 0.9999643564224243
0.505510687828064 0.40247875452041626 -0.18658527731895447 0.9999932050704956
0.544474720954895 0.43934881687164307 -0.27722465991973877 0.9999904632568359
0.5250413417816162 0.4392075836658478 -0.2872544527053833 0.9999949932098389
0.5863731503486633 0.5107956528663635 -0.06257512420415878 0.9999686479568481
0.4547215402126312 0.5334540605545044 -0.0735001415014267 0.9999371767044067
0.6435596346855164 0.6139078736305237 -0.1943472921848297 0.999110758304596
0.41901832818984985 0.7172102332115173 -0.0027925963513553143 0.9976571798324585
0.5863156914710999 0.44393566250801086 -0.4424414038658142 0.9976773858070374
0.45848000049591064 0.8224825859069824 -0.03994997218251228 0.9907263517379761
0.5767993927001953 0.3988589644432068 -0.4973618686199188 0.9864428043365479
0.46286508440971375 0.8688567280769348 -0.050733163952827454 0.9635562300682068
0.5713838934898376 0.3944811224937439 -0.4633273482322693 0.9845777153968811
0.47978782653808594 0.8537094593048096 -0.060466304421424866 0.9667460322380066
0.5708198547363281 0.4119345545768738 -0.4349031448364258 0.9853526949882507
0.48076146841049194 0.8387473225593567 -0.04053572565317154 0.9692862033843994
0.5759841799736023 0.8339402675628662 -0.0008824006072245538 0.9996582269668579
0.48248398303985596 0.8460662961006165 0.001984207658097148 0.9991174340248108
0.5850218534469604 1.087317705154419 -0.1482948660850525 0.5492678880691528
0.4915838837623596 1.1152923107147217 0.05170849338173866 0.30325496196746826
0.5852363705635071 1.2964459657669067 0.2096659541130066 0.0016826221253722906
0.4957657754421234 1.313584804534912 0.38486194610595703 0.002560212044045329
0.586142897605896 1.3319746255874634 0.24219174683094025 0.004665798041969538
0.4927637279033661 1.3497111797332764 0.41436490416526794 0.00516523839905858
0.5766252875328064 1.3891611099243164 0.09129222482442856 0.001270610373467207
0.5146897435188293 1.3954296112060547 0.2525308430194855 0.0025417213328182697
