0.5405187606811523 0.41373732686042786 -0.32396066188812256 0.9999662637710571
0.5443798303604126 0.38962477445602417 -0.2996453642845154 0.9999269247055054
0.5475088357925415 0.38948750495910645 -0.29966244101524353 0.9999366998672485
0.5506017208099365 0.3890184760093689 -0.2997661530971527 0.9999122619628906
0.5300200581550598 0.3886104226112366 -0.3080611228942871 0.9999403953552246
0.5226396322250366 0.38810843229293823 -0.3080715537071228 0.9999473094940186
0.51661616563797 0.38794732093811035 -0.3082049489021301 0.9999374151229858
0.5527429580688477 0.3977605700492859 -0.1520719677209854 0.9999244213104248
0.505012035369873 0.4013497829437256 -0.19002743065357208 0.9999879598617554
0.5464158654212952 0.4373410940170288 -0.2666608691215515 0.9999816417694092
0.5278875827789307 0.438968688249588 -0.27840015292167664 0.9999911785125732
0.5853807926177979 0.5128991603851318 -0.06981999427080154 0.9999682903289795
0.45483583211898804 0.5319050550460815 -0.07553618401288986 0.9999213218688965
0.6413835883140564 0.6169607043266296 -0.19514615833759308 0.9994063377380371
0.4180591404438019 0.7122491002082825 0.015734460204839706 0.9972099661827087
0.5852892994880676 0.4476235508918762 -0.42816609144210815 0.998730480670929
0.45936939120292664 0.8200486302375793 0.0022721595596522093 0.9915378093719482
0.5746589303016663 0.4014057517051697 -0.48109519481658936 0.9920766353607178
0.46443289518356323 0.866926372051239 -0.004855664912611246 0.9657220244407654
0.5694754719734192 0.39765465259552 -0.44684600830078125 0.9907271862030029
0.48144564032554626 0.8525006771087646 -0.016513364389538765 0.9681490659713745
0.5693418979644775 0.41411420702934265 -0.42015284299850464 0.9915087223052979
0.4826867878437042 0.8387081623077393 0.0013382098404690623 0.9727839827537537
0.5748245716094971 0.8309658169746399 -0.0035815679002553225 0.9995647072792053
0.4840843975543976 0.8442202806472778 0.004649628885090351 0.9991538524627686
0.5840089917182922 1.0879703760147095 -0.04320908337831497 0.3108840882778168
0.48626452684402466 1.0938163995742798 0.04454420506954193 0.2240266501903534
0.5861381888389587 1.2901928424835205 0.3235735595226288 0.0005666941870003939
0.49362456798553467 1.2992231845855713 0.34596267342567444 0.0016063887160271406
0.5874585509300232 1.3255236148834229 0.3567046821117401 0.0016904434887692332
0.49149730801582336 1.3383055925369263 0.3728976249694824 0.0030435146763920784
0.5777946710586548 1.3810467720031738 0.21929796040058136 0.00043686380377039313
0.5131786465644836 1.3791775703430176 0.21445594727993011 0.0017627077177166939
