0.5403997898101807 0.41539737582206726 -0.362777441740036 0.9999430179595947
0.5445888042449951 0.39138293266296387 -0.33958446979522705 0.9998661279678345
0.547904908657074 0.39157167077064514 -0.339554101228714 0.9998717308044434
0.5510053634643555 0.3917214274406433 -0.33965080976486206 0.9998015761375427
0.5298475623130798 0.3901374340057373 -0.34830257296562195 0.9999024868011475
0.5223502516746521 0.3894776403903961 -0.34835103154182434 0.9999161958694458
0.5161819458007812 0.3895241916179657 -0.3484894037246704 0.9999018907546997
0.5532945990562439 0.40173202753067017 -0.18660669028759003 0.999845027923584
0.5046969652175903 0.401663601398468 -0.22577707469463348 0.9999821186065674
0.5463117957115173 0.4390283226966858 -0.30234232544898987 0.9999681711196899
0.5283186435699463 0.4380643963813782 -0.3143352270126343 0.9999879598617554
0.5838524103164673 0.5150291919708252 -0.08803330361843109 0.9999371767044067
0.45359012484550476 0.5350998640060425 -0.11436794698238373 0.9999098777770996
0.6431128978729248 0.6304048299789429 -0.2170233279466629 0.9993720650672913
0.416637122631073 0.7154639959335327 -0.06433657556772232 0.9961389899253845
0.581701397895813 0.46554869413375854 -0.4482308328151703 0.9976939558982849
0.46305912733078003 0.8168697357177734 -0.12595681846141815 0.9882396459579468
0.5708974003791809 0.4238279163837433 -0.49923256039619446 0.9850682616233826
0.46766936779022217 0.8637828826904297 -0.1415758728981018 0.9598954319953918
0.565988302230835 0.4177353084087372 -0.46348652243614197 0.9821292161941528
0.4838770925998688 0.8494895100593567 -0.1494889259338379 0.9631378650665283
0.5661550760269165 0.43097567558288574 -0.43914079666137695 0.9840636253356934
0.4842272996902466 0.8350618481636047 -0.12624920904636383 0.9678992033004761
0.5729272961616516 0.8283250331878662 0.003870240645483136 0.9991311430931091
0.483792245388031 0.8399951457977295 -0.002870507538318634 0.9986364245414734
0.5797512531280518 1.0889333486557007 0.018466956913471222 0.21289590001106262
0.491056889295578 1.0861176252365112 0.039882026612758636 0.15827839076519012
0.5832302570343018 1.2768173217773438 0.43795469403266907 0.0005439576343633235
0.49924129247665405 1.2813808917999268 0.363254189491272 0.00196121446788311
0.5844084024429321 1.309435486793518 0.47574788331985474 0.0017020400846377015
0.4967620074748993 1.3166853189468384 0.3917190432548523 0.00365792540833354
0.5760855078697205 1.3678187131881714 0.3435363471508026 0.0005230612587183714
0.5190797448158264 1.366153359413147 0.229397714138031 0.0022861058823764324
