0.5401988625526428 0.4164661765098572 -0.3447451591491699 0.9999552965164185
0.5438913702964783 0.3935486376285553 -0.320794016122818 0.9998894929885864
0.5472562313079834 0.3935486376285553 -0.32078808546066284 0.9999064207077026
0.5503724217414856 0.3935771584510803 -0.32088702917099 0.9998584985733032
0.5296506881713867 0.39244577288627625 -0.3280547559261322 0.9999072551727295
0.5224717259407043 0.39169129729270935 -0.3281082212924957 0.9999240636825562
0.5163992047309875 0.39154180884361267 -0.32823923230171204 0.9999055862426758
0.5522951483726501 0.40368443727493286 -0.17113696038722992 0.9999018907546997
0.5051684379577637 0.4027269184589386 -0.20423631370067596 0.9999816417694092
0.5461096167564392 0.4405777156352997 -0.2863975465297699 0.9999780654907227
0.5285704731941223 0.4398212134838104 -0.296682745218277 0.9999901056289673
0.5844153761863708 0.5196713805198669 -0.08892529457807541 0.9999580383300781
0.45295944809913635 0.5394525527954102 -0.09047845751047134 0.9998956918716431
0.6419270634651184 0.6395012140274048 -0.2459428459405899 0.9993898868560791
0.4155381917953491 0.7174127101898193 -0.05021480843424797 0.9964421391487122
0.5835422277450562 0.4710041582584381 -0.5109255313873291 0.9980341792106628
0.45933523774147034 0.819783627986908 -0.13052625954151154 0.9865404963493347
0.5739327073097229 0.42776432633399963 -0.5679563879966736 0.9886460304260254
0.46588537096977234 0.8659152388572693 -0.14755196869373322 0.9535849094390869
0.5690519213676453 0.42269638180732727 -0.5321969389915466 0.9870721697807312
0.4820432960987091 0.8511514067649841 -0.15415778756141663 0.9579953551292419
0.5687036514282227 0.436576783657074 -0.5024691224098206 0.9868407249450684
0.48227864503860474 0.8375144004821777 -0.13109679520130157 0.9610740542411804
0.5743681192398071 0.8319813013076782 -0.003260798053815961 0.9992281198501587
0.4842694401741028 0.840988039970398 0.004214446060359478 0.9986438155174255
0.5821768641471863 1.0835813283920288 -0.10327653586864471 0.3578990697860718
0.4851234257221222 1.0841716527938843 -0.04534398764371872 0.28883689641952515
0.5813438892364502 1.2754788398742676 0.28700199723243713 0.0009615224553272128
0.49416857957839966 1.2845772504806519 0.2382490485906601 0.003209246089681983
0.582145094871521 1.3074615001678467 0.32182517647743225 0.003036431735381484
0.4921477437019348 1.3205595016479492 0.2622342109680176 0.004909632261842489
0.5719506740570068 1.3682053089141846 0.18544524908065796 0.0007526148110628128
0.5122434496879578 1.3676793575286865 0.10190283507108688 0.003049659775570035
