0.5376965403556824 0.4030303657054901 -0.33657175302505493 0.9999821186065674
0.5420509576797485 0.3837250769138336 -0.30854207277297974 0.99996018409729
0.5454318523406982 0.3843546211719513 -0.308559387922287 0.9999678134918213
0.5485953688621521 0.3852557837963104 -0.30858516693115234 0.999948263168335
0.5290108919143677 0.382138192653656 -0.32086068391799927 0.9999645948410034
0.5225588083267212 0.3818501830101013 -0.32098105549812317 0.9999744892120361
0.516607403755188 0.3824058771133423 -0.32114213705062866 0.9999634027481079
0.5485777258872986 0.3969433307647705 -0.1532021015882492 0.9999656677246094
0.5035578012466431 0.3959425091743469 -0.21082143485546112 0.9999886751174927
0.5420466661453247 0.4282700717449188 -0.27859097719192505 0.999991774559021
0.527012288570404 0.42711398005485535 -0.29578152298927307 0.999995231628418
0.5824728608131409 0.5273157358169556 -0.06788558512926102 0.9999772310256958
0.4520285725593567 0.5409212112426758 -0.12062318623065948 0.9999450445175171
0.633910059928894 0.6840353012084961 -0.22898034751415253 0.9996351003646851
0.4174153506755829 0.7128230333328247 -0.18446053564548492 0.99826580286026
0.5998972654342651 0.5791188478469849 -0.564870297908783 0.9992190599441528
0.45936381816864014 0.8094875812530518 -0.405863881111145 0.9954116940498352
0.5888001918792725 0.5556020736694336 -0.6356720328330994 0.9964038133621216
0.4628792107105255 0.8588608503341675 -0.4528644382953644 0.9864963889122009
0.5837903618812561 0.5362703800201416 -0.6100476384162903 0.9960790276527405
0.48000651597976685 0.8427653908729553 -0.45967039465904236 0.9874398708343506
0.5832046270370483 0.5440398454666138 -0.5623142123222351 0.996027946472168
0.48130151629447937 0.8284546732902527 -0.41037723422050476 0.9879162311553955
0.5743464827537537 0.829020619392395 0.007797407917678356 0.9994691014289856
0.48623573780059814 0.8447455167770386 -0.006847917102277279 0.9991703033447266
0.6054643988609314 1.0079126358032227 -0.07449321448802948 0.2827320098876953
0.49222737550735474 1.0875303745269775 -0.022748105227947235 0.19329239428043365
0.5823442935943604 1.27892005443573 0.29294630885124207 0.000513149774633348
0.49892479181289673 1.2920148372650146 0.2509850263595581 0.0018028230406343937
0.5821520090103149 1.310429334640503 0.32465991377830505 0.0018357342341914773
0.4960543215274811 1.3292053937911987 0.2731900215148926 0.0033418789971619844
0.5729926228523254 1.3701674938201904 0.19310325384140015 0.0003710135060828179
0.5173649787902832 1.3698867559432983 0.11406973004341125 0.001619859365746379
