0.5355446934700012 0.40183937549591064 -0.34904009103775024 0.9999951124191284
0.5410081744194031 0.3812367618083954 -0.3228619396686554 0.9999809265136719
0.544690728187561 0.38214191794395447 -0.32284173369407654 0.9999887943267822
0.5482059717178345 0.3832484781742096 -0.32282862067222595 0.9999717473983765
0.5271238088607788 0.3797606825828552 -0.3327100872993469 0.9999842643737793
0.5209015011787415 0.3799089193344116 -0.3328895568847656 0.999991774559021
0.5150666832923889 0.38066568970680237 -0.3330293297767639 0.9999830722808838
0.549900233745575 0.39528271555900574 -0.17455515265464783 0.999985933303833
0.5029962062835693 0.39422959089279175 -0.22025002539157867 0.9999974966049194
0.5402852296829224 0.4283750355243683 -0.29375070333480835 0.9999966621398926
0.5231342315673828 0.42669472098350525 -0.3076460063457489 0.9999980926513672
0.5836600065231323 0.5299372673034668 -0.08610919862985611 0.9999879598617554
0.45227861404418945 0.5368396639823914 -0.12122253328561783 0.9999803304672241
0.6380146741867065 0.6909310221672058 -0.2378123551607132 0.9998629093170166
0.4185435473918915 0.7115224599838257 -0.15495575964450836 0.9992846846580505
0.6018547415733337 0.589688241481781 -0.5541703104972839 0.9996498823165894
0.4567192494869232 0.8128294944763184 -0.3512148857116699 0.9984822869300842
0.5907312631607056 0.5622218251228333 -0.617756724357605 0.9980148077011108
0.46097105741500854 0.8610586524009705 -0.38833653926849365 0.9941493272781372
0.5866199731826782 0.5416107773780823 -0.5892020463943481 0.9978411197662354
0.4765044152736664 0.8455085754394531 -0.3948719799518585 0.9946786165237427
0.5855372548103333 0.5520826578140259 -0.549098789691925 0.9980504512786865
0.47768479585647583 0.8300260901451111 -0.35441938042640686 0.9954883456230164
0.5735234618186951 0.8257791996002197 -0.0001778613222995773 0.9997996687889099
0.4837035536766052 0.8399753570556641 0.001290273037739098 0.9997475743293762
0.5819083452224731 1.0775213241577148 -0.04936421662569046 0.1820586621761322
0.48890992999076843 1.0745633840560913 -0.002585076726973057 0.16201265156269073
0.5875715613365173 1.276728630065918 0.3087450861930847 7.287977496162057e-05
0.5050284266471863 1.276388168334961 0.30781567096710205 0.0002901461848523468
0.5912278294563293 1.314732313156128 0.3389591574668884 0.000326249108184129
0.502829909324646 1.3159024715423584 0.33368098735809326 0.0006808942998759449
0.5760104656219482 1.3618199825286865 0.20147663354873657 4.755241752718575e-05
0.5264959931373596 1.3562260866165161 0.17678090929985046 0.00031310529448091984
