0.5368384718894958 0.4016464650630951 -0.38690200448036194 0.9999932050704956
0.5417988896369934 0.3812599182128906 -0.35875919461250305 0.9999597072601318
0.5456171631813049 0.38235732913017273 -0.3587624728679657 0.9999759197235107
0.5490896701812744 0.38378360867500305 -0.3587408661842346 0.9999250173568726
0.5286098718643188 0.3797740042209625 -0.36752036213874817 0.9999727010726929
0.5223790407180786 0.3800404965877533 -0.36773404479026794 0.9999872446060181
0.5162459015846252 0.38085460662841797 -0.36790207028388977 0.9999707937240601
0.5498827695846558 0.396250456571579 -0.20208695530891418 0.9999613761901855
0.5037727355957031 0.39544984698295593 -0.24084629118442535 0.9999951124191284
0.541568398475647 0.4283338189125061 -0.3288864195346832 0.999995231628418
0.5240899324417114 0.4268994927406311 -0.3408449590206146 0.999997615814209
0.5856766104698181 0.5317991971969604 -0.10304439812898636 0.9999626874923706
0.44835132360458374 0.5405055284500122 -0.14652816951274872 0.9999710321426392
0.6399545669555664 0.700322687625885 -0.25864073634147644 0.999157190322876
0.4155617356300354 0.7157527208328247 -0.2119385302066803 0.9992064833641052
0.6139684319496155 0.6297503709793091 -0.5966463088989258 0.9964279532432556
0.4465559422969818 0.8197092413902283 -0.44252243638038635 0.9970744848251343
0.6046052575111389 0.6195813417434692 -0.6631068587303162 0.9824215769767761
0.44985494017601013 0.8707510828971863 -0.48617303371429443 0.9884963035583496
0.5982131958007812 0.5983709096908569 -0.6377184391021729 0.9821908473968506
0.4656181335449219 0.8545170426368713 -0.49341678619384766 0.9900124073028564
0.597611129283905 0.6006889343261719 -0.5929651856422424 0.9832891821861267
0.4662209153175354 0.8382473587989807 -0.44630730152130127 0.9903404116630554
0.5726686716079712 0.8272002935409546 -0.00184252904728055 0.9991876482963562
0.48192402720451355 0.8395271897315979 0.002837752690538764 0.9991369843482971
0.5847024321556091 1.070176124572754 -0.1467275470495224 0.27476587891578674
0.4829467236995697 1.0735249519348145 -0.03347235172986984 0.23296846449375153
0.588060200214386 1.2597147226333618 0.22605440020561218 0.00038307500653900206
0.4959569573402405 1.267970323562622 0.3166622221469879 0.0016169894952327013
0.5902414321899414 1.297327995300293 0.25648385286331177 0.001385655370540917
0.49488699436187744 1.3056102991104126 0.34513339400291443 0.0026139786932617426
0.5774480104446411 1.3448491096496582 0.10327906161546707 0.00029179122066125274
0.5105574131011963 1.3508068323135376 0.18314644694328308 0.0016413077246397734
