0.5362049341201782 0.4024839401245117 -0.4930625855922699 0.9998430013656616
0.541503369808197 0.38351529836654663 -0.466412216424942 0.9995279312133789
0.5451893210411072 0.38446447253227234 -0.46646907925605774 0.9996228218078613
0.5487139225006104 0.3857075870037079 -0.4665980935096741 0.9992038607597351
0.5280330777168274 0.38108283281326294 -0.4709438383579254 0.9996335506439209
0.5216106176376343 0.38060417771339417 -0.4711722731590271 0.9997918009757996
0.5156681537628174 0.3808528482913971 -0.47133341431617737 0.9996823072433472
0.5500912070274353 0.39696624875068665 -0.306208997964859 0.9994378685951233
0.5032310485839844 0.3946627080440521 -0.32561153173446655 0.9999129772186279
0.540902853012085 0.4282691180706024 -0.432830274105072 0.9999470710754395
0.5236401557922363 0.426858514547348 -0.4388825595378876 0.9999758005142212
0.5857440829277039 0.5310748815536499 -0.20213131606578827 0.9997398257255554
0.4490114152431488 0.5431233644485474 -0.21198758482933044 0.9998490810394287
0.6344783902168274 0.6951166391372681 -0.3592962920665741 0.9912893772125244
0.41559484601020813 0.7164122462272644 -0.2645919919013977 0.9953826069831848
0.6221135258674622 0.6639864444732666 -0.7038751244544983 0.9428788423538208
0.442132830619812 0.8311893343925476 -0.4869326651096344 0.9709498882293701
0.6124781370162964 0.6567562222480774 -0.776259183883667 0.866008460521698
0.44340646266937256 0.8827887773513794 -0.5350082516670227 0.9267346262931824
0.6076947450637817 0.6328395009040833 -0.7624471187591553 0.8675903677940369
0.457401305437088 0.8691441416740417 -0.5461991429328918 0.9351464509963989
0.6060062646865845 0.6303930282592773 -0.7058321237564087 0.844123125076294
0.45937883853912354 0.8509975075721741 -0.4931628406047821 0.9277799725532532
0.5703675150871277 0.8220603466033936 -0.010936561040580273 0.9950719475746155
0.48232951760292053 0.8274670243263245 0.011414742097258568 0.9961419701576233
0.5875252485275269 1.0596625804901123 -0.14906835556030273 0.6800132393836975
0.47389087080955505 1.0541139841079712 -0.07208085060119629 0.698067843914032
0.5824592709541321 1.2219823598861694 0.32474035024642944 0.014055047184228897
0.4738061726093292 1.2316685914993286 0.29387542605400085 0.06090686470270157
0.5800154209136963 1.24784255027771 0.3652888536453247 0.02099735662341118
0.4736521542072296 1.2653310298919678 0.3243906795978546 0.05754232779145241
0.5768188834190369 1.3126296997070312 0.21889932453632355 0.007115982472896576
0.4773502051830292 1.3101398944854736 0.15771818161010742 0.04143466055393219
