0.565701425075531 0.3804190158843994 -0.2666601538658142 0.9999959468841553
0.5764554738998413 0.3609766364097595 -0.23727662861347198 0.9999779462814331
0.5816455483436584 0.36175695061683655 -0.23729358613491058 0.9999884366989136
0.5862934589385986 0.3627959191799164 -0.2373301237821579 0.9999679327011108
0.5578323006629944 0.3600952923297882 -0.2454913705587387 0.9999797344207764
0.5509911775588989 0.3604521155357361 -0.24566581845283508 0.9999908208847046
0.5454038977622986 0.3607862889766693 -0.24581851065158844 0.9999794960021973
0.5938498377799988 0.3768618106842041 -0.08832475543022156 0.9999829530715942
0.5393796563148499 0.37597665190696716 -0.12830321490764618 0.9999970197677612
0.575407087802887 0.4109480082988739 -0.2115607112646103 0.9999903440475464
0.5529738664627075 0.40765446424484253 -0.22361581027507782 0.9999949932098389
0.621748685836792 0.5266675353050232 -0.00881688017398119 0.9999698400497437
0.5009351968765259 0.5243623852729797 -0.059848569333553314 0.9998902082443237
0.6994444727897644 0.650776207447052 -0.16464902460575104 0.9999021291732788
0.4751867651939392 0.7060877084732056 -0.12920227646827698 0.9969773292541504
0.6765167117118835 0.4580519497394562 -0.40793752670288086 0.9998437166213989
0.5093981027603149 0.8212610483169556 -0.3097894489765167 0.9978635907173157
0.6659568548202515 0.40658795833587646 -0.46266332268714905 0.9990878105163574
0.5105565190315247 0.8668074607849121 -0.3408440053462982 0.9935165643692017
0.6574743390083313 0.3947701156139374 -0.4251290559768677 0.9990352392196655
0.5268273949623108 0.8532652258872986 -0.3497466444969177 0.9939350485801697
0.6579293608665466 0.4103194773197174 -0.3984296917915344 0.9991151690483093
0.5284292697906494 0.838519811630249 -0.3131466209888458 0.9946272969245911
0.6148684620857239 0.8297158479690552 0.00021866749739274383 0.9999406337738037
0.5253196358680725 0.8403673768043518 0.0004597098159138113 0.9999275207519531
0.6269347667694092 1.0638142824172974 -0.12495840340852737 0.5213146805763245
0.5173091888427734 1.0623894929885864 -0.16192106902599335 0.5781920552253723
0.6278658509254456 1.24683678150177 0.23899200558662415 0.0006947472575120628
0.5295091271400452 1.2445188760757446 0.19789284467697144 0.0018692307639867067
0.6318559646606445 1.2788302898406982 0.2718488276004791 0.004614175762981176
0.5300418138504028 1.2775579690933228 0.2310718148946762 0.005275695584714413
0.6150969862937927 1.3308296203613281 0.16241465508937836 0.00044188767788000405
0.537618100643158 1.3194688558578491 0.11378098279237747 0.0014402864035218954
