0.5642587542533875 0.3728193938732147 -0.3294972777366638 0.9999938011169434
0.5753074288368225 0.3560945391654968 -0.30318230390548706 0.9999799728393555
0.5806424021720886 0.3564687967300415 -0.303248792886734 0.9999816417694092
0.5860901474952698 0.35775336623191833 -0.30339086055755615 0.9999711513519287
0.556719958782196 0.35686585307121277 -0.3048040568828583 0.9999719858169556
0.5500032305717468 0.3578433394432068 -0.30487707257270813 0.9999755620956421
0.5447008609771729 0.3592595160007477 -0.30501750111579895 0.9999682903289795
0.5962979197502136 0.3755839765071869 -0.17394588887691498 0.9999806880950928
0.5393918752670288 0.37445884943008423 -0.18175436556339264 0.9999806880950928
0.5735868811607361 0.40470483899116516 -0.2830956280231476 0.9999982118606567
0.5521485805511475 0.4019002318382263 -0.2853386104106903 0.9999986886978149
0.6257440447807312 0.5444619059562683 -0.09672801941633224 0.9999698400497437
0.5004385709762573 0.523735761642456 -0.13295505940914154 0.9998551607131958
0.6493664979934692 0.7130617499351501 -0.09036514163017273 0.9942474365234375
0.47791147232055664 0.7046859264373779 -0.15726980566978455 0.9931498169898987
0.6362649202346802 0.8052171468734741 -0.24246133863925934 0.9807674288749695
0.5105158090591431 0.8268475532531738 -0.3041720688343048 0.9819122552871704
0.642984926700592 0.8522631525993347 -0.2890641391277313 0.9435274004936218
0.5100700259208679 0.8750032186508179 -0.34729984402656555 0.9507045149803162
0.6236460208892822 0.8461543321609497 -0.30177709460258484 0.950894296169281
0.528421938419342 0.8671684265136719 -0.3628162443637848 0.9563212394714355
0.6171095967292786 0.8325363397598267 -0.24985374510288239 0.9524070620536804
0.5306026935577393 0.8506500124931335 -0.3114909529685974 0.953216016292572
0.5995585322380066 0.8119159936904907 0.011641041375696659 0.9997797608375549
0.515193521976471 0.8216168880462646 -0.01126596424728632 0.999618411064148
0.6321274042129517 1.0121989250183105 -0.13819217681884766 0.641122043132782
0.5195317268371582 1.0233629941940308 -0.12787359952926636 0.5678274631500244
0.6225784420967102 1.1701977252960205 0.23828348517417908 0.04254859685897827
0.5329915881156921 1.183366298675537 0.26088154315948486 0.03476058319211006
0.616553544998169 1.1959147453308105 0.27099505066871643 0.131831094622612
0.5346367359161377 1.210455060005188 0.2966223955154419 0.03772582486271858
0.6294089555740356 1.2603310346603394 0.16175122559070587 0.045124124735593796
0.5399147868156433 1.2621866464614868 0.1854071021080017 0.034690529108047485
