0.5372471213340759 0.4070635139942169 -0.2943125069141388 0.9996359348297119
0.543781578540802 0.38796114921569824 -0.27066364884376526 0.999721348285675
0.5475090146064758 0.3885090947151184 -0.27071720361709595 0.9998021721839905
0.5511385202407837 0.3894104063510895 -0.27085861563682556 0.9997888207435608
0.528957188129425 0.38782453536987305 -0.2785511612892151 0.9996384382247925
0.5232433676719666 0.3886539340019226 -0.27861157059669495 0.9997040629386902
0.5180699825286865 0.3899928629398346 -0.2787865698337555 0.999639630317688
0.556189239025116 0.4001930058002472 -0.11512552201747894 0.999887228012085
0.5082353949546814 0.4012969732284546 -0.14987874031066895 0.999875545501709
0.5451338291168213 0.433149129152298 -0.2331715226173401 0.9998093247413635
0.5264663100242615 0.4351106584072113 -0.2442806363105774 0.9997280240058899
0.5921716690063477 0.5235118269920349 -0.01792907901108265 0.9997685551643372
0.4660327136516571 0.5171544551849365 -0.08179929852485657 0.9982253909111023
0.6493542790412903 0.6622900366783142 -0.2040267288684845 0.9986974596977234
0.4173010587692261 0.6530104875564575 -0.2323252409696579 0.9895625710487366
0.6106107831001282 0.521831214427948 -0.4640028774738312 0.9965569972991943
0.4747546911239624 0.5646563768386841 -0.3910212814807892 0.9811329245567322
0.588746964931488 0.4968309700489044 -0.5072653293609619 0.9866989850997925
0.4980665445327759 0.5292767882347107 -0.42705944180488586 0.9292612075805664
0.5829401612281799 0.4860273599624634 -0.4730452597141266 0.9853672981262207
0.5004985332489014 0.5058494806289673 -0.39284977316856384 0.9203124046325684
0.5859191417694092 0.49558326601982117 -0.4552145302295685 0.9841805696487427
0.4958503842353821 0.5182015895843506 -0.3804543614387512 0.9235778450965881
0.5748475790023804 0.8283902406692505 0.021584326401352882 0.9988983869552612
0.4845326542854309 0.8290525674819946 -0.020816601812839508 0.9983312487602234
0.5919773578643799 1.070846676826477 0.027878083288669586 0.540715217590332
0.48926544189453125 1.074758768081665 -0.031808868050575256 0.41738080978393555
0.5976341962814331 1.2752529382705688 0.33878716826438904 0.00256189308129251
0.48581239581108093 1.286653757095337 0.20712067186832428 0.008411867544054985
0.5996657609939575 1.302931785583496 0.36531737446784973 0.0038913963362574577
0.48401859402656555 1.3210771083831787 0.22655807435512543 0.0050473869778215885
0.5867966413497925 1.3605726957321167 0.22755207121372223 0.0011810434516519308
0.4958207905292511 1.3565750122070312 0.060998134315013885 0.003548676148056984
