0.5478866100311279 0.4158606231212616 -0.22347556054592133 0.9999855756759644
0.5539693236351013 0.39464616775512695 -0.2029534876346588 0.9999701976776123
0.5576553344726562 0.3957313299179077 -0.20294007658958435 0.9999796152114868
0.5609453320503235 0.39680564403533936 -0.20292390882968903 0.9999701976776123
0.5412709712982178 0.3908252716064453 -0.21645697951316833 0.9999721050262451
0.5354524254798889 0.3893250823020935 -0.21652384102344513 0.9999791383743286
0.529279887676239 0.38832366466522217 -0.21669167280197144 0.999970555305481
0.5609002709388733 0.4070548117160797 -0.07275868952274323 0.9999794960021973
0.5146458148956299 0.3980497121810913 -0.13820381462574005 0.9999890327453613
0.5517249703407288 0.44238388538360596 -0.17373421788215637 0.999984622001648
0.5363566279411316 0.4386337995529175 -0.1931847780942917 0.9999886751174927
0.5916669368743896 0.5340014100074768 -0.004070113878697157 0.9999722242355347
0.4597925841808319 0.525382399559021 -0.053195469081401825 0.999953031539917
0.6368836164474487 0.684179961681366 -0.12036611884832382 0.9992913007736206
0.42122143507003784 0.7111470699310303 -0.12852607667446136 0.9981184005737305
0.6099599599838257 0.5149022340774536 -0.3659866154193878 0.999485969543457
0.4072522819042206 0.7071583271026611 -0.35201889276504517 0.9987504482269287
0.6099252700805664 0.4582541882991791 -0.41213223338127136 0.9975515007972717
0.4013776183128357 0.6996353268623352 -0.38898974657058716 0.9968504309654236
0.6064664125442505 0.4484795928001404 -0.39321696758270264 0.9970424771308899
0.40187644958496094 0.6729876399040222 -0.40315619111061096 0.9969402551651001
0.6024466156959534 0.4657825827598572 -0.36473479866981506 0.9974911212921143
0.40691402554512024 0.6748795509338379 -0.36274001002311707 0.9971352815628052
0.5778597593307495 0.8455641269683838 0.01319739781320095 0.9993035793304443
0.4825083017349243 0.8489247560501099 -0.011980485171079636 0.9990360736846924
0.5844396948814392 1.1102625131607056 -0.018858449533581734 0.09565410763025284
0.48791563510894775 1.100090503692627 -0.005000750534236431 0.07358066737651825
0.5872573852539062 1.3330206871032715 0.23945704102516174 0.00015766400611028075
0.4861960709095001 1.3340104818344116 0.20893631875514984 0.0005566263571381569
0.5891574025154114 1.3678877353668213 0.26037153601646423 0.000970967230387032
0.48110711574554443 1.3719511032104492 0.22481529414653778 0.001194954733364284
0.5752686858177185 1.4207061529159546 0.1268002688884735 0.00021699006902053952
0.5034677386283875 1.4165077209472656 0.0596032477915287 0.00047905833343975246
