0.5590677261352539 0.41993045806884766 -0.16217730939388275 0.9998223185539246
0.5600908994674683 0.3987466096878052 -0.13690662384033203 0.9997699856758118
0.5626071095466614 0.3992577791213989 -0.1369832158088684 0.999809205532074
0.5649339556694031 0.399852991104126 -0.13705772161483765 0.9998052716255188
0.5497971773147583 0.3965757489204407 -0.15449662506580353 0.9997904896736145
0.544341504573822 0.3959164023399353 -0.154562845826149 0.9998049139976501
0.5382543206214905 0.39579904079437256 -0.15476927161216736 0.9998067021369934
0.5604686737060547 0.41038942337036133 -0.007141478825360537 0.9998301267623901
0.5199946165084839 0.4049419164657593 -0.09113805741071701 0.9999430179595947
0.5609853863716125 0.44878867268562317 -0.11302236467599869 0.9999294281005859
0.546613872051239 0.44599083065986633 -0.1378287822008133 0.9999603033065796
0.591826319694519 0.5424015522003174 0.041201405227184296 0.999923586845398
0.46038275957107544 0.526170551776886 -0.012959699146449566 0.999861478805542
0.6391141414642334 0.6871001124382019 -0.09238800406455994 0.9956369996070862
0.42364564538002014 0.6885626316070557 -0.013875709846615791 0.9694176912307739
0.595470666885376 0.5147356986999512 -0.28513532876968384 0.9938196539878845
0.39763709902763367 0.8010145425796509 -0.09218265116214752 0.9121813178062439
0.5957704782485962 0.4627129137516022 -0.3242991268634796 0.9757737517356873
0.3838363289833069 0.8399301767349243 -0.10756171494722366 0.8305802345275879
0.5908615589141846 0.4534679353237152 -0.29583659768104553 0.9727419018745422
0.3911300003528595 0.8353183269500732 -0.1302371472120285 0.8426889777183533
0.5863552093505859 0.4720390737056732 -0.2789306938648224 0.9669928550720215
0.39936918020248413 0.8250855803489685 -0.1028636023402214 0.8546949625015259
0.5789182186126709 0.8554003834724426 0.014042614959180355 0.9903154969215393
0.48262208700180054 0.8589093685150146 -0.013065877370536327 0.9927641749382019
0.5817615389823914 1.120377779006958 -0.07609235495328903 0.5050939917564392
0.4860202968120575 1.0953348875045776 -0.2715669870376587 0.4241218566894531
0.5856835842132568 1.350447416305542 0.10030856728553772 0.014287346042692661
0.4874643385410309 1.3479558229446411 -0.16708728671073914 0.03390589728951454
0.5860069990158081 1.3859672546386719 0.11057042330503464 0.02877095155417919
0.4854186773300171 1.3884940147399902 -0.16233226656913757 0.05246125906705856
0.5743744373321533 1.4353687763214111 -0.036475770175457 0.008249940350651741
0.49573639035224915 1.4233689308166504 -0.3435448706150055 0.024858413264155388
