0.5500606298446655 0.4204930067062378 -0.3826577067375183 0.9999949932098389
0.5551424026489258 0.39905282855033875 -0.3612195551395416 0.9999853372573853
0.5585723519325256 0.4000149667263031 -0.36121833324432373 0.9999915361404419
0.5619438886642456 0.4011481702327728 -0.36128106713294983 0.9999831914901733
0.5413668155670166 0.39519017934799194 -0.37171393632888794 0.999981164932251
0.5346593260765076 0.3933991491794586 -0.371766060590744 0.9999861717224121
0.5287405252456665 0.39256373047828674 -0.37193265557289124 0.9999696016311646
0.5629870891571045 0.40971997380256653 -0.21076741814613342 0.9999920129776001
0.5153929591178894 0.40239283442497253 -0.2603275179862976 0.9999946355819702
0.5542713403701782 0.446183979511261 -0.3243027627468109 0.9999982118606567
0.5388050079345703 0.443381667137146 -0.3394780457019806 0.9999982118606567
0.5924949645996094 0.5336595773696899 -0.10704457014799118 0.999994158744812
0.45985156297683716 0.5263736248016357 -0.1397346705198288 0.9999492168426514
0.6403549909591675 0.693824291229248 -0.24430717527866364 0.9993114471435547
0.4251709580421448 0.6931073665618896 -0.1328805536031723 0.9965167045593262
0.6322304606437683 0.5355456471443176 -0.5287689566612244 0.9992978572845459
0.39903852343559265 0.8057330846786499 -0.26589465141296387 0.9896038770675659
0.638128399848938 0.4768565893173218 -0.5819511413574219 0.9955386519432068
0.38366344571113586 0.8480485081672668 -0.28218793869018555 0.9717404842376709
0.6339589357376099 0.46513745188713074 -0.5604676008224487 0.9951245188713074
0.39222604036331177 0.8451182842254639 -0.3060568571090698 0.9756327867507935
0.6284863948822021 0.4867374002933502 -0.5259156227111816 0.994712233543396
0.40004968643188477 0.8321253657341003 -0.2757648229598999 0.9773962497711182
0.5753671526908875 0.8338707685470581 0.005861910991370678 0.9992249011993408
0.4856603741645813 0.8406829237937927 -0.004640261176973581 0.9980090260505676
0.5794826745986938 1.0750961303710938 -0.24178150296211243 0.3686974048614502
0.4861266016960144 1.0781126022338867 -0.037124693393707275 0.16078567504882812
0.5786058902740479 1.2782950401306152 0.053597044199705124 0.0007751435623504221
0.4863891303539276 1.2775015830993652 0.24900980293750763 0.0012023057788610458
0.5796228051185608 1.3151483535766602 0.07703033834695816 0.0038765068165957928
0.48206964135169983 1.314797282218933 0.27062442898750305 0.0026405537500977516
0.5640117526054382 1.3627914190292358 -0.08760211616754532 0.0007495449972338974
0.5024429559707642 1.3559999465942383 0.09947407245635986 0.0012970243114978075
