0.5439779162406921 0.4069305956363678 -0.36260315775871277 0.9999979734420776
0.5488821268081665 0.3854134976863861 -0.336838036775589 0.9999915361404419
0.5529071688652039 0.38623782992362976 -0.33692067861557007 0.9999949932098389
0.556774914264679 0.38739439845085144 -0.3370041251182556 0.9999896287918091
0.534967839717865 0.38351351022720337 -0.3437863290309906 0.9999897480010986
0.5288037657737732 0.38314083218574524 -0.34386974573135376 0.9999929666519165
0.5233709216117859 0.3831755220890045 -0.3440130949020386 0.9999858140945435
0.558554470539093 0.40035539865493774 -0.17846570909023285 0.9999949932098389
0.5111163854598999 0.39653387665748596 -0.21066801249980927 0.9999973773956299
0.549022376537323 0.43215909600257874 -0.3025943636894226 0.9999986886978149
0.5314132571220398 0.43079203367233276 -0.3121930658817291 0.9999990463256836
0.590553343296051 0.5327950716018677 -0.06900827586650848 0.999992847442627
0.45975029468536377 0.5229422450065613 -0.10683050751686096 0.9999594688415527
0.6334086060523987 0.6904716491699219 -0.17832623422145844 0.9982059001922607
0.4246788024902344 0.6851459741592407 -0.18405699729919434 0.9969461560249329
0.6832016706466675 0.6400337815284729 -0.4834229350090027 0.9990200996398926
0.3985964357852936 0.7955324649810791 -0.41786736249923706 0.993410050868988
0.7110843062400818 0.6158955693244934 -0.540526270866394 0.9960103034973145
0.3870867192745209 0.8424013257026672 -0.4527232348918915 0.9817540049552917
0.705658495426178 0.5873779654502869 -0.5453068017959595 0.9966630339622498
0.3960356116294861 0.8359944224357605 -0.4800669550895691 0.984872043132782
0.6921939849853516 0.5972625613212585 -0.4925723373889923 0.9960350394248962
0.40231555700302124 0.8223004937171936 -0.4316946566104889 0.9846252202987671
0.574468195438385 0.8284305334091187 0.0056824046187102795 0.9969677329063416
0.48560652136802673 0.831064760684967 -0.004832422826439142 0.9964525699615479
0.5926865339279175 1.050540566444397 -0.29783859848976135 0.767508864402771
0.47374165058135986 1.0449098348617554 -0.2778780162334442 0.767067551612854
0.5927232503890991 1.2438056468963623 -0.01234925352036953 0.03425504267215729
0.4895768165588379 1.2581125497817993 -0.03869621455669403 0.07414174824953079
0.592139482498169 1.2772064208984375 0.007953180931508541 0.08011002093553543
0.4910691976547241 1.2931674718856812 -0.02162889949977398 0.07791579514741898
0.5844390988349915 1.322322130203247 -0.14840227365493774 0.01986520364880562
0.49609631299972534 1.3327550888061523 -0.190529003739357 0.04456431046128273
