0.5443964004516602 0.4034278690814972 -0.3029964566230774 0.9999864101409912
0.5498180985450745 0.38451460003852844 -0.2780015170574188 0.999944806098938
0.552747368812561 0.38502904772758484 -0.2781027853488922 0.9999685287475586
0.5564348697662354 0.38599926233291626 -0.27818024158477783 0.9999430179595947
0.5359842777252197 0.38344061374664307 -0.28439173102378845 0.9999407529830933
0.5296202898025513 0.38345953822135925 -0.28442344069480896 0.9999620914459229
0.5241569876670837 0.3843121826648712 -0.2845889627933502 0.9999306201934814
0.558296799659729 0.3978061378002167 -0.13856451213359833 0.9999673366546631
0.5127342939376831 0.3960617780685425 -0.16384227573871613 0.999980092048645
0.5491308569908142 0.4286165237426758 -0.25139349699020386 0.999990701675415
0.5327619910240173 0.4280891716480255 -0.25879722833633423 0.9999922513961792
0.5946356654167175 0.5412615537643433 -0.04699607938528061 0.9999909400939941
0.45789816975593567 0.5315755605697632 -0.09066227078437805 0.9999570846557617
0.6363074779510498 0.6975913643836975 -0.11556006222963333 0.9942188262939453
0.42121559381484985 0.697179913520813 -0.167372465133667 0.9930928945541382
0.6950176358222961 0.7432590126991272 -0.3943607211112976 0.9936211705207825
0.39570266008377075 0.8293883800506592 -0.39355963468551636 0.9748101830482483
0.7235939502716064 0.7512924671173096 -0.4448227286338806 0.9794368147850037
0.38105326890945435 0.8763135671615601 -0.42955902218818665 0.9425978660583496
0.7222594618797302 0.736211895942688 -0.4660853445529938 0.9842687845230103
0.3893946707248688 0.8757641911506653 -0.4622417390346527 0.954291820526123
0.7116587162017822 0.733517050743103 -0.4103530943393707 0.9842655658721924
0.39682483673095703 0.8635777235031128 -0.41040530800819397 0.9576976895332336
0.5703334212303162 0.8354952335357666 0.0074303364381194115 0.9916169047355652
0.4806683659553528 0.8316138982772827 -0.006406415719538927 0.992134690284729
0.5841007232666016 1.062222957611084 -0.1981857866048813 0.3252694010734558
0.4773915708065033 1.0538127422332764 -0.21152465045452118 0.2723306715488434
0.5758954286575317 1.2542494535446167 0.07223270833492279 0.009088296443223953
0.4952121376991272 1.263023018836975 -0.018438130617141724 0.0127987340092659
0.5750904083251953 1.2856370210647583 0.0912713035941124 0.02202577143907547
0.4959542155265808 1.2971149682998657 -0.005283184815198183 0.02103225700557232
0.5629157423973083 1.3345037698745728 -0.0538608580827713 0.005321858916431665
0.5027089715003967 1.3392279148101807 -0.162105992436409 0.010532250627875328
