0.5676277279853821 0.36289140582084656 -0.21617262065410614 0.9999992847442627
0.577121376991272 0.3439231514930725 -0.18802094459533691 0.9999972581863403
0.5822271704673767 0.3446851968765259 -0.18783558905124664 0.9999985694885254
0.5879142880439758 0.34580862522125244 -0.1876274198293686 0.9999974966049194
0.55849289894104 0.34144413471221924 -0.19310960173606873 0.9999970197677612
0.5518518686294556 0.3415150046348572 -0.19331876933574677 0.9999984502792358
0.5456973910331726 0.3421250581741333 -0.19331273436546326 0.9999969005584717
0.5944445729255676 0.3592861294746399 -0.043217673897743225 0.999998927116394
0.5377470850944519 0.360102117061615 -0.06874708831310272 0.9999988079071045
0.5775876641273499 0.39522239565849304 -0.1638372540473938 0.9999985694885254
0.5553907752037048 0.3957182765007019 -0.17154072225093842 0.9999978542327881
0.6285088658332825 0.5182583332061768 0.02287415787577629 0.9999972581863403
0.49787989258766174 0.5114859342575073 -0.03205243498086929 0.9999885559082031
0.6703301668167114 0.6995283961296082 -0.1509532481431961 0.9995301961898804
0.4659532606601715 0.7236579656600952 -0.24122819304466248 0.9990724325180054
0.6602475643157959 0.4959447681903839 -0.4313475787639618 0.9999876022338867
0.4654291272163391 0.5973345041275024 -0.5454543828964233 0.9999885559082031
0.6606821417808533 0.4312308132648468 -0.4803592562675476 0.9999343156814575
0.46121272444725037 0.5485843420028687 -0.5997292995452881 0.999955415725708
0.660142719745636 0.4176384210586548 -0.45908936858177185 0.9999140501022339
0.46131637692451477 0.5266956090927124 -0.5806813836097717 0.9999463558197021
0.6571261882781982 0.43738776445388794 -0.43067100644111633 0.9999184608459473
0.46497562527656555 0.5379927158355713 -0.5475905537605286 0.9999383687973022
0.6140478253364563 0.8525712490081787 0.02172263152897358 0.999852180480957
0.5163076519966125 0.8627116680145264 -0.02031487040221691 0.9997022747993469
0.616684079170227 1.1269915103912354 -0.06399006396532059 0.3759392499923706
0.5213669538497925 1.128605842590332 0.10079435259103775 0.245645672082901
0.6163280606269836 1.3601627349853516 0.21025818586349487 0.0003181793726980686
0.519935131072998 1.368868350982666 0.36675646901130676 0.0004239508125465363
0.6199288964271545 1.4018582105636597 0.2313459813594818 0.0027556808199733496
0.5150225758552551 1.4097586870193481 0.38779157400131226 0.001408388139680028
0.599141001701355 1.4499741792678833 0.06253359466791153 0.00021258693595882505
0.5354974269866943 1.459721565246582 0.20322279632091522 0.0003837522817775607
