0.5679105520248413 0.36067429184913635 -0.30046987533569336 0.9999943971633911
0.5759669542312622 0.34372472763061523 -0.27501291036605835 0.9999575614929199
0.5808151960372925 0.34420961141586304 -0.27500325441360474 0.9999825954437256
0.5852651000022888 0.3447975516319275 -0.2749464809894562 0.9999407529830933
0.5586759448051453 0.3441542983055115 -0.2807464003562927 0.9999634027481079
0.5520040988922119 0.34555432200431824 -0.28091803193092346 0.9999840259552002
0.5461530089378357 0.3471326231956482 -0.2811026871204376 0.9999579191207886
0.5920949578285217 0.3593166172504425 -0.1374729424715042 0.9999746084213257
0.5391539931297302 0.3633386790752411 -0.16425205767154694 0.9999945163726807
0.5775381326675415 0.3888421654701233 -0.24973313510417938 0.9999886751174927
0.5559840798377991 0.3891429603099823 -0.25810083746910095 0.9999934434890747
0.6243301033973694 0.5215038061141968 -0.05783489719033241 0.9999328851699829
0.50009685754776 0.510580837726593 -0.09415186941623688 0.9999046325683594
0.6870989203453064 0.6817248463630676 -0.23971864581108093 0.9999116659164429
0.468921035528183 0.6960006356239319 -0.16473230719566345 0.9992781281471252
0.6488462090492249 0.4742656648159027 -0.5147125720977783 0.9998860359191895
0.5010303258895874 0.8301647305488586 -0.337650865316391 0.9993543028831482
0.6489378213882446 0.41060471534729004 -0.5703060626983643 0.9993084669113159
0.5026754140853882 0.8814961314201355 -0.36312979459762573 0.9971959590911865
0.6430203914642334 0.40357959270477295 -0.5297002792358398 0.99928218126297
0.5203403830528259 0.8723170161247253 -0.3697088956832886 0.9973920583724976
0.6363059282302856 0.42958277463912964 -0.5040698647499084 0.9993784427642822
0.5226160883903503 0.8554686903953552 -0.3397481143474579 0.9978463649749756
0.6100043654441833 0.821507453918457 0.0033464853186160326 0.999910831451416
0.5198379158973694 0.8284453749656677 -0.0024144938215613365 0.999897837638855
0.6149908304214478 1.0592063665390015 -0.1580992341041565 0.48145803809165955
0.5240737199783325 1.060483455657959 -0.14522512257099152 0.5839682221412659
0.6132772564888 1.2606194019317627 0.17506173253059387 8.37441039038822e-05
0.5333531498908997 1.2605621814727783 0.17992837727069855 0.000372198352124542
0.6171246767044067 1.298528790473938 0.2028196156024933 0.0007723431917838752
0.5311667323112488 1.3020999431610107 0.20759770274162292 0.0012499784352257848
0.5973733067512512 1.3485219478607178 0.0733134001493454 6.712148751830682e-05
0.5464636087417603 1.3311560153961182 0.06822594255208969 0.00038128954474814236
