0.5650736689567566 0.3602164685726166 -0.2835111916065216 0.9999914169311523
0.5740745663642883 0.3427841067314148 -0.2564496397972107 0.9999548196792603
0.5789861679077148 0.3432809114456177 -0.2564314901828766 0.9999808073043823
0.5837676525115967 0.3439376950263977 -0.25639158487319946 0.9999407529830933
0.5562794208526611 0.34299135208129883 -0.2656787037849426 0.9999580383300781
0.5494098663330078 0.34443068504333496 -0.2658446431159973 0.9999829530715942
0.5437374711036682 0.34592247009277344 -0.26604780554771423 0.9999579191207886
0.5907544493675232 0.3593616187572479 -0.11861385405063629 0.9999715089797974
0.5376282334327698 0.36301201581954956 -0.1613946557044983 0.9999943971633911
0.5748979449272156 0.38975298404693604 -0.23328056931495667 0.9999880790710449
0.5530193448066711 0.3888426423072815 -0.24629193544387817 0.999992847442627
0.6234350204467773 0.523405909538269 -0.035391949117183685 0.9999682903289795
0.49998632073402405 0.5126606822013855 -0.10476060956716537 0.9999616146087646
0.6875379085540771 0.6993725299835205 -0.19507978856563568 0.9999444484710693
0.4690600037574768 0.7023535370826721 -0.1679924577474594 0.9994800686836243
0.6451413035392761 0.5288815498352051 -0.45973455905914307 0.9999192953109741
0.5013461112976074 0.835585355758667 -0.34065765142440796 0.999480664730072
0.6409124135971069 0.4621466100215912 -0.5116469264030457 0.9994949102401733
0.5025885701179504 0.8854825496673584 -0.36937350034713745 0.9977052807807922
0.6333410143852234 0.4541798532009125 -0.47233664989471436 0.9994469285011292
0.5200226306915283 0.874384880065918 -0.3768760859966278 0.9978868365287781
0.6270757913589478 0.4790821671485901 -0.44950351119041443 0.9995444416999817
0.5222316384315491 0.8585548400878906 -0.34332820773124695 0.998389482498169
0.6132805347442627 0.8337322473526001 0.013609549030661583 0.999940037727356
0.5224789381027222 0.8408385515213013 -0.012531721033155918 0.9999252557754517
0.6170490384101868 1.0832544565200806 -0.013547076843678951 0.17873620986938477
0.5273926854133606 1.0810400247573853 -0.0669051930308342 0.16557370126247406
0.6158166527748108 1.2870125770568848 0.35451826453208923 1.3883992323826533e-05
0.528369128704071 1.2794086933135986 0.26025086641311646 5.537654215004295e-05
0.6207321286201477 1.325181245803833 0.38635510206222534 0.00012303164112381637
0.5235674977302551 1.3234283924102783 0.28865161538124084 0.00020149059128016233
0.5998325943946838 1.3745715618133545 0.2684148848056793 1.2024282113998197e-05
0.5474100708961487 1.3492507934570312 0.1439685970544815 7.846586959203705e-05
