0.5643155574798584 0.3576682209968567 -0.35898086428642273 0.9999990463256836
0.5736817717552185 0.33739203214645386 -0.3287755846977234 0.9999961853027344
0.5784167647361755 0.3381146192550659 -0.3287799060344696 0.999997615814209
0.5838630199432373 0.3391385078430176 -0.3287288248538971 0.9999940395355225
0.5550740361213684 0.33828550577163696 -0.33138710260391235 0.999996542930603
0.5482406616210938 0.34001898765563965 -0.3315485417842865 0.9999980926513672
0.5425031185150146 0.34168511629104614 -0.33168843388557434 0.9999960660934448
0.59156334400177 0.35555970668792725 -0.1727694869041443 0.9999961853027344
0.5355283617973328 0.35927486419677734 -0.18488839268684387 0.999998927116394
0.5740317702293396 0.38815730810165405 -0.3031434118747711 0.9999995231628418
0.5512174367904663 0.38738110661506653 -0.3072786033153534 0.9999995231628418
0.6287122964859009 0.5263722538948059 -0.0825919583439827 0.9999903440475464
0.4986855387687683 0.5140621662139893 -0.09290896356105804 0.999984860420227
0.680879533290863 0.7301438450813293 -0.22121526300907135 0.9997788071632385
0.46895772218704224 0.7080733180046082 -0.1291085034608841 0.9990527033805847
0.6435496807098389 0.6485785245895386 -0.5489883422851562 0.9996963739395142
0.5034407377243042 0.8409618139266968 -0.3537849485874176 0.9983173608779907
0.6328358054161072 0.6142011880874634 -0.6167301535606384 0.9980700612068176
0.5053515434265137 0.8895536065101624 -0.396562397480011 0.9931179285049438
0.6286098957061768 0.5869524478912354 -0.5901111960411072 0.9980613589286804
0.5223642587661743 0.8766129016876221 -0.40814128518104553 0.9938435554504395
0.6278907060623169 0.5961138010025024 -0.543820321559906 0.9979773163795471
0.5234504342079163 0.8599304556846619 -0.3594910800457001 0.9941504597663879
0.6162226796150208 0.8402440547943115 -0.006612731143832207 0.9998121857643127
0.5238303542137146 0.849371612071991 0.007657219655811787 0.9997467398643494
0.6198515295982361 1.093514084815979 -0.21631179749965668 0.30088913440704346
0.5170615911483765 1.0998085737228394 -0.10036291927099228 0.3024640381336212
0.6213338971138 1.3000361919403076 0.13640233874320984 0.0001988612930290401
0.5243021845817566 1.3010624647140503 0.2635839581489563 0.0005944711738266051
0.6247487664222717 1.3408039808273315 0.16500522196292877 0.0008285298245027661
0.5226808190345764 1.341554045677185 0.29438331723213196 0.0009671965381130576
0.6071708798408508 1.3876652717590332 0.007869165390729904 0.00018787568842526525
0.539420485496521 1.380418300628662 0.1329580545425415 0.0007697611581534147
