0.5332379341125488 0.4171528220176697 -0.3504447937011719 0.9983342289924622
0.5408076643943787 0.39576396346092224 -0.324011892080307 0.9982820749282837
0.545116662979126 0.3965250849723816 -0.3240167200565338 0.9979299306869507
0.5490590929985046 0.39752286672592163 -0.32422250509262085 0.9976012110710144
0.5266454219818115 0.393844336271286 -0.3264164924621582 0.9977704286575317
0.5207982659339905 0.39355990290641785 -0.3264677822589874 0.9974921941757202
0.5153050422668457 0.3939334750175476 -0.32654884457588196 0.9973652958869934
0.5543650984764099 0.4069271981716156 -0.1826913207769394 0.9982158541679382
0.5048067569732666 0.4029849171638489 -0.19311362504959106 0.9984971284866333
0.5394623279571533 0.44183799624443054 -0.29764512181282043 0.999485969543457
0.5224739909172058 0.4420696794986725 -0.301382839679718 0.9994146823883057
0.5892744660377502 0.5251766443252563 -0.0997445285320282 0.9989135265350342
0.4636380076408386 0.5116914510726929 -0.11136820167303085 0.9977564215660095
0.6409981846809387 0.6694530248641968 -0.24799691140651703 0.9847751259803772
0.4050353765487671 0.6620137095451355 -0.2778187096118927 0.9910916686058044
0.5996540188789368 0.5162791013717651 -0.4051661789417267 0.9801652431488037
0.47098392248153687 0.5287227630615234 -0.4533660113811493 0.9929002523422241
0.584672212600708 0.4788486063480377 -0.4268909692764282 0.9192079305648804
0.48005416989326477 0.47979623079299927 -0.4770093858242035 0.9605252742767334
0.5814147591590881 0.46589943766593933 -0.3822420835494995 0.8995859026908875
0.4819653630256653 0.4692003130912781 -0.4431679844856262 0.9403544664382935
0.5819748640060425 0.47567635774612427 -0.38711270689964294 0.8518335223197937
0.48340746760368347 0.4856845438480377 -0.4403519928455353 0.8972241282463074
0.5609264969825745 0.7584183216094971 0.0032069722656160593 0.9925157427787781
0.4786275625228882 0.7500333786010742 -0.003063008887693286 0.9905843734741211
0.6052882671356201 0.8443117141723633 -0.3910289704799652 0.6445040702819824
0.42191535234451294 0.8145831227302551 -0.3647245168685913 0.6283240914344788
0.5575591325759888 1.0121369361877441 -0.10131630301475525 0.04571641981601715
0.4369956851005554 0.9841318726539612 -0.07350757718086243 0.06359187513589859
0.5431095361709595 1.032476544380188 -0.07394600659608841 0.10129853338003159
0.4460223913192749 1.0092655420303345 -0.046431172639131546 0.07711818814277649
0.5661226511001587 1.100689172744751 -0.18230125308036804 0.04607098922133446
0.4224051833152771 1.0661616325378418 -0.1578996330499649 0.04583969712257385
