0.5347707271575928 0.4150559902191162 -0.18237707018852234 0.9999873638153076
0.5420087575912476 0.3951072096824646 -0.15256038308143616 0.9999818801879883
0.5462259650230408 0.39659857749938965 -0.15278339385986328 0.999985933303833
0.5509471893310547 0.39834195375442505 -0.15296879410743713 0.9999821186065674
0.526297926902771 0.39103221893310547 -0.1549949049949646 0.9999783039093018
0.5197075605392456 0.3903898596763611 -0.15500769019126892 0.9999790191650391
0.5140933394432068 0.39071935415267944 -0.15513065457344055 0.9999693632125854
0.5541483759880066 0.4076645076274872 -0.0020386625546962023 0.9999921321868896
0.5030076503753662 0.4022058844566345 -0.01161824632436037 0.9999750852584839
0.5409704446792603 0.4436253309249878 -0.12772469222545624 0.9999918937683105
0.5212516784667969 0.44357210397720337 -0.13070224225521088 0.9999865293502808
0.5907641649246216 0.5458171367645264 0.057097647339105606 0.9999438524246216
0.4529236853122711 0.5401182174682617 0.0678328424692154 0.9996373653411865
0.6316108703613281 0.7062060832977295 -0.03498152270913124 0.9803677797317505
0.4146619737148285 0.7140317559242249 -0.08080853521823883 0.9748149514198303
0.6979396343231201 0.7623171806335449 -0.3062719404697418 0.9690263271331787
0.37835535407066345 0.7109937071800232 -0.4254365861415863 0.9721402525901794
0.7135883569717407 0.7596887946128845 -0.3610695004463196 0.9325534105300903
0.3597942888736725 0.7009676694869995 -0.47915175557136536 0.9544975161552429
0.7142491936683655 0.7428005933761597 -0.38338014483451843 0.9456049203872681
0.3593970537185669 0.6725643277168274 -0.5031836032867432 0.9614143967628479
0.7074598670005798 0.7468317747116089 -0.32380741834640503 0.9500063061714172
0.3670027554035187 0.6792475581169128 -0.4447188377380371 0.9595343470573425
0.5744326114654541 0.8528246879577637 -0.007735836785286665 0.9970375299453735
0.47614985704421997 0.8607627153396606 0.00882719922810793 0.9919446110725403
0.5863636136054993 1.0619261264801025 -0.4143880307674408 0.9401863813400269
0.46943581104278564 1.1167930364608765 -0.019592195749282837 0.6884756684303284
0.5801040530204773 1.276703119277954 -0.21805886924266815 0.21505214273929596
0.468567818403244 1.312768578529358 0.2397461235523224 0.119774729013443
0.5774537920951843 1.3096498250961304 -0.20387248694896698 0.26080676913261414
0.4711140990257263 1.3437508344650269 0.2577473521232605 0.07252893596887589
0.5779904723167419 1.357354760169983 -0.37672311067581177 0.1207478791475296
0.46881362795829773 1.386305332183838 0.09144333750009537 0.04116543009877205
