0.5650400519371033 0.37443089485168457 -0.34879589080810547 0.9999980926513672
0.5767439603805542 0.3558952212333679 -0.31862056255340576 0.9999923706054688
0.5819457769393921 0.35705119371414185 -0.3186476528644562 0.9999960660934448
0.5874780416488647 0.3585037589073181 -0.3186072111129761 0.9999880790710449
0.557836651802063 0.354574978351593 -0.3195864260196686 0.9999918937683105
0.5518007874488831 0.355135977268219 -0.31977134943008423 0.9999963045120239
0.5467575788497925 0.35553693771362305 -0.31992509961128235 0.9999912977218628
0.5976232290267944 0.37605127692222595 -0.16395330429077148 0.9999933242797852
0.54185551404953 0.371963232755661 -0.17162561416625977 0.9999982118606567
0.575348436832428 0.4045288562774658 -0.2931576073169708 0.9999979734420776
0.5524343848228455 0.40057098865509033 -0.29594093561172485 0.9999988079071045
0.6328114867210388 0.5464917421340942 -0.08225230872631073 0.9999786615371704
0.503328263759613 0.5236999988555908 -0.07627443224191666 0.9999701976776123
0.6683774590492249 0.7603415846824646 -0.24006377160549164 0.9998351335525513
0.476724237203598 0.7082117795944214 -0.11563470214605331 0.998146653175354
0.6443761587142944 0.6538066267967224 -0.5691481232643127 0.9998682737350464
0.505541205406189 0.8350091576576233 -0.3369746208190918 0.998536229133606
0.6405887603759766 0.6140130162239075 -0.6332128643989563 0.9993958473205566
0.5057746171951294 0.8857367038726807 -0.37785083055496216 0.9954234957695007
0.6391144394874573 0.589780330657959 -0.6093358397483826 0.9994156360626221
0.523987352848053 0.8727339506149292 -0.38376352190971375 0.9959229230880737
0.6361870169639587 0.5989989042282104 -0.5651676058769226 0.9993240833282471
0.5259666442871094 0.8570305705070496 -0.3406270742416382 0.9960730075836182
0.6146217584609985 0.8485165238380432 -0.0030662051867693663 0.9997910857200623
0.5248109102249146 0.8538997173309326 0.003883395344018936 0.9998308420181274
0.6230404376983643 1.0937960147857666 -0.15065933763980865 0.39029204845428467
0.5193159580230713 1.0779552459716797 -0.2207922488451004 0.5673813819885254
0.6188350915908813 1.2820125818252563 0.25461623072624207 0.00024266348918899894
0.5375339984893799 1.2825257778167725 0.12509749829769135 0.0016647790325805545
0.6212230920791626 1.3141957521438599 0.28937795758247375 0.0016277009854093194
0.5371187329292297 1.3201804161071777 0.15432898700237274 0.003137179184705019
0.6054792404174805 1.3746669292449951 0.15966297686100006 0.00023463797697331756
0.5539829134941101 1.3591372966766357 -0.005710222292691469 0.0016763843595981598
