0.5643814206123352 0.3749696612358093 -0.2701711356639862 0.9999872446060181
0.5762032866477966 0.3548851013183594 -0.24007202684879303 0.999968409538269
0.5814827084541321 0.3564326763153076 -0.24010583758354187 0.99997878074646
0.587073028087616 0.3581867814064026 -0.24013569951057434 0.9999605417251587
0.5567569136619568 0.3537362217903137 -0.24622103571891785 0.9999662637710571
0.5500900745391846 0.35421299934387207 -0.2462761402130127 0.9999771118164062
0.5444998145103455 0.35485488176345825 -0.24644340574741364 0.999963641166687
0.597176730632782 0.3771819472312927 -0.09555857628583908 0.9999593496322632
0.5393264889717102 0.37289315462112427 -0.12794455885887146 0.999990701675415
0.5736775994300842 0.40690702199935913 -0.2178725302219391 0.9999915361404419
0.5510042905807495 0.40457406640052795 -0.22780151665210724 0.9999955892562866
0.6272321343421936 0.5362352132797241 -0.025690048933029175 0.9999666213989258
0.5017284750938416 0.5209397077560425 -0.06544248759746552 0.999932050704956
0.6636412739753723 0.7523893713951111 -0.19317083060741425 0.9995138645172119
0.48043012619018555 0.7037425637245178 -0.11810687184333801 0.9915600419044495
0.6292988657951355 0.6156446933746338 -0.48402467370033264 0.9996689558029175
0.5073469281196594 0.8297873139381409 -0.2965911030769348 0.9916799664497375
0.619267463684082 0.5741742253303528 -0.5406265258789062 0.9984681010246277
0.5075735449790955 0.8811957836151123 -0.33705732226371765 0.977558434009552
0.6186078190803528 0.5471473932266235 -0.5117712616920471 0.998451828956604
0.525393009185791 0.8725317120552063 -0.3391628861427307 0.9797454476356506
0.6184318661689758 0.5583477020263672 -0.47837552428245544 0.9981289505958557
0.5276331305503845 0.8552950024604797 -0.299312949180603 0.979800820350647
0.6132593154907227 0.8428238034248352 0.017355918884277344 0.9993687272071838
0.5216877460479736 0.8477166891098022 -0.01647867076098919 0.9994339346885681
0.6196678876876831 1.0926696062088013 -0.06513382494449615 0.24383877217769623
0.5152121782302856 1.0621411800384521 -0.24760396778583527 0.40438151359558105
0.6180534362792969 1.2833325862884521 0.31412410736083984 0.00029188941698521376
0.5244497656822205 1.2800320386886597 0.0439535528421402 0.0024905293248593807
0.6205075979232788 1.314206838607788 0.3458460867404938 0.0013289181515574455
0.5230082273483276 1.3178898096084595 0.06787247955799103 0.0034410033840686083
0.6047545671463013 1.377286672592163 0.21492160856723785 0.00026195196551270783
0.5382710695266724 1.3589268922805786 -0.10802540183067322 0.00251159374602139
