0.5485052466392517 0.3480995297431946 -0.7703365087509155 0.9992058873176575
0.5573709607124329 0.3249014914035797 -0.7428988218307495 0.998719334602356
0.5628784894943237 0.32517915964126587 -0.7428646087646484 0.9986269474029541
0.5673192143440247 0.32560351490974426 -0.7431073784828186 0.9979342222213745
0.5395765900611877 0.3256332278251648 -0.7419624924659729 0.9988943934440613
0.5339704155921936 0.3265450894832611 -0.7422694563865662 0.9991055130958557
0.529507040977478 0.3279704451560974 -0.7423665523529053 0.9990302324295044
0.576278567314148 0.3399430513381958 -0.555207371711731 0.9981195330619812
0.5197560787200928 0.3423006236553192 -0.5526756644248962 0.9995005130767822
0.5604246854782104 0.3754657208919525 -0.6992820501327515 0.9996922016143799
0.5371213555335999 0.37869590520858765 -0.6992167234420776 0.9997150301933289
0.6213136315345764 0.4659774899482727 -0.43522340059280396 0.9986758828163147
0.477843701839447 0.4812323749065399 -0.4144856631755829 0.9994553923606873
0.6916658878326416 0.649174690246582 -0.7520834803581238 0.998248815536499
0.43020516633987427 0.6745004653930664 -0.7028968334197998 0.9939864873886108
0.6515138745307922 0.5139625072479248 -1.1314083337783813 0.9927546381950378
0.4559362828731537 0.5109108090400696 -1.115716814994812 0.9965188503265381
0.6334367990493774 0.4669138193130493 -1.2005418539047241 0.9583643078804016
0.4619501531124115 0.4655492305755615 -1.186661958694458 0.9857703447341919
0.6293718814849854 0.44897013902664185 -1.152016043663025 0.949982762336731
0.463182657957077 0.4468221366405487 -1.1477606296539307 0.9821980595588684
0.631172776222229 0.46503230929374695 -1.1189743280410767 0.9248781800270081
0.463864803314209 0.45981091260910034 -1.1081414222717285 0.9712615013122559
0.6096292734146118 0.7815070748329163 -0.007634978275746107 0.9954490065574646
0.5092698335647583 0.7890090942382812 0.007648743223398924 0.998928964138031
0.6182230114936829 1.051405906677246 -0.14856332540512085 0.5462631583213806
0.4931839406490326 1.0233609676361084 -0.20440496504306793 0.537426769733429
0.6365569829940796 1.108612298965454 0.4225650429725647 0.0018713794415816665
0.5064906477928162 1.1408852338790894 0.32211676239967346 0.00794090423732996
0.6370304226875305 1.1188427209854126 0.47721773386001587 0.0062024942599236965
0.5109390616416931 1.1589100360870361 0.3721137046813965 0.0055685569532215595
0.6388351917266846 1.1767852306365967 0.3939860165119171 0.0027520209550857544
0.5093033909797668 1.2186115980148315 0.2564152479171753 0.009625617414712906
