0.5520437359809875 0.34216466546058655 -0.6110847592353821 0.9998729228973389
0.5597353577613831 0.3192328214645386 -0.5801995992660522 0.999763548374176
0.5649610757827759 0.3192189335823059 -0.5802822709083557 0.9997958540916443
0.5691367387771606 0.3199942111968994 -0.5804973840713501 0.9996414184570312
0.5416997075080872 0.3222612738609314 -0.581273078918457 0.9997738003730774
0.5354099273681641 0.324948251247406 -0.5814902186393738 0.9998235106468201
0.5305396914482117 0.32736527919769287 -0.5816164612770081 0.999769389629364
0.5772720575332642 0.3350447416305542 -0.3913537263870239 0.9997647404670715
0.5224917531013489 0.3447747528553009 -0.397337943315506 0.9999133348464966
0.564288318157196 0.37081179022789 -0.5408604741096497 0.9999721050262451
0.5416796803474426 0.37365296483039856 -0.5428766012191772 0.9999741315841675
0.6228863000869751 0.48187345266342163 -0.2771812081336975 0.9998202919960022
0.48123350739479065 0.49781274795532227 -0.2649362087249756 0.9996482133865356
0.6924191117286682 0.6699487566947937 -0.4990490972995758 0.9983296990394592
0.42635300755500793 0.6899101138114929 -0.4865180552005768 0.9966323971748352
0.6749769449234009 0.627182126045227 -0.8759438395500183 0.9970870614051819
0.4499444365501404 0.6226087212562561 -0.9153263568878174 0.9991832375526428
0.6635957956314087 0.6105965375900269 -0.9466726183891296 0.9893536567687988
0.45888206362724304 0.5950703024864197 -0.9918038249015808 0.9964780211448669
0.6599476337432861 0.5852723717689514 -0.9255686402320862 0.9893876314163208
0.4606744945049286 0.5619233250617981 -0.9700096249580383 0.9962103366851807
0.6584430932998657 0.5872315764427185 -0.8733177781105042 0.9839525818824768
0.4602070748806 0.5691596269607544 -0.9142501950263977 0.9941344857215881
0.6087698340415955 0.8090868592262268 -0.002179079921916127 0.9973697662353516
0.5097779631614685 0.8104909062385559 0.0025333301164209843 0.9992965459823608
0.615961492061615 1.0815372467041016 -0.1794455200433731 0.6643991470336914
0.49618497490882874 1.0025690793991089 -0.3595442771911621 0.7697776556015015
0.6343257427215576 1.2038328647613525 0.3586635887622833 0.001971245277673006
0.4927675426006317 1.221083641052246 0.14934152364730835 0.012971924617886543
0.6358020901679993 1.226034164428711 0.4057966470718384 0.006606480106711388
0.4951840341091156 1.252258062362671 0.19481216371059418 0.010042673908174038
0.6375119090080261 1.2888075113296509 0.2793470323085785 0.0015542182372882962
0.49374011158943176 1.3044145107269287 0.03096696548163891 0.010453186929225922
