0.5395107269287109 0.3602546453475952 -0.26854345202445984 0.9993060827255249
0.5460232496261597 0.33801746368408203 -0.23939281702041626 0.999249279499054
0.5500409603118896 0.3384441137313843 -0.23952266573905945 0.9994899034500122
0.5547199845314026 0.3390761613845825 -0.23966911435127258 0.9993484616279602
0.5293984413146973 0.33731889724731445 -0.24227474629878998 0.998826801776886
0.5234411358833313 0.3372843861579895 -0.2424239218235016 0.999091386795044
0.5175576210021973 0.33796530961990356 -0.24258115887641907 0.9987347722053528
0.561975359916687 0.3516509532928467 -0.0884644016623497 0.9995768666267395
0.507928192615509 0.3521159887313843 -0.10286632925271988 0.9994239807128906
0.5507797002792358 0.38552242517471313 -0.21208350360393524 0.9991845488548279
0.5291252136230469 0.3831706643104553 -0.21669742465019226 0.9989650249481201
0.6031742095947266 0.4891221821308136 -0.04153380170464516 0.9991427659988403
0.46130645275115967 0.49065646529197693 -0.06766646355390549 0.9985986351966858
0.6249070763587952 0.6806296110153198 -0.262412428855896 0.9962064027786255
0.45500272512435913 0.6610709428787231 -0.28339287638664246 0.9930845499038696
0.5867442488670349 0.5038209557533264 -0.5372644066810608 0.9976354837417603
0.5187522768974304 0.5358302593231201 -0.5015122294425964 0.9986255168914795
0.5843682885169983 0.4496501386165619 -0.5839500427246094 0.9945198893547058
0.5362237691879272 0.49879688024520874 -0.5437065362930298 0.9936118721961975
0.5850611925125122 0.43165597319602966 -0.543086588382721 0.9943414926528931
0.5324231386184692 0.46842673420906067 -0.503981351852417 0.9926317930221558
0.5816186666488647 0.45143237709999084 -0.5263276100158691 0.9943296313285828
0.5298486351966858 0.48128435015678406 -0.48920518159866333 0.9921678900718689
0.5854068398475647 0.8152147531509399 0.015436645597219467 0.9995458722114563
0.4851626753807068 0.8195741176605225 -0.014920015819370747 0.999321460723877
0.6453427672386169 1.0009372234344482 -0.17737628519535065 0.7537344694137573
0.46613508462905884 1.0047107934951782 -0.2518511414527893 0.8537409901618958
0.6104018688201904 1.2478135824203491 0.24625590443611145 0.0021337647922337055
0.47371068596839905 1.254460334777832 0.1297309845685959 0.006209961138665676
0.6062742471694946 1.2737561464309692 0.28856590390205383 0.005989134777337313
0.4723314940929413 1.281514048576355 0.16854307055473328 0.00812564231455326
0.6012126207351685 1.3399828672409058 0.2058458924293518 0.0008036121726036072
0.48957177996635437 1.3322010040283203 0.05971821770071983 0.002611301140859723
