0.5394748449325562 0.3610273599624634 -0.1851358711719513 0.9995322227478027
0.5460405945777893 0.34036391973495483 -0.15607066452503204 0.9995785355567932
0.5503478646278381 0.3410942554473877 -0.15617786347866058 0.9997064471244812
0.5545975565910339 0.3417138457298279 -0.15633180737495422 0.9996354579925537
0.5295549631118774 0.33877629041671753 -0.15828223526477814 0.9992940425872803
0.5235248804092407 0.33878999948501587 -0.15836717188358307 0.999417781829834
0.5182338356971741 0.33955949544906616 -0.15851323306560516 0.9992166757583618
0.5618027448654175 0.35473936796188354 -0.013828294351696968 0.9997852444648743
0.509196400642395 0.3546367287635803 -0.02414780668914318 0.9996613264083862
0.5499915480613708 0.3852325677871704 -0.13247975707054138 0.99952232837677
0.5291485786437988 0.38346779346466064 -0.13585703074932098 0.9993464350700378
0.6051177382469177 0.49363940954208374 0.020460577681660652 0.999414324760437
0.46178486943244934 0.49069252610206604 -0.006986526306718588 0.9989187717437744
0.6239805221557617 0.6771204471588135 -0.19116468727588654 0.9947964549064636
0.4556587338447571 0.6621828079223633 -0.2211790233850479 0.9924091100692749
0.5863549709320068 0.49547842144966125 -0.4385767877101898 0.9970331192016602
0.5239095687866211 0.5309292078018188 -0.41484442353248596 0.9984188079833984
0.5842577815055847 0.44571173191070557 -0.4835464060306549 0.9928348064422607
0.5434722304344177 0.49332523345947266 -0.45311376452445984 0.9921925663948059
0.5845852494239807 0.4306734502315521 -0.4423242509365082 0.9926053285598755
0.5377618670463562 0.4649012088775635 -0.4155500531196594 0.9908807277679443
0.5813487768173218 0.4474567472934723 -0.4276618957519531 0.9928620457649231
0.5345510840415955 0.4762250483036041 -0.40320703387260437 0.9905175566673279
0.5824579000473022 0.8102912306785583 0.013837688602507114 0.9997273087501526
0.48463985323905945 0.8124646544456482 -0.013218451291322708 0.9995322227478027
0.641990602016449 0.9877513647079468 -0.1848054677248001 0.8401316404342651
0.47140902280807495 1.069908857345581 -0.23410625755786896 0.8882039189338684
0.6064931750297546 1.2182904481887817 0.20389100909233093 0.003501900704577565
0.4775260388851166 1.2265963554382324 0.14189453423023224 0.004483936354517937
0.6015393733978271 1.247232437133789 0.24312131106853485 0.008999013341963291
0.4772038161754608 1.2506552934646606 0.18086713552474976 0.006124542560428381
0.6014454364776611 1.3087470531463623 0.1650245189666748 0.0011942173587158322
0.4893365204334259 1.3001435995101929 0.09349430352449417 0.001866371720097959
