0.5457778573036194 0.33542412519454956 -0.5763420462608337 0.999961256980896
0.5531139969825745 0.3143194317817688 -0.5454620718955994 0.9999126195907593
0.5575449466705322 0.3146178126335144 -0.5455846786499023 0.9999469518661499
0.562333881855011 0.3150172233581543 -0.5458258390426636 0.9999104738235474
0.5357369780540466 0.31427860260009766 -0.5484622120857239 0.9998515844345093
0.530030369758606 0.3148230314254761 -0.5485152006149292 0.9998717308044434
0.5244019627571106 0.3160077929496765 -0.5485985279083252 0.9997469782829285
0.5683879256248474 0.3282710313796997 -0.3583817183971405 0.999937891960144
0.515705406665802 0.3315584063529968 -0.3750047981739044 0.9999332427978516
0.5560070872306824 0.36091145873069763 -0.5067097544670105 0.9999934434890747
0.5348436236381531 0.36119651794433594 -0.5119493007659912 0.999993085861206
0.6069884896278381 0.47012966871261597 -0.24632768332958221 0.999991774559021
0.4759402275085449 0.48102065920829773 -0.2282266616821289 0.9999457597732544
0.6378751397132874 0.6640359163284302 -0.42900535464286804 0.9974964261054993
0.44727450609207153 0.6791260242462158 -0.1626875400543213 0.9699159264564514
0.6257516145706177 0.5719228386878967 -0.7943837642669678 0.9959222078323364
0.4173676669597626 0.8557464480400085 -0.2988912761211395 0.9030196070671082
0.6184051036834717 0.5314639806747437 -0.8643438220024109 0.9874944090843201
0.40807628631591797 0.9141305088996887 -0.3274880647659302 0.8483938574790955
0.6178850531578064 0.5063782930374146 -0.850439190864563 0.9866191744804382
0.4130321741104126 0.9198449850082397 -0.36779507994651794 0.8612562417984009
0.6168582439422607 0.5164263248443604 -0.7946420311927795 0.9758608341217041
0.4173538386821747 0.9011990427970886 -0.31572291254997253 0.840804398059845
0.5850393772125244 0.7739576101303101 0.010539595037698746 0.998755693435669
0.49185875058174133 0.7786496877670288 -0.01015440933406353 0.9979375600814819
0.623628556728363 0.9753743410110474 -0.4000423550605774 0.6307791471481323
0.4824482500553131 0.9551578164100647 -0.47267982363700867 0.6141778230667114
0.6295586824417114 1.0402010679244995 0.10611794143915176 0.026671860367059708
0.5053353905677795 1.0790821313858032 -0.004436160903424025 0.036979448050260544
0.6284263730049133 1.0445621013641357 0.1536412090063095 0.07801961153745651
0.508796215057373 1.0914855003356934 0.03836993873119354 0.04636294022202492
0.632018506526947 1.1036804914474487 0.028255561366677284 0.024276260286569595
0.5200669765472412 1.1565465927124023 -0.12503249943256378 0.031910188496112823
