0.5486956834793091 0.33937183022499084 -0.5167182683944702 0.9999192953109741
0.5549653172492981 0.3198067545890808 -0.48618707060813904 0.9997792840003967
0.5592615604400635 0.3203020691871643 -0.4862678647041321 0.9998124241828918
0.5634075999259949 0.32072359323501587 -0.48647716641426086 0.9997287392616272
0.5387980937957764 0.31870901584625244 -0.4905723035335541 0.9997518658638
0.5322933197021484 0.31889909505844116 -0.49060678482055664 0.9997361302375793
0.526211142539978 0.3193668723106384 -0.4906974732875824 0.9996119141578674
0.5681335926055908 0.33194804191589355 -0.30408138036727905 0.9997158646583557
0.5160363912582397 0.3320254385471344 -0.32802411913871765 0.9998897314071655
0.5556231737136841 0.3670644164085388 -0.44826528429985046 0.9999752044677734
0.5363525748252869 0.36407116055488586 -0.4558095633983612 0.9999854564666748
0.5983346700668335 0.4655942916870117 -0.21458956599235535 0.9999510049819946
0.47633710503578186 0.4842691421508789 -0.18247297406196594 0.9998562335968018
0.6513537168502808 0.608696460723877 -0.43609294295310974 0.9979363679885864
0.4484425485134125 0.6797900795936584 -0.12310764938592911 0.9333594441413879
0.6043007373809814 0.4117928445339203 -0.7585169672966003 0.9935548901557922
0.4179351031780243 0.854874849319458 -0.23412667214870453 0.823723554611206
0.5921548008918762 0.3728169798851013 -0.823092520236969 0.9727464914321899
0.4056231379508972 0.9074652194976807 -0.25313252210617065 0.7277694344520569
0.5891394019126892 0.3660277724266052 -0.7911636829376221 0.9683780670166016
0.41225120425224304 0.9114448428153992 -0.29215529561042786 0.7470561861991882
0.5897273421287537 0.3799138069152832 -0.752241313457489 0.9497906565666199
0.4181816875934601 0.8957730531692505 -0.24996648728847504 0.7291241884231567
0.5830816030502319 0.7675446271896362 0.0033503735903650522 0.9987553358078003
0.4956091046333313 0.7722235918045044 -0.0031369493808597326 0.9979475140571594
0.6218535900115967 0.9524134993553162 -0.35207051038742065 0.5802117586135864
0.48140230774879456 0.9422487616539001 -0.4205951392650604 0.5917125940322876
0.6183072924613953 1.035926103591919 0.11860187351703644 0.011934608221054077
0.506744384765625 1.0711830854415894 0.04015142843127251 0.01897287555038929
0.615348756313324 1.0424574613571167 0.16435407102108002 0.048352502286434174
0.5108285546302795 1.0846881866455078 0.08365894854068756 0.032237861305475235
0.6185601949691772 1.1010137796401978 0.05406399816274643 0.01569177396595478
0.518707275390625 1.1463279724121094 -0.05567192658782005 0.01869124174118042
