0.5454466938972473 0.33494865894317627 -0.4324345290660858 0.9999834299087524
0.5509812831878662 0.315798819065094 -0.4002036452293396 0.9999538660049438
0.5550738573074341 0.31610000133514404 -0.4002852737903595 0.9999672174453735
0.5591603517532349 0.3163415193557739 -0.4004625678062439 0.9999526739120483
0.5353326201438904 0.3160209655761719 -0.405148446559906 0.9999399185180664
0.5296501517295837 0.31687819957733154 -0.40513181686401367 0.9999452829360962
0.52430659532547 0.3176764249801636 -0.40523284673690796 0.9999121427536011
0.5644792318344116 0.32837414741516113 -0.21867646276950836 0.9999632835388184
0.5158671736717224 0.3321629762649536 -0.2445637583732605 0.9999732971191406
0.5542029142379761 0.3616812825202942 -0.36495527625083923 0.9999926090240479
0.5344083905220032 0.3601643741130829 -0.37308844923973083 0.9999933242797852
0.5986603498458862 0.46281442046165466 -0.1401529461145401 0.9999845027923584
0.4754788279533386 0.48303306102752686 -0.10825429856777191 0.9998513460159302
0.6545993089675903 0.5815754532814026 -0.3704580068588257 0.9988512992858887
0.4475054144859314 0.6816974878311157 -0.06193860247731209 0.9494345188140869
0.605317234992981 0.40032392740249634 -0.6979116797447205 0.9968225955963135
0.4164520502090454 0.8645954728126526 -0.17073629796504974 0.8904584050178528
0.5930774211883545 0.3623962700366974 -0.7649887204170227 0.9833735227584839
0.40734216570854187 0.9227356314659119 -0.18570168316364288 0.8099427819252014
0.5874266028404236 0.35785600543022156 -0.7261175513267517 0.9817426204681396
0.41254979372024536 0.9273044466972351 -0.2312801629304886 0.8286548256874084
0.5878117680549622 0.3705594539642334 -0.689174473285675 0.9699941277503967
0.4170090854167938 0.9087125062942505 -0.18896980583667755 0.809495210647583
0.5832568407058716 0.7733342051506042 -0.003281646640971303 0.9980401396751404
0.49308183789253235 0.7814874053001404 0.0036163399927318096 0.994438648223877
0.6241845488548279 0.9627756476402283 -0.4911993741989136 0.7066369652748108
0.47789591550827026 0.9375039339065552 -0.49731212854385376 0.6979339122772217
0.6148430109024048 1.1402435302734375 -0.17427581548690796 0.06156000867486
0.4983876943588257 1.1467903852462769 -0.19414901733398438 0.067312091588974
0.6098393201828003 1.1642957925796509 -0.14739461243152618 0.18152092397212982
0.502371609210968 1.1736911535263062 -0.16891799867153168 0.1003953367471695
0.6205224990844727 1.2176275253295898 -0.30650794506073 0.061277326196432114
0.5066044330596924 1.230254054069519 -0.3388577997684479 0.04742644354701042
