0.5360426306724548 0.3410576581954956 -0.4469519257545471 0.9999524354934692
0.5458904504776001 0.3210023045539856 -0.4171793758869171 0.9998716115951538
0.5509901642799377 0.3206627368927002 -0.4172631800174713 0.9998964071273804
0.5549918413162231 0.32034969329833984 -0.41744866967201233 0.99986732006073
0.5285186171531677 0.32186490297317505 -0.41804808378219604 0.9998530149459839
0.5231162309646606 0.3216521739959717 -0.41803714632987976 0.9998452663421631
0.5189530849456787 0.32209861278533936 -0.41814059019088745 0.9997889399528503
0.5618513822555542 0.3313722014427185 -0.24383704364299774 0.9998760223388672
0.5140925049781799 0.3338257670402527 -0.24978384375572205 0.9999189376831055
0.5485557317733765 0.3645683526992798 -0.3818678855895996 0.9999762773513794
0.5264241099357605 0.36265188455581665 -0.3841814696788788 0.9999798536300659
0.5967876315116882 0.45696336030960083 -0.16786707937717438 0.9999521970748901
0.4766661822795868 0.4813343286514282 -0.11331555247306824 0.9997701048851013
0.6565120220184326 0.5578329563140869 -0.4108911156654358 0.9988271594047546
0.4493045210838318 0.6774351596832275 -0.0518156960606575 0.9313783645629883
0.5960735082626343 0.3892967700958252 -0.7374603748321533 0.9964219331741333
0.41849231719970703 0.8541395664215088 -0.16087470948696136 0.8935844302177429
0.5860349535942078 0.3491448163986206 -0.803756594657898 0.9816057085990906
0.4077274203300476 0.9127421379089355 -0.17872990667819977 0.8179218173027039
0.5810808539390564 0.34654784202575684 -0.7637062072753906 0.979182779788971
0.4121137261390686 0.9197094440460205 -0.2203286588191986 0.836027979850769
0.5808515548706055 0.36194533109664917 -0.7281902432441711 0.967582106590271
0.41692954301834106 0.8989894390106201 -0.17810052633285522 0.8240512013435364
0.5816417932510376 0.7694607973098755 -0.005743281450122595 0.9979395270347595
0.4941975772380829 0.779154360294342 0.005990596488118172 0.9960055947303772
0.629142165184021 0.9702931642532349 -0.3577001988887787 0.5794350504875183
0.48958006501197815 0.9610751867294312 -0.41683605313301086 0.6633196473121643
0.622735321521759 1.1162331104278564 0.015052294358611107 0.031079759821295738
0.5104469060897827 1.133926510810852 -0.0408167839050293 0.04228430986404419
0.6191312670707703 1.1349283456802368 0.04876483976840973 0.10063959658145905
0.5144429206848145 1.1527162790298462 -0.006331201177090406 0.06558758020401001
0.6282092332839966 1.1921186447143555 -0.09140162169933319 0.03244192153215408
0.5193425416946411 1.2166814804077148 -0.15946121513843536 0.034725092351436615
