0.5361078977584839 0.3409869074821472 -0.3766648471355438 0.999954104423523
0.5457287430763245 0.3209689259529114 -0.34682872891426086 0.9999005794525146
0.550909161567688 0.32100576162338257 -0.3469228446483612 0.9999197721481323
0.5546674728393555 0.3209037184715271 -0.3471091389656067 0.9999030828475952
0.5285792946815491 0.3214528560638428 -0.3489147424697876 0.9998821020126343
0.5230531096458435 0.32156622409820557 -0.3488737940788269 0.9998754262924194
0.5186100602149963 0.32229262590408325 -0.3489660918712616 0.9998393058776855
0.5616493225097656 0.3318846821784973 -0.17834201455116272 0.9999188184738159
0.5133556127548218 0.3351437449455261 -0.19031743705272675 0.9999375343322754
0.54860520362854 0.36537909507751465 -0.31369057297706604 0.9999814033508301
0.5264177322387695 0.3638012707233429 -0.3176954388618469 0.9999843835830688
0.5973682999610901 0.4614046514034271 -0.11200516670942307 0.9999659061431885
0.4764954447746277 0.4837195575237274 -0.06736070662736893 0.9998254179954529
0.6546472907066345 0.5572991967201233 -0.3429441452026367 0.998298704624176
0.4489903748035431 0.6773214936256409 -0.010010278783738613 0.9135640263557434
0.5972723364830017 0.38681915402412415 -0.6490838527679443 0.9955331087112427
0.41901224851608276 0.8565040230751038 -0.10888251662254333 0.8499413728713989
0.5869174599647522 0.34739306569099426 -0.7100817561149597 0.9803668260574341
0.4085596799850464 0.9168490767478943 -0.12396817654371262 0.7710761427879333
0.5820663571357727 0.3443872332572937 -0.671194851398468 0.9777510166168213
0.4143317937850952 0.9219133853912354 -0.16380847990512848 0.7896745204925537
0.5821431279182434 0.35925793647766113 -0.6397668123245239 0.9651556611061096
0.41912734508514404 0.9023221731185913 -0.1252262443304062 0.776098370552063
0.5826560258865356 0.7744588255882263 -0.0014713841956108809 0.9981537461280823
0.4938412308692932 0.7836774587631226 0.0017314651049673557 0.9959089756011963
0.6245385408401489 0.9693463444709778 -0.3852517008781433 0.6919432282447815
0.48105189204216003 0.9469071626663208 -0.43729332089424133 0.6967501044273376
0.6200370788574219 1.0827207565307617 -0.020947158336639404 0.05564074590802193
0.5067253112792969 1.110278606414795 -0.08046906441450119 0.0589258074760437
0.6156690716743469 1.0953389406204224 0.013590123504400253 0.13760638236999512
0.5110891461372375 1.126152753829956 -0.04684104397892952 0.08679436892271042
0.6220694184303284 1.1540573835372925 -0.11378131806850433 0.05151694640517235
0.5192902684211731 1.1886787414550781 -0.19224004447460175 0.042935989797115326
