0.5363956093788147 0.3407813310623169 -0.44748204946517944 0.9999358654022217
0.5461868643760681 0.3206515908241272 -0.4189409613609314 0.9998328685760498
0.5512832999229431 0.3203313946723938 -0.41902902722358704 0.9998683929443359
0.5551424026489258 0.31992340087890625 -0.41922727227211 0.9998323917388916
0.5288633704185486 0.32182222604751587 -0.4205155670642853 0.9998124241828918
0.523263692855835 0.3217480182647705 -0.420489639043808 0.9997991919517517
0.5189999938011169 0.32237303256988525 -0.42058318853378296 0.999731719493866
0.5614557266235352 0.33030134439468384 -0.24915720522403717 0.9998519420623779
0.5136220455169678 0.3344525098800659 -0.2590488791465759 0.9998984336853027
0.548719584941864 0.3650808334350586 -0.38348570466041565 0.9999724626541138
0.5270305871963501 0.3635610342025757 -0.3868933916091919 0.9999791383743286
0.5964155197143555 0.45582541823387146 -0.1692868024110794 0.9999583959579468
0.47541505098342896 0.4830968677997589 -0.12505853176116943 0.9998495578765869
0.6540032625198364 0.5582886934280396 -0.39635756611824036 0.9985235333442688
0.44867292046546936 0.6766366362571716 -0.06255403906106949 0.9191657304763794
0.5952654480934143 0.38569697737693787 -0.7054229378700256 0.9954401254653931
0.4183017611503601 0.8544216752052307 -0.16329361498355865 0.8510459065437317
0.5851631760597229 0.3458741307258606 -0.7679222822189331 0.979908287525177
0.4070427715778351 0.9143213033676147 -0.18055486679077148 0.7694684267044067
0.5804592967033386 0.3424292504787445 -0.7300770878791809 0.9768018126487732
0.41201236844062805 0.9209545254707336 -0.21986740827560425 0.7872666716575623
0.5803647637367249 0.3581545054912567 -0.6962112188339233 0.9630987048149109
0.41693904995918274 0.9002089500427246 -0.17942377924919128 0.7743780612945557
0.5809697508811951 0.763719379901886 0.002482050098478794 0.9979653358459473
0.4935798645019531 0.7748541235923767 -0.0022213889751583338 0.9963292479515076
0.6284589767456055 0.9629335999488831 -0.3304748237133026 0.6672971248626709
0.4874544143676758 0.9622734785079956 -0.39932456612586975 0.661868155002594
0.6260760426521301 1.0614393949508667 0.07516375929117203 0.04040416330099106
0.512336790561676 1.1145042181015015 -0.0016241034027189016 0.04474978521466255
0.6224682927131653 1.0696829557418823 0.11387238651514053 0.11497882753610611
0.5161930918693542 1.1280595064163208 0.035511672496795654 0.06538961827754974
0.6259642839431763 1.1356054544448853 -0.008586051873862743 0.03909164294600487
0.5262987613677979 1.197049617767334 -0.1127660721540451 0.034716490656137466
