0.5407842993736267 0.33506351709365845 -0.49248775839805603 0.9999327659606934
0.5481992959976196 0.3140581250190735 -0.464538037776947 0.999876856803894
0.5528013110160828 0.3149477243423462 -0.46466439962387085 0.9999182224273682
0.5565024018287659 0.3156377673149109 -0.4648919403553009 0.9998911619186401
0.5312097072601318 0.31423646211624146 -0.4641209840774536 0.9998131394386292
0.5255858898162842 0.3149852752685547 -0.464129775762558 0.9998041987419128
0.5200425982475281 0.31670820713043213 -0.4642305076122284 0.9996784925460815
0.563398540019989 0.33053940534591675 -0.2912241816520691 0.9999110698699951
0.5128249526023865 0.33316367864608765 -0.2907017171382904 0.9998550415039062
0.5512352585792542 0.3607947528362274 -0.4267621636390686 0.9999712705612183
0.5295461416244507 0.36068612337112427 -0.4271221458911896 0.9999657869338989
0.5980355739593506 0.46506568789482117 -0.20411129295825958 0.9999778270721436
0.47495800256729126 0.4777185022830963 -0.14314664900302887 0.9998542070388794
0.6288741827011108 0.6289728879928589 -0.42905598878860474 0.99674391746521
0.4481970965862274 0.6752256751060486 -0.056276511400938034 0.906423032283783
0.5855157375335693 0.47897854447364807 -0.7921891808509827 0.9934822916984558
0.41858741641044617 0.8516947627067566 -0.15337854623794556 0.7683253884315491
0.5691636800765991 0.4559345841407776 -0.8614385724067688 0.9779998660087585
0.40939608216285706 0.913832426071167 -0.1701042354106903 0.6502190828323364
0.5655821561813354 0.44410014152526855 -0.8341023325920105 0.977344810962677
0.4144672453403473 0.918964147567749 -0.21186445653438568 0.6849886775016785
0.5673753619194031 0.4512277841567993 -0.7871558666229248 0.9624727368354797
0.4186745584011078 0.8996032476425171 -0.1701188087463379 0.6768624186515808
0.5815767645835876 0.7710686326026917 0.004758517723530531 0.9983215928077698
0.49392861127853394 0.7799955606460571 -0.004469356033951044 0.9963086247444153
0.6275635957717896 0.9688989520072937 -0.22288867831230164 0.6148489713668823
0.5027995109558105 1.0168136358261108 -0.24278531968593597 0.6041277647018433
0.6194031834602356 1.1057928800582886 0.23815901577472687 0.035077184438705444
0.5225500464439392 1.1613281965255737 0.16870184242725372 0.04308478161692619
0.6155742406845093 1.11311936378479 0.28304412961006165 0.08467183262109756
0.5237858891487122 1.1741950511932373 0.20728029310703278 0.054346051067113876
0.617051362991333 1.1922740936279297 0.1684449166059494 0.030298491939902306
0.5402356386184692 1.2498013973236084 0.06400122493505478 0.033050645142793655
