0.5475844144821167 0.32798969745635986 -0.3933587372303009 0.9999289512634277
0.5531885623931885 0.3094586730003357 -0.3640412390232086 0.9998993873596191
0.5567989349365234 0.31062448024749756 -0.3641982972621918 0.9999140501022339
0.561056911945343 0.3121241331100464 -0.3643735349178314 0.999902606010437
0.5373392105102539 0.30878186225891113 -0.36662977933883667 0.9998812675476074
0.5312336683273315 0.3096691966056824 -0.36665257811546326 0.9998681545257568
0.5257917642593384 0.31102967262268066 -0.3667621612548828 0.9998407363891602
0.5669079422950745 0.32880622148513794 -0.1996898204088211 0.9999089241027832
0.5162079930305481 0.32934868335723877 -0.21295671164989471 0.9999061822891235
0.5565313100814819 0.35465309023857117 -0.332271546125412 0.9999790191650391
0.5356959104537964 0.3547033369541168 -0.33645254373550415 0.9999810457229614
0.6004865765571594 0.46177253127098083 -0.14972534775733948 0.999967098236084
0.47470563650131226 0.48006030917167664 -0.09549270570278168 0.9998892545700073
0.6274844408035278 0.613853931427002 -0.3704940676689148 0.9957169890403748
0.44815462827682495 0.6760452389717102 -0.04247565567493439 0.9459512829780579
0.5721975564956665 0.49040624499320984 -0.7083113193511963 0.9920378923416138
0.4193907082080841 0.8517138361930847 -0.15713204443454742 0.8526763916015625
0.5578120946884155 0.48395493626594543 -0.7771554589271545 0.9786278605461121
0.4104255437850952 0.9116511344909668 -0.1828496903181076 0.7853495478630066
0.5444346070289612 0.4735405743122101 -0.7522649765014648 0.9771279096603394
0.4149949252605438 0.9173911213874817 -0.22027386724948883 0.8058964014053345
0.5485404133796692 0.4764019548892975 -0.7044553160667419 0.96329265832901
0.4194559156894684 0.8981065154075623 -0.17301402986049652 0.7956774830818176
0.5835802555084229 0.7726024389266968 0.0007250498747453094 0.9984727501869202
0.49504968523979187 0.7830044031143188 -0.0005320485797710717 0.9974915981292725
0.6270568370819092 0.9680222272872925 -0.2813798487186432 0.6801785230636597
0.49503040313720703 0.9848811626434326 -0.31995096802711487 0.6357104778289795
0.6274694204330444 1.0646812915802002 0.16056674718856812 0.04573782533407211
0.5174996852874756 1.1253679990768433 0.06770456582307816 0.0581357479095459
0.6242989897727966 1.0678716897964478 0.2043810933828354 0.08818203210830688
0.5202645063400269 1.1377487182617188 0.10520518571138382 0.05938928201794624
0.6307626962661743 1.1380127668380737 0.10663793236017227 0.04153771325945854
0.5340564846992493 1.2053004503250122 -0.029298633337020874 0.04457662254571915
