0.5550314784049988 0.3332465887069702 -0.19504877924919128 0.9999806880950928
0.5638751983642578 0.3158618211746216 -0.16641943156719208 0.999944806098938
0.5693840384483337 0.3170890212059021 -0.16646653413772583 0.9999630451202393
0.5744755864143372 0.31902843713760376 -0.16658753156661987 0.9999359846115112
0.5464929342269897 0.31468749046325684 -0.17536285519599915 0.9999486207962036
0.5394151210784912 0.3153582215309143 -0.1754957139492035 0.9999674558639526
0.5330860614776611 0.3166983127593994 -0.1756831258535385 0.9999610185623169
0.5824023485183716 0.337541401386261 -0.022214945405721664 0.9999459981918335
0.52406907081604 0.33434706926345825 -0.06627833843231201 0.9999921321868896
0.5648722052574158 0.36515796184539795 -0.14080998301506042 0.9999841451644897
0.5415313243865967 0.3632403016090393 -0.15423549711704254 0.9999932050704956
0.6194181442260742 0.47854676842689514 0.04486588016152382 0.9999321699142456
0.4802279770374298 0.4840121865272522 0.003528385190293193 0.9999558925628662
0.678473711013794 0.6618705987930298 -0.14983603358268738 0.9964148998260498
0.4604406952857971 0.6806361675262451 -0.0408758744597435 0.9812730550765991
0.6494246125221252 0.526344895362854 -0.44897210597991943 0.9918892979621887
0.4928741753101349 0.8380778431892395 -0.18863369524478912 0.9689235687255859
0.6445451378822327 0.48005998134613037 -0.504728376865387 0.9642991423606873
0.49294614791870117 0.9005436897277832 -0.21540895104408264 0.9052244424819946
0.6432457566261292 0.45890599489212036 -0.465523898601532 0.9644310474395752
0.5121476054191589 0.8904373049736023 -0.2215598076581955 0.9137158989906311
0.6412126421928406 0.4727744460105896 -0.44044455885887146 0.9616174101829529
0.5166121125221252 0.8698378205299377 -0.1911756694316864 0.9147495031356812
0.614005446434021 0.7873288989067078 0.0037045807112008333 0.9990447163581848
0.5154749751091003 0.8003123998641968 -0.00291429809294641 0.9995612502098083
0.6167643070220947 1.0486376285552979 -0.1279386579990387 0.631598174571991
0.5016842484474182 1.028331995010376 -0.2654556930065155 0.7742113471031189
0.621941328048706 1.2474181652069092 0.21319375932216644 0.002523222705349326
0.5146353244781494 1.2621443271636963 0.01688631810247898 0.015209561213850975
0.6252965927124023 1.2842037677764893 0.24218212068080902 0.009056415408849716
0.5162690281867981 1.3061628341674805 0.039973750710487366 0.01614191196858883
0.6076939105987549 1.3381054401397705 0.09574165940284729 0.0022256115917116404
0.5268611907958984 1.3415087461471558 -0.13792236149311066 0.012433962896466255
