0.5584968328475952 0.3333032727241516 -0.20081299543380737 0.9999978542327881
0.5652361512184143 0.31204402446746826 -0.17212705314159393 0.999993085861206
0.5700160264968872 0.3124580383300781 -0.17205792665481567 0.9999949932098389
0.5751233696937561 0.31335651874542236 -0.17207704484462738 0.9999903440475464
0.5481578707695007 0.31318265199661255 -0.18767142295837402 0.9999947547912598
0.5412482619285583 0.3151094913482666 -0.18775153160095215 0.999996542930603
0.5351380705833435 0.317186176776886 -0.1879107505083084 0.999995231628418
0.5807132124900818 0.3287108540534973 -0.023456787690520287 0.9999947547912598
0.5233961343765259 0.33390021324157715 -0.09736570715904236 0.9999994039535522
0.5681390166282654 0.3627487123012543 -0.1440979391336441 0.999997615814209
0.5471037030220032 0.3621264100074768 -0.16617345809936523 0.999998927116394
0.6184602975845337 0.4667545557022095 0.055003631860017776 0.9999849796295166
0.4813048541545868 0.48099562525749207 -0.037969328463077545 0.9999783039093018
0.682799756526947 0.5710194110870361 -0.10800313949584961 0.9993785619735718
0.46018722653388977 0.670409083366394 -0.08271297067403793 0.9960527420043945
0.6682401299476624 0.3652018904685974 -0.34158024191856384 0.9992097616195679
0.49293553829193115 0.8397630453109741 -0.18998201191425323 0.9949955940246582
0.6595627665519714 0.29834848642349243 -0.3909838795661926 0.9939107894897461
0.49107518792152405 0.9045249819755554 -0.20705951750278473 0.9810983538627625
0.6545543670654297 0.28481751680374146 -0.34640514850616455 0.9932978749275208
0.5092802047729492 0.8958851099014282 -0.21482378244400024 0.9826335310935974
0.6542254090309143 0.3069245219230652 -0.3311409056186676 0.9938947558403015
0.5134069323539734 0.8731912970542908 -0.191605344414711 0.9838981032371521
0.6143057942390442 0.7979340553283691 0.008695892058312893 0.9998799562454224
0.5184388756752014 0.8161296844482422 -0.007523141801357269 0.9998698234558105
0.6184183955192566 1.0705642700195312 -0.13651727139949799 0.6894786357879639
0.4997205436229706 1.0660327672958374 -0.13137461245059967 0.6248846054077148
0.6269744634628296 1.2846043109893799 0.18520882725715637 0.0012394677614793181
0.5129387378692627 1.2946773767471313 0.15718412399291992 0.003387618809938431
0.6311474442481995 1.32658851146698 0.21256090700626373 0.006238281726837158
0.5145499110221863 1.338768720626831 0.18038521707057953 0.004881476052105427
0.613898515701294 1.373784065246582 0.06310874968767166 0.0011846314882859588
0.5266268253326416 1.3759963512420654 0.011419384740293026 0.0024861381389200687
