0.53570955991745 0.4097530245780945 -0.3249160945415497 0.9999892711639404
0.5418497323989868 0.3904648423194885 -0.29825788736343384 0.9999821186065674
0.5449816584587097 0.39152711629867554 -0.2984027564525604 0.9999886751174927
0.5484448075294495 0.3929251432418823 -0.2984839975833893 0.999982476234436
0.5261212587356567 0.38700777292251587 -0.30243274569511414 0.9999791383743286
0.5198940634727478 0.3866807222366333 -0.30247852206230164 0.9999829530715942
0.5144200325012207 0.3875458240509033 -0.3025837540626526 0.9999679327011108
0.5517496466636658 0.40395253896713257 -0.14110322296619415 0.9999922513961792
0.5041123628616333 0.40121233463287354 -0.15894438326358795 0.9999898672103882
0.5415133237838745 0.43501558899879456 -0.26603963971138 0.9999949932098389
0.5218682289123535 0.4344175159931183 -0.2716694474220276 0.9999939203262329
0.5856761932373047 0.539190411567688 -0.048147592693567276 0.9999860525131226
0.45267897844314575 0.5339895486831665 -0.05249510332942009 0.999876856803894
0.6281116604804993 0.6893919706344604 -0.180975541472435 0.9986562728881836
0.4046371579170227 0.6907048225402832 -0.1133914440870285 0.9953827261924744
0.6396106481552124 0.6601866483688354 -0.5164585113525391 0.9974696636199951
0.4399576783180237 0.7612721920013428 -0.32462257146835327 0.964713990688324
0.6458260416984558 0.6465073227882385 -0.5852342247962952 0.9931219220161438
0.4461044669151306 0.8005974292755127 -0.36195582151412964 0.9222055077552795
0.6364454030990601 0.6260827779769897 -0.5814884901046753 0.9935304522514343
0.45622164011001587 0.7662066221237183 -0.3720204532146454 0.9277128577232361
0.6320325136184692 0.6336658000946045 -0.5225508213043213 0.9923507571220398
0.45683711767196655 0.7608850598335266 -0.3311202824115753 0.9311028122901917
0.5710635781288147 0.8411804437637329 -0.0009291491005569696 0.9990686774253845
0.47830724716186523 0.8502072095870972 0.0019237009109929204 0.9976110458374023
0.5839830040931702 1.0592937469482422 -0.24105888605117798 0.7137482166290283
0.48207342624664307 1.0858497619628906 0.023649491369724274 0.4353378117084503
0.5743585824966431 1.2696377038955688 0.012328285723924637 0.0126447519287467
0.4811103045940399 1.2848588228225708 0.2795673906803131 0.015071538276970387
0.5719470977783203 1.300525188446045 0.031995732337236404 0.021411197260022163
0.47958552837371826 1.319870948791504 0.2987755239009857 0.02781793661415577
0.5672376155853271 1.3497987985610962 -0.13043873012065887 0.00511000445112586
0.484958291053772 1.351805567741394 0.1367909461259842 0.007255747448652983
