0.536376953125 0.411376953125 -0.33558812737464905 0.9999785423278809
0.5414825677871704 0.38805389404296875 -0.31235095858573914 0.9999693632125854
0.5450199842453003 0.3884961009025574 -0.3123597502708435 0.9999735355377197
0.5491152405738831 0.38958054780960083 -0.31244316697120667 0.9999651908874512
0.5260011553764343 0.38704007863998413 -0.31536534428596497 0.9999661445617676
0.5195522904396057 0.3871504068374634 -0.31547173857688904 0.9999673366546631
0.5142136216163635 0.3883507251739502 -0.3156159222126007 0.9999600648880005
0.5525427460670471 0.4022434949874878 -0.1622922569513321 0.9999827146530151
0.5041924715042114 0.4027650058269501 -0.17564018070697784 0.9999839067459106
0.5433074235916138 0.4352460503578186 -0.27747076749801636 0.999995231628418
0.5242553353309631 0.436431884765625 -0.2822056710720062 0.9999958276748657
0.5960574746131897 0.5411472916603088 -0.06175006181001663 0.9999761581420898
0.4570918679237366 0.5366134643554688 -0.06904718279838562 0.9999279975891113
0.6407535672187805 0.7368212342262268 -0.20444101095199585 0.9983910918235779
0.4020088016986847 0.7092252969741821 -0.18201173841953278 0.9981049299240112
0.6090028882026672 0.648773729801178 -0.5207082629203796 0.9980617165565491
0.4731498956680298 0.7022401690483093 -0.4452473819255829 0.9952961802482605
0.5885939002037048 0.6254628896713257 -0.5807753205299377 0.9890690445899963
0.4898875057697296 0.7035965919494629 -0.49207741022109985 0.9774238467216492
0.5933248400688171 0.5915379524230957 -0.5557984709739685 0.988187849521637
0.49561354517936707 0.6805309057235718 -0.47202885150909424 0.976463794708252
0.596105694770813 0.5967618227005005 -0.5156206488609314 0.9870079159736633
0.4906144440174103 0.6775107979774475 -0.4402870237827301 0.9753980040550232
0.5799548029899597 0.8522432446479797 0.0016340382862836123 0.9990297555923462
0.48547670245170593 0.8598861694335938 -0.0004257310356479138 0.9984788298606873
0.5923364162445068 1.0907145738601685 -0.19295328855514526 0.2623578906059265
0.4861944913864136 1.1016877889633179 -0.020450985059142113 0.14314620196819305
0.5909745097160339 1.297989845275879 0.12975986301898956 0.0003434356767684221
0.48365518450737 1.3089237213134766 0.26575180888175964 0.001396283390931785
0.5905873775482178 1.3348900079727173 0.1565176397562027 0.0014376594917848706
0.4805496633052826 1.3509036302566528 0.2883634567260742 0.0013940517092123628
0.5826269388198853 1.3875337839126587 -0.007768426556140184 0.0003954181738663465
0.4944136440753937 1.3832945823669434 0.11057905852794647 0.0014897598884999752
