0.5342612862586975 0.4122875928878784 -0.38419196009635925 0.999744713306427
0.540581464767456 0.3920753598213196 -0.35587677359580994 0.9995157718658447
0.5441169142723083 0.39297717809677124 -0.35604017972946167 0.999739944934845
0.5484382510185242 0.3944361209869385 -0.35618215799331665 0.9995343685150146
0.5253739953041077 0.38995957374572754 -0.36136874556541443 0.9994277358055115
0.5186545848846436 0.3897939920425415 -0.36152777075767517 0.9996763467788696
0.5130593180656433 0.3901708126068115 -0.361686646938324 0.9994575381278992
0.5516396760940552 0.40696245431900024 -0.1854446828365326 0.9997767806053162
0.5025569200515747 0.4027910828590393 -0.21312353014945984 0.99982088804245
0.540305495262146 0.43836623430252075 -0.3191289007663727 0.9997426867485046
0.5210922360420227 0.4381037950515747 -0.32747939229011536 0.9997897744178772
0.5878353714942932 0.5372002124786377 -0.09260058403015137 0.9996812343597412
0.45527446269989014 0.5341086387634277 -0.09519397467374802 0.9993839263916016
0.6130467653274536 0.6815685033798218 -0.15077131986618042 0.988103449344635
0.41658714413642883 0.6936596035957336 -0.16801270842552185 0.9883544445037842
0.6073573231697083 0.7079525589942932 -0.43114444613456726 0.9556657075881958
0.47241708636283875 0.710576057434082 -0.4088204503059387 0.9655835032463074
0.619721531867981 0.733778178691864 -0.49406424164772034 0.9454737305641174
0.49336087703704834 0.7105574607849121 -0.4622654616832733 0.9350296258926392
0.617164671421051 0.7071652412414551 -0.5049193501472473 0.9535112977027893
0.49590766429901123 0.6964987516403198 -0.4638676345348358 0.9390817880630493
0.6121470332145691 0.7034341096878052 -0.441802978515625 0.9498454928398132
0.49453407526016235 0.6913556456565857 -0.4133252501487732 0.936945915222168
0.5737602114677429 0.8512582182884216 -0.004518351051956415 0.9938265681266785
0.4837958514690399 0.8622390627861023 0.0052094231359660625 0.9947176575660706
0.6058852672576904 1.065603256225586 -0.22522492706775665 0.5966427326202393
0.4531932473182678 1.0450912714004517 -0.28505274653434753 0.7910739183425903
0.6014799475669861 1.2673463821411133 0.21297375857830048 0.008937659673392773
0.46575793623924255 1.2687269449234009 0.0748480036854744 0.041785601526498795
0.5995999574661255 1.2937484979629517 0.25115329027175903 0.022038696333765984
0.46760448813438416 1.297882318496704 0.10676772892475128 0.09177045524120331
0.5964705944061279 1.3497079610824585 0.10943874716758728 0.0028773366939276457
0.47119131684303284 1.3466254472732544 -0.06621180474758148 0.012955188751220703
