0.5456767678260803 0.3596598505973816 -0.44115540385246277 0.9999945163726807
0.554473340511322 0.33199626207351685 -0.4173688590526581 0.9999940395355225
0.5604788661003113 0.3315775394439697 -0.4174785614013672 0.9999949932098389
0.5659566521644592 0.331404447555542 -0.41769975423812866 0.9999923706054688
0.5342614054679871 0.3324134349822998 -0.4208841919898987 0.999992847442627
0.5256810188293457 0.33304542303085327 -0.4209795892238617 0.9999939203262329
0.5186498761177063 0.3340112566947937 -0.42109495401382446 0.9999909400939941
0.5717812180519104 0.34285521507263184 -0.2409452348947525 0.9999974966049194
0.5091736912727356 0.34846532344818115 -0.2575177848339081 0.9999971389770508
0.5546804070472717 0.3908219635486603 -0.3720167875289917 0.999998927116394
0.5315929055213928 0.39166706800460815 -0.37722980976104736 0.999998927116394
0.6095470190048218 0.4907735288143158 -0.11606965214014053 0.9999797344207764
0.4643140137195587 0.487983375787735 -0.13800407946109772 0.9999580383300781
0.6534024477005005 0.6720482110977173 -0.26923176646232605 0.9905292391777039
0.4392935335636139 0.6850587129592896 -0.33465978503227234 0.9926896691322327
0.6336524486541748 0.6303404569625854 -0.6677210927009583 0.9884743094444275
0.47131866216659546 0.6313403248786926 -0.7207173109054565 0.9962953925132751
0.6267387866973877 0.6259188652038574 -0.7432904839515686 0.9726406335830688
0.47853535413742065 0.6100635528564453 -0.7850900888442993 0.9899815917015076
0.6199609637260437 0.6010217070579529 -0.732375979423523 0.9738947153091431
0.4780556559562683 0.5765377879142761 -0.77839195728302 0.9897069931030273
0.6184795498847961 0.6018269062042236 -0.6701091527938843 0.9623273015022278
0.48077449202537537 0.5807461738586426 -0.7234712839126587 0.98590487241745
0.5950407385826111 0.8278611898422241 0.006361005827784538 0.9938308000564575
0.4904545247554779 0.83648681640625 -0.005810425616800785 0.9922877550125122
0.6598813533782959 1.0033752918243408 -0.4430336356163025 0.9670975208282471
0.45474857091903687 1.1055798530578613 -0.2628163695335388 0.9563286304473877
0.619998574256897 1.2968809604644775 -0.11352866142988205 0.3149140179157257
0.464980810880661 1.3270788192749023 0.02417766861617565 0.30954283475875854
0.609034538269043 1.3315141201019287 -0.0890854150056839 0.27306726574897766
0.4703919589519501 1.3615530729293823 0.04433750733733177 0.13424576818943024
0.6277021765708923 1.3931251764297485 -0.26563337445259094 0.1215428039431572
0.4593925476074219 1.4178481101989746 -0.13581523299217224 0.09003827720880508
