0.5458933711051941 0.36122578382492065 -0.3809816539287567 0.9999667406082153
0.5537725687026978 0.33369362354278564 -0.3557177484035492 0.9999675750732422
0.5588167905807495 0.33348023891448975 -0.35585513710975647 0.9999715089797974
0.564521074295044 0.3331194519996643 -0.35607290267944336 0.9999653100967407
0.534180760383606 0.33455222845077515 -0.35906505584716797 0.9999610185623169
0.5262004733085632 0.3354113698005676 -0.3590729534626007 0.9999600648880005
0.5188872814178467 0.33709490299224854 -0.35915836691856384 0.9999476671218872
0.5705117583274841 0.34359925985336304 -0.19065788388252258 0.9999831914901733
0.5092316269874573 0.34954747557640076 -0.20466376841068268 0.9999769926071167
0.5547990798950195 0.3912197947502136 -0.3173775374889374 0.9999908208847046
0.5322354435920715 0.39275071024894714 -0.32161110639572144 0.9999892711639404
0.6092649698257446 0.4888831675052643 -0.1045137271285057 0.999937891960144
0.4677698016166687 0.486665278673172 -0.11677376180887222 0.9997127652168274
0.6476874947547913 0.674116313457489 -0.2875511348247528 0.9950656294822693
0.45229271054267883 0.6833739280700684 -0.33011284470558167 0.9874782562255859
0.5956782698631287 0.5801336765289307 -0.6170199513435364 0.9954869151115417
0.49975812435150146 0.597703754901886 -0.6547122597694397 0.9950416684150696
0.584014892578125 0.568691611289978 -0.6826372742652893 0.9882069230079651
0.51447993516922 0.5737802386283875 -0.7139385938644409 0.9866054654121399
0.5766934752464294 0.5490524768829346 -0.6585570573806763 0.9881580471992493
0.5153164863586426 0.5481947660446167 -0.6970829367637634 0.9849505424499512
0.5764495134353638 0.5521824359893799 -0.6122182607650757 0.9796887040138245
0.5152762532234192 0.5522057414054871 -0.6527257561683655 0.9772869348526001
0.5896100997924805 0.8315014243125916 0.002610320458188653 0.9850876927375793
0.48910462856292725 0.8342956900596619 -0.0022977255284786224 0.9848953485488892
0.6542712450027466 1.0394059419631958 -0.34558138251304626 0.9737314581871033
0.4296952784061432 1.0214049816131592 -0.3668813407421112 0.9803411960601807
0.6108091473579407 1.2615615129470825 -0.07227969169616699 0.5926761031150818
0.47637563943862915 1.2919292449951172 -0.1052006408572197 0.47261685132980347
0.5960228443145752 1.2907378673553467 -0.051658786833286285 0.4571191966533661
0.4867648780345917 1.3194243907928467 -0.08426681905984879 0.25625112652778625
0.6187732815742493 1.3555371761322021 -0.19315902888774872 0.28904131054878235
0.47074028849601746 1.3885865211486816 -0.22568251192569733 0.16860252618789673
