0.5556684732437134 0.3756541609764099 -0.3727635443210602 0.9999979734420776
0.5620956420898438 0.3461102843284607 -0.3529336750507355 0.9999969005584717
0.5671878457069397 0.3455309271812439 -0.3530268371105194 0.9999983310699463
0.5723367929458618 0.3452600836753845 -0.35327523946762085 0.9999973773956299
0.5442582964897156 0.34494471549987793 -0.35416945815086365 0.9999948740005493
0.5351946353912354 0.3435325026512146 -0.354155033826828 0.9999958276748657
0.5272307991981506 0.3430051803588867 -0.3542505204677582 0.9999911785125732
0.5770018100738525 0.3510671854019165 -0.190900519490242 0.9999990463256836
0.5136504769325256 0.3510305881500244 -0.19850219786167145 0.999998927116394
0.5632129311561584 0.40361663699150085 -0.3064195513725281 0.9999991655349731
0.5415559411048889 0.40072253346443176 -0.3090842068195343 0.9999990463256836
0.6131128668785095 0.4853319525718689 -0.08877786248922348 0.9999978542327881
0.46587517857551575 0.47738730907440186 -0.034105490893125534 0.9999841451644897
0.6256027817726135 0.6945470571517944 -0.22967089712619781 0.9995607733726501
0.4331558346748352 0.6501907706260681 0.1176769807934761 0.9891049265861511
0.5704305171966553 0.4985012412071228 -0.5405168533325195 0.9995760321617126
0.4449657201766968 0.7537885904312134 0.13599778711795807 0.9588549733161926
0.5570757389068604 0.4514690637588501 -0.6147240400314331 0.9986112117767334
0.4398481249809265 0.8012892007827759 0.13177338242530823 0.908943235874176
0.5604100823402405 0.4350703954696655 -0.5955840945243835 0.998683512210846
0.456170916557312 0.7936621904373169 0.10002394020557404 0.9137373566627502
0.5618186593055725 0.44858917593955994 -0.5386340618133545 0.9975854158401489
0.46155408024787903 0.779510498046875 0.12726016342639923 0.9117461442947388
0.5952906012535095 0.8312759399414062 -0.003035421948879957 0.9997338652610779
0.48888301849365234 0.8347213864326477 0.0037991455756127834 0.9994587302207947
0.6685488224029541 1.0049054622650146 -0.27679628133773804 0.9853912591934204
0.4515432119369507 1.12228262424469 -0.1759939342737198 0.9681757688522339
0.6155057549476624 1.3031177520751953 0.08830705285072327 0.42816177010536194
0.463896781206131 1.3349970579147339 0.19458593428134918 0.31081005930900574
0.6059871315956116 1.3336400985717773 0.12305855751037598 0.4631752669811249
0.4702345132827759 1.363236904144287 0.22817067801952362 0.324637770652771
0.6127893924713135 1.406141757965088 -0.02053500898182392 0.16859887540340424
0.45931845903396606 1.4291536808013916 0.08492755889892578 0.08807048201560974
