0.5506338477134705 0.3420035243034363 -0.6653993725776672 0.9999715089797974
0.5592713952064514 0.32100147008895874 -0.637805163860321 0.9999305009841919
0.5648638606071472 0.32168444991111755 -0.6378949880599976 0.9999502897262573
0.569430410861969 0.3221701979637146 -0.6381559371948242 0.9998906850814819
0.5408438444137573 0.3203360438346863 -0.6381400227546692 0.9999370574951172
0.5349447131156921 0.3211362361907959 -0.6383625268936157 0.9999606609344482
0.5309705138206482 0.3217909336090088 -0.6384798288345337 0.9999382495880127
0.5793526768684387 0.3387678563594818 -0.4626990556716919 0.9999289512634277
0.5227501392364502 0.34307876229286194 -0.4660241901874542 0.9999837875366211
0.5626478791236877 0.37266626954078674 -0.6004503965377808 0.9999945163726807
0.5396612286567688 0.3708394169807434 -0.6013755202293396 0.9999963045120239
0.6238262057304382 0.4820117950439453 -0.34266653656959534 0.9999380111694336
0.4852181673049927 0.48969823122024536 -0.3306919038295746 0.9998646974563599
0.6875599026679993 0.6918956637382507 -0.51078861951828 0.9989287257194519
0.43294334411621094 0.7036668658256531 -0.5155239701271057 0.996381402015686
0.6826523542404175 0.6701540946960449 -0.8513017296791077 0.9978231191635132
0.4523707330226898 0.6550582647323608 -0.9220036864280701 0.9982851147651672
0.6712462902069092 0.6653086543083191 -0.9198209643363953 0.9923012256622314
0.462979257106781 0.6409730911254883 -0.9959518909454346 0.995011568069458
0.6675395369529724 0.6395442485809326 -0.9158487915992737 0.9925746917724609
0.4615415334701538 0.6062005162239075 -0.9831064939498901 0.9945474863052368
0.6669889688491821 0.6371361613273621 -0.8550078868865967 0.987024188041687
0.45943689346313477 0.6090390682220459 -0.9234265089035034 0.9897526502609253
0.6078923344612122 0.7850551605224609 -0.0002060212573269382 0.9965180158615112
0.5110376477241516 0.7873968482017517 0.0004783592012245208 0.9992446899414062
0.6219395399093628 1.045072317123413 -0.21553672850131989 0.6353430151939392
0.48951953649520874 0.957819402217865 -0.4124840795993805 0.7408597469329834
0.6268313527107239 1.1560957431793213 0.29146844148635864 0.0048496234230697155
0.4934082329273224 1.1514204740524292 0.062032949179410934 0.027022870257496834
0.6238070130348206 1.1744723320007324 0.33470648527145386 0.016495732590556145
0.49792855978012085 1.1772794723510742 0.10394888371229172 0.022517211735248566
0.633728563785553 1.2406636476516724 0.2207634150981903 0.003406534204259515
0.4941268265247345 1.238181710243225 -0.041829369962215424 0.022699063643813133
