0.5511844158172607 0.3411891758441925 -0.612666130065918 0.9999617338180542
0.5602405667304993 0.3191980719566345 -0.5839730501174927 0.999919056892395
0.5651893019676208 0.3201259970664978 -0.5840432643890381 0.9999411106109619
0.5701618790626526 0.32097384333610535 -0.5842928290367126 0.9998745918273926
0.5412295460700989 0.31975817680358887 -0.5831625461578369 0.9999068975448608
0.5349045395851135 0.3210866451263428 -0.5833456516265869 0.9999364614486694
0.5308718681335449 0.32207006216049194 -0.5834333896636963 0.9999009370803833
0.5801889896392822 0.3393326997756958 -0.40921810269355774 0.9999414682388306
0.5228354930877686 0.34377163648605347 -0.407361775636673 0.999968409538269
0.5628446936607361 0.37238749861717224 -0.548173725605011 0.9999940395355225
0.5396576523780823 0.3720233738422394 -0.5477097034454346 0.9999951124191284
0.6235964298248291 0.48316052556037903 -0.2998853921890259 0.999894380569458
0.4845753014087677 0.49336645007133484 -0.2818385362625122 0.9996864795684814
0.681219220161438 0.6964095234870911 -0.4625825583934784 0.9971579313278198
0.4348486363887787 0.7062172889709473 -0.47290512919425964 0.9967536330223083
0.6661022901535034 0.6560869216918945 -0.7878115773200989 0.9954671859741211
0.4613800346851349 0.6415244936943054 -0.8484750390052795 0.9979901313781738
0.6635667085647583 0.6570260524749756 -0.8545389175415039 0.9853716492652893
0.47224628925323486 0.6238742470741272 -0.915307879447937 0.9931837916374207
0.6588600277900696 0.631972074508667 -0.8491889238357544 0.9858291745185852
0.4735458493232727 0.5910349488258362 -0.8984667658805847 0.9922990202903748
0.6562235355377197 0.6296584606170654 -0.7908648252487183 0.9767728447914124
0.4720523953437805 0.5938420295715332 -0.8477258086204529 0.985310435295105
0.6065247058868408 0.7814391851425171 -6.46772823529318e-05 0.9956921935081482
0.5112936496734619 0.7808892726898193 0.00046205701073631644 0.9980989098548889
0.6218012571334839 1.0086281299591064 -0.40625736117362976 0.6946619153022766
0.492887020111084 0.9559145569801331 -0.48621171712875366 0.7569505572319031
0.6304888129234314 1.1504533290863037 0.05198148265480995 0.01006886176764965
0.4989251494407654 1.1593711376190186 -0.0641016736626625 0.043806299567222595
0.6283645629882812 1.1754674911499023 0.08960890769958496 0.040436018258333206
0.5028905868530273 1.190486192703247 -0.029296666383743286 0.02976183593273163
0.6405705213546753 1.2355245351791382 -0.05533289909362793 0.008257700130343437
0.4995459318161011 1.2466727495193481 -0.20557275414466858 0.02848600596189499
