0.5539330244064331 0.33305081725120544 -0.584381639957428 0.997708797454834
0.5605167150497437 0.3124082386493683 -0.5554326176643372 0.9960073828697205
0.5651103854179382 0.313303142786026 -0.5554491281509399 0.9975479245185852
0.569625198841095 0.31467872858047485 -0.5556120276451111 0.9949837923049927
0.5445161461830139 0.3117952346801758 -0.5581520795822144 0.9950201511383057
0.5384002923965454 0.3124384582042694 -0.5584601163864136 0.9971213936805725
0.5328545570373535 0.3139108419418335 -0.5585423111915588 0.9951878786087036
0.5775186419487 0.3326425552368164 -0.37278982996940613 0.9978081583976746
0.5228744745254517 0.33278483152389526 -0.3856840133666992 0.9978078007698059
0.5642692446708679 0.3602462708950043 -0.5148326754570007 0.9980121850967407
0.5445950031280518 0.36095112562179565 -0.5194307565689087 0.9968089461326599
0.6115784049034119 0.45838916301727295 -0.25834256410598755 0.9979775547981262
0.4863716959953308 0.48091045022010803 -0.2591938078403473 0.9937641620635986
0.6728317737579346 0.6215642094612122 -0.5117643475532532 0.9992457628250122
0.4445834159851074 0.6543352603912354 -0.48436078429222107 0.9945825934410095
0.6258985996246338 0.4940786361694336 -0.8288353085517883 0.9982522130012512
0.5020315647125244 0.5186437368392944 -0.8119062185287476 0.9988396763801575
0.6126217246055603 0.4673998951911926 -0.8869150876998901 0.9887661337852478
0.5148976445198059 0.46772438287734985 -0.8668115735054016 0.9939824938774109
0.6054079532623291 0.43551892042160034 -0.8461931347846985 0.9873098731040955
0.5065075755119324 0.44947028160095215 -0.8265003561973572 0.9926179051399231
0.6085502505302429 0.4608578681945801 -0.8175954818725586 0.9861363172531128
0.5088680982589722 0.46711841225624084 -0.8001877665519714 0.9895580410957336
0.6033158898353577 0.7569815516471863 0.00553466472774744 0.9989103078842163
0.5093690156936646 0.76521235704422 -0.005105576943606138 0.9993390440940857
0.6167489290237427 1.009221076965332 -0.1805201917886734 0.7502045035362244
0.5054348707199097 1.007704257965088 -0.18451574444770813 0.6879557967185974
0.6216733455657959 1.1584361791610718 0.2906372845172882 0.0008730943663977087
0.4866921603679657 1.1840252876281738 0.2321488857269287 0.005456971004605293
0.6224223375320435 1.1846683025360107 0.33355993032455444 0.004428152926266193
0.4857989549636841 1.2175014019012451 0.26732930541038513 0.004610421136021614
0.6166417598724365 1.2356629371643066 0.20144076645374298 0.0009991232072934508
0.4864606261253357 1.2580854892730713 0.0991617813706398 0.0045617613941431046
