0.5511985421180725 0.33509311079978943 -0.77729731798172 0.999708354473114
0.5589074492454529 0.3175499439239502 -0.7456270456314087 0.9995406866073608
0.5637686252593994 0.31892746686935425 -0.7455636858940125 0.9994285702705383
0.5685613751411438 0.3204946219921112 -0.7457981705665588 0.9992532134056091
0.5444637537002563 0.315136194229126 -0.7522127628326416 0.9994111061096191
0.5384696125984192 0.31478163599967957 -0.7523974180221558 0.9993701577186584
0.5324583649635315 0.31496599316596985 -0.7524662017822266 0.9993116855621338
0.5746243000030518 0.33414265513420105 -0.5474554300308228 0.9994648098945618
0.5187333226203918 0.3307907283306122 -0.5788732767105103 0.9996930360794067
0.55913907289505 0.36145052313804626 -0.7025563716888428 0.999873161315918
0.5417008996009827 0.35834062099456787 -0.7123816609382629 0.9998370409011841
0.6086682081222534 0.4605632722377777 -0.4256172776222229 0.9988440275192261
0.4824026823043823 0.4679028391838074 -0.46471986174583435 0.9982155561447144
0.6761956810951233 0.5892446041107178 -0.7508403062820435 0.9992328882217407
0.4456902742385864 0.6084445714950562 -0.7925817370414734 0.997617781162262
0.6444083452224731 0.4111834466457367 -1.091615080833435 0.9982503056526184
0.4726256728172302 0.417823851108551 -1.173707365989685 0.9990512728691101
0.6429461240768433 0.3523638844490051 -1.1627146005630493 0.9832122921943665
0.4687366783618927 0.36726635694503784 -1.2496337890625 0.994606077671051
0.6362333297729492 0.3412579596042633 -1.1169180870056152 0.979454755783081
0.4751375913619995 0.35934746265411377 -1.2060377597808838 0.9928848147392273
0.6328954100608826 0.3645400404930115 -1.082112193107605 0.9717878699302673
0.478426069021225 0.37966278195381165 -1.1650067567825317 0.9863607883453369
0.5997704267501831 0.7449526786804199 0.012329565361142159 0.9976643323898315
0.5098662972450256 0.755804181098938 -0.01225252728909254 0.9989280104637146
0.6235966086387634 0.9884129166603088 -0.24340757727622986 0.6284428834915161
0.50618577003479 0.9791873693466187 -0.25742265582084656 0.5875049233436584
0.6205383539199829 1.0975074768066406 0.2945782244205475 0.001977890729904175
0.5160128474235535 1.1333190202713013 0.2272062748670578 0.015652110800147057
0.6188692450523376 1.1160244941711426 0.3431941866874695 0.012833410874009132
0.521403968334198 1.15863037109375 0.2685553729534149 0.012483291327953339
0.6210957765579224 1.1747353076934814 0.2131345272064209 0.005207601003348827
0.511628270149231 1.22077214717865 0.10881420969963074 0.023384759202599525
