0.5531275272369385 0.334994912147522 -0.34595754742622375 0.999886155128479
0.5607782602310181 0.31529897451400757 -0.32009628415107727 0.9996469020843506
0.565930187702179 0.3165666460990906 -0.32009801268577576 0.9997710585594177
0.5706514716148376 0.31790366768836975 -0.3202248513698578 0.9994680285453796
0.5438680052757263 0.31480687856674194 -0.3179301619529724 0.9995806813240051
0.5385313034057617 0.3160700798034668 -0.31812581419944763 0.999707043170929
0.5344155430793762 0.3177720010280609 -0.3181963264942169 0.9993770718574524
0.5766846537590027 0.33273690938949585 -0.17147906124591827 0.9998565912246704
0.5254945755004883 0.3362860679626465 -0.16158495843410492 0.9998482465744019
0.5648160576820374 0.3647611141204834 -0.2896285355091095 0.9999275207519531
0.5429777503013611 0.3640199899673462 -0.2876076102256775 0.9999212026596069
0.616669237613678 0.4721423387527466 -0.09869332611560822 0.9997208714485168
0.48322638869285583 0.49234360456466675 -0.060291241854429245 0.9990895986557007
0.6724990606307983 0.5995699763298035 -0.32322409749031067 0.9966940879821777
0.449329674243927 0.6997273564338684 -0.23955558240413666 0.9878134727478027
0.6362179517745972 0.400395929813385 -0.5908941626548767 0.9981139898300171
0.4951838254928589 0.6237486600875854 -0.5350375771522522 0.996215283870697
0.6302852630615234 0.3376120626926422 -0.6407161355018616 0.9899545907974243
0.510663628578186 0.586721658706665 -0.5768186450004578 0.985864520072937
0.6282472610473633 0.33019840717315674 -0.5960292816162109 0.9875164031982422
0.5076655149459839 0.5590969324111938 -0.5496417284011841 0.9838129281997681
0.6242772936820984 0.35400688648223877 -0.5762448906898499 0.9869874715805054
0.5050055384635925 0.5674140453338623 -0.5285699367523193 0.9798120260238647
0.6052530407905579 0.7762107849121094 -0.005636867601424456 0.9993763566017151
0.5104399919509888 0.7842432260513306 0.006399815436452627 0.9988309741020203
0.6228533983230591 1.0030593872070312 -0.27744343876838684 0.428795725107193
0.4945191442966461 1.007210612297058 -0.14499790966510773 0.42145755887031555
0.6215577721595764 1.185316562652588 0.10088105499744415 0.001720191678032279
0.4957177937030792 1.1821773052215576 0.22444526851177216 0.006718319840729237
0.6188277006149292 1.2222442626953125 0.13351769745349884 0.014530791901051998
0.49856048822402954 1.2177114486694336 0.25496113300323486 0.008135859854519367
0.622621476650238 1.2723233699798584 -0.01348833367228508 0.0023858731146901846
0.49289125204086304 1.2626373767852783 0.10274745523929596 0.0054503497667610645
