0.5558607578277588 0.3398301601409912 -0.23067501187324524 0.9999958276748657
0.5644357204437256 0.31912320852279663 -0.2033480554819107 0.9999842643737793
0.5688974261283875 0.31986814737319946 -0.2033247947692871 0.9999929666519165
0.5731214880943298 0.32098376750946045 -0.2032494992017746 0.9999854564666748
0.5453528165817261 0.31666892766952515 -0.21376797556877136 0.999987006187439
0.5384138226509094 0.31761419773101807 -0.21394430100917816 0.9999943971633911
0.5319074988365173 0.31921035051345825 -0.21403510868549347 0.9999892711639404
0.5790106654167175 0.3348303437232971 -0.05845170468091965 0.9999934434890747
0.5232070684432983 0.3360591530799866 -0.10934124141931534 0.9999982118606567
0.5655493140220642 0.3730827569961548 -0.17482106387615204 0.9999868869781494
0.5417671203613281 0.37046879529953003 -0.1901521533727646 0.9999909400939941
0.6124919652938843 0.4690314829349518 0.03327077627182007 0.9999834299087524
0.4777231812477112 0.4869343638420105 -0.0573001503944397 0.9999505281448364
0.6894369125366211 0.5637800693511963 -0.10115236788988113 0.999492883682251
0.45117446780204773 0.6912179589271545 -0.20615464448928833 0.9979973435401917
0.6772258281707764 0.3559165596961975 -0.32716619968414307 0.9999591112136841
0.4929047226905823 0.6199820637702942 -0.42284443974494934 0.9998935461044312
0.6753799915313721 0.28946471214294434 -0.3656938374042511 0.9997904896736145
0.5087566375732422 0.6020603179931641 -0.4585493505001068 0.9996200799942017
0.666530430316925 0.2852667570114136 -0.3365277647972107 0.9997476935386658
0.5079896450042725 0.5740846395492554 -0.4392320215702057 0.9995648264884949
0.6634232401847839 0.30775195360183716 -0.32079821825027466 0.9997351765632629
0.5051047205924988 0.5782757997512817 -0.4178521931171417 0.9994914531707764
0.6105431914329529 0.8138720393180847 0.024420322850346565 0.9991105198860168
0.509023904800415 0.8199570178985596 -0.023379921913146973 0.9993454813957214
0.618492841720581 1.0935078859329224 0.025313211604952812 0.4775443971157074
0.5112197399139404 1.077980399131775 -0.16556192934513092 0.4929056763648987
0.623711347579956 1.3366729021072388 0.25141972303390503 0.0010090445866808295
0.5049746632575989 1.3462074995040894 -0.04225609824061394 0.0030938584823161364
0.6267454028129578 1.3758091926574707 0.26730167865753174 0.004969676490873098
0.5009573698043823 1.393219232559204 -0.03448161110281944 0.005952504929155111
0.6086876392364502 1.4265601634979248 0.12277745455503464 0.00046005629701539874
0.5199971199035645 1.4231488704681396 -0.22432440519332886 0.001715340418741107
