0.5685455203056335 0.3552604913711548 -0.27104705572128296 0.9999985694885254
0.5798407196998596 0.33656471967697144 -0.24214120209217072 0.9999923706054688
0.5856859087944031 0.33859115839004517 -0.24217616021633148 0.9999960660934448
0.5898116827011108 0.340293824672699 -0.24212223291397095 0.9999899864196777
0.5609828233718872 0.33435988426208496 -0.2473326325416565 0.999992847442627
0.5549010038375854 0.3348758816719055 -0.2474851906299591 0.9999961853027344
0.5507667064666748 0.33528614044189453 -0.2476569265127182 0.9999915361404419
0.598568320274353 0.3591881990432739 -0.09953908622264862 0.9999926090240479
0.5441668033599854 0.3538873791694641 -0.12410581111907959 0.9999982118606567
0.5799669623374939 0.3868504762649536 -0.22029127180576324 0.9999982118606567
0.5556822419166565 0.3823416829109192 -0.2280273288488388 0.9999988079071045
0.6308704018592834 0.5307588577270508 -0.0077142235822975636 0.9999794960021973
0.5051885843276978 0.5056271553039551 -0.060698751360177994 0.999975323677063
0.677160918712616 0.733044445514679 -0.13788534700870514 0.9990278482437134
0.4779260754585266 0.6968231201171875 -0.1176576092839241 0.9988505840301514
0.6835113167762756 0.6319934129714966 -0.4361938536167145 0.9992926120758057
0.5042355060577393 0.8450133800506592 -0.31332308053970337 0.9981424808502197
0.6898559331893921 0.5882061719894409 -0.4937691390514374 0.9969538450241089
0.5029447674751282 0.8993788957595825 -0.3457896411418915 0.9939165711402893
0.687103271484375 0.5669528245925903 -0.47543981671333313 0.9969236254692078
0.5198122262954712 0.8936864137649536 -0.3589038848876953 0.994429349899292
0.6803659200668335 0.5811835527420044 -0.4353170692920685 0.9973228573799133
0.5221472382545471 0.8742532134056091 -0.31887441873550415 0.9953057169914246
0.6165682673454285 0.8364205956459045 0.009737756103277206 0.9998998641967773
0.5247498154640198 0.8431547284126282 -0.008543579839169979 0.9998378753662109
0.6188482046127319 1.0747028589248657 -0.2268787920475006 0.35480380058288574
0.5233197808265686 1.081960916519165 -0.09883026778697968 0.3008350133895874
0.6194676160812378 1.29160475730896 0.05181771144270897 0.000149548941408284
0.5297214984893799 1.2923835515975952 0.21488671004772186 0.0003424141905270517
0.6228047013282776 1.333899974822998 0.07337606698274612 0.0008636958664283156
0.5262452363967896 1.3317594528198242 0.2400493621826172 0.0006681547965854406
0.6027219295501709 1.3737859725952148 -0.07987603545188904 0.00011917724623344839
0.5468581318855286 1.3709936141967773 0.0791865661740303 0.0003257636271882802
