0.5705873966217041 0.3543683886528015 -0.23916339874267578 0.9999979734420776
0.5827721953392029 0.3361896872520447 -0.21350602805614471 0.99998939037323
0.5891380310058594 0.33790719509124756 -0.21350455284118652 0.9999948740005493
0.5936024785041809 0.3397361636161804 -0.21346396207809448 0.9999849796295166
0.5640831589698792 0.33466416597366333 -0.21812254190444946 0.9999902248382568
0.5586678385734558 0.33521419763565063 -0.2183096706867218 0.9999954700469971
0.5548393726348877 0.33563071489334106 -0.2184770405292511 0.9999899864196777
0.6024314165115356 0.3598334491252899 -0.0814836174249649 0.9999908208847046
0.5488597750663757 0.35479313135147095 -0.10495565831661224 0.9999985694885254
0.5820831060409546 0.38527819514274597 -0.19125054776668549 0.9999957084655762
0.5587121248245239 0.3815764784812927 -0.19880227744579315 0.9999978542327881
0.6330381035804749 0.5276836156845093 0.001928831683471799 0.9999730587005615
0.5100817680358887 0.5005977153778076 -0.03780749812722206 0.9999750852584839
0.6763416528701782 0.7175300121307373 -0.14409396052360535 0.9998286962509155
0.4781431555747986 0.6907195448875427 -0.056690845638513565 0.9988310933113098
0.6767492294311523 0.5118488073348999 -0.38408228754997253 0.9998797178268433
0.5038673877716064 0.8401824831962585 -0.16844113171100616 0.9991129040718079
0.6805621981620789 0.44129714369773865 -0.4292058050632477 0.9993690848350525
0.5018172264099121 0.8953657746315002 -0.18253932893276215 0.9967291355133057
0.6774665117263794 0.4311153292655945 -0.39249899983406067 0.9992941617965698
0.5210191011428833 0.8894288539886475 -0.1863010823726654 0.9968057870864868
0.6711301207542419 0.45470839738845825 -0.374656081199646 0.9994556307792664
0.5244147181510925 0.8719939589500427 -0.16791772842407227 0.9976999163627625
0.613467276096344 0.8317452669143677 0.007123549934476614 0.9999786615371704
0.5251721143722534 0.835884690284729 -0.006031579338014126 0.9999697208404541
0.6220196485519409 1.077581524848938 -0.1005731150507927 0.2819921672344208
0.5310218334197998 1.0851860046386719 -0.042913731187582016 0.28342944383621216
0.6190411448478699 1.291529893875122 0.24949891865253448 4.105396510567516e-05
0.5342246294021606 1.2876631021499634 0.3166865408420563 0.00014659935550298542
0.6238744854927063 1.3301583528518677 0.2812100052833557 0.0002848895383067429
0.5292031764984131 1.327338695526123 0.34905165433883667 0.000493857020046562
0.5988442301750183 1.3820619583129883 0.15941692888736725 2.814621984725818e-05
0.5528537631034851 1.3648172616958618 0.21027930080890656 0.00015987700317054987
