0.5741660594940186 0.36969447135925293 -0.34519901871681213 0.9999977350234985
0.5865858793258667 0.3499634265899658 -0.3236473798751831 0.9999858140945435
0.5929787755012512 0.3512541949748993 -0.3236483335494995 0.9999936819076538
0.598199725151062 0.3529285490512848 -0.32365259528160095 0.9999821186065674
0.568370521068573 0.3491261601448059 -0.31976252794265747 0.9999852180480957
0.5635536909103394 0.34909170866012573 -0.3198837637901306 0.9999912977218628
0.5594248175621033 0.34919825196266174 -0.32003840804100037 0.9999773502349854
0.6063036322593689 0.3664841651916504 -0.18836162984371185 0.9999902248382568
0.5549373626708984 0.3628232181072235 -0.17225231230258942 0.999996542930603
0.5850818157196045 0.3999750316143036 -0.2939985692501068 0.9999942779541016
0.5628455877304077 0.3957226574420929 -0.29014620184898376 0.9999961853027344
0.6344960927963257 0.51841139793396 -0.10089061409235 0.9999508857727051
0.5141432285308838 0.4951559603214264 -0.06573034077882767 0.9999079704284668
0.6622055172920227 0.6888941526412964 -0.276486337184906 0.9997239708900452
0.48148205876350403 0.6797233819961548 -0.07227811217308044 0.9945504069328308
0.658355712890625 0.46172454953193665 -0.5227329730987549 0.999847412109375
0.503811240196228 0.8379614353179932 -0.19922570884227753 0.9945628046989441
0.6648727655410767 0.4027453362941742 -0.5703503489494324 0.9991388320922852
0.5007178783416748 0.8933820724487305 -0.2076147496700287 0.9822564721107483
0.6616884469985962 0.39114683866500854 -0.5336746573448181 0.9990899562835693
0.5199777483940125 0.8905424475669861 -0.2177044004201889 0.9832620620727539
0.6564115881919861 0.41067636013031006 -0.5116981863975525 0.9990717172622681
0.5238738059997559 0.8730217814445496 -0.20136748254299164 0.9865670800209045
0.607739269733429 0.8195304870605469 -0.004929007962346077 0.9998704195022583
0.5223339200019836 0.8178926110267639 0.005820388440042734 0.9998028874397278
0.6124199628829956 1.0554105043411255 -0.21802674233913422 0.505380392074585
0.5099311470985413 1.049625277519226 -0.10784967988729477 0.5996788144111633
0.6046048402786255 1.2602345943450928 0.07283303886651993 0.0004625528526958078
0.5136734247207642 1.2605618238449097 0.19581787288188934 0.0016981879016384482
0.6059144139289856 1.298210859298706 0.09710466861724854 0.003017573617398739
0.5116336941719055 1.2997758388519287 0.22122955322265625 0.003504445543512702
0.5869368314743042 1.3488304615020752 -0.042713019996881485 0.00037788174813613296
0.5226973295211792 1.341122031211853 0.07620362192392349 0.0013993370812386274
