0.5712727904319763 0.3730096220970154 -0.36775699257850647 0.999997615814209
0.5832217931747437 0.3513374924659729 -0.3461991846561432 0.9999866485595703
0.5902694463729858 0.3521624207496643 -0.34621185064315796 0.9999938011169434
0.5959190130233765 0.35329580307006836 -0.34624382853507996 0.9999839067459106
0.5661384463310242 0.350730836391449 -0.3400401771068573 0.9999847412109375
0.5612946152687073 0.3509644865989685 -0.34017693996429443 0.9999901056289673
0.5571164488792419 0.3510701060295105 -0.3403303325176239 0.9999746084213257
0.6047130227088928 0.36600080132484436 -0.20613858103752136 0.9999916553497314
0.5531794428825378 0.36670178174972534 -0.17950128018856049 0.9999957084655762
0.5837785005569458 0.40409010648727417 -0.3145216405391693 0.999995231628418
0.5613868236541748 0.4015459418296814 -0.3074784576892853 0.9999963045120239
0.635461688041687 0.5187920928001404 -0.11757616698741913 0.9999618530273438
0.5138254165649414 0.4973713159561157 -0.06668277829885483 0.9999204874038696
0.6642253994941711 0.6902130842208862 -0.317762166261673 0.9996739625930786
0.48082876205444336 0.6784095764160156 -0.06639427691698074 0.9942281246185303
0.6590554714202881 0.46176087856292725 -0.6005123853683472 0.9998341798782349
0.5025373697280884 0.8356403112411499 -0.19303040206432343 0.9932952523231506
0.6651913523674011 0.4030701816082001 -0.6561785936355591 0.999154806137085
0.4989784359931946 0.8918817043304443 -0.20164303481578827 0.9792203903198242
0.6612728834152222 0.3909412622451782 -0.6227434873580933 0.9991264939308167
0.5195491909980774 0.8879154920578003 -0.2153889685869217 0.9805127382278442
0.6553553938865662 0.4097488820552826 -0.5916143655776978 0.9989822506904602
0.5236324071884155 0.8701471090316772 -0.19653619825839996 0.9835182428359985
0.6121132969856262 0.8274224400520325 -0.0070956056006252766 0.9998430013656616
0.5238638520240784 0.8272759318351746 0.007948780432343483 0.9997239708900452
0.6173750162124634 1.056774377822876 -0.30739620327949524 0.6655367612838745
0.518213152885437 1.0646637678146362 -0.16206534206867218 0.7095447182655334
0.6080503463745117 1.2641319036483765 -0.027314800769090652 0.0018240512581542134
0.5242553353309631 1.269686222076416 0.15013983845710754 0.003964911215007305
0.6080913543701172 1.302175760269165 -0.004093830473721027 0.010616098530590534
0.5232087969779968 1.3075618743896484 0.17622889578342438 0.007802488282322884
0.5938661098480225 1.3522893190383911 -0.1489749550819397 0.0015395032241940498
0.5309851169586182 1.3483067750930786 0.03243864327669144 0.00322399172000587
