0.5629879832267761 0.359721839427948 -0.22831004858016968 0.9999973773956299
0.5733757615089417 0.33917033672332764 -0.19902046024799347 0.9999939203262329
0.5785756707191467 0.33992213010787964 -0.19911327958106995 0.9999936819076538
0.5837454199790955 0.3409174680709839 -0.19918857514858246 0.9999910593032837
0.553803026676178 0.3402007818222046 -0.19998694956302643 0.9999927282333374
0.5470429062843323 0.3419645428657532 -0.1999606490135193 0.9999924898147583
0.5418160557746887 0.34343093633651733 -0.20008859038352966 0.9999909400939941
0.5924258828163147 0.35899561643600464 -0.0563080832362175 0.9999901056289673
0.5357553958892822 0.3615191876888275 -0.06150950863957405 0.9999948740005493
0.5726094841957092 0.3915576636791229 -0.17725281417369843 0.9999991655349731
0.5494208931922913 0.3902733325958252 -0.17887674272060394 0.9999995231628418
0.6216349005699158 0.5278562307357788 0.004305257461965084 0.9999654293060303
0.4981299340724945 0.5094518065452576 -0.013655406422913074 0.9999178647994995
0.63983553647995 0.703913688659668 -0.11958348751068115 0.9825183153152466
0.47459185123443604 0.7004355192184448 -0.07932385057210922 0.9947880506515503
0.6419853568077087 0.7308785319328308 -0.4337832033634186 0.9927114248275757
0.5044040083885193 0.8436205387115479 -0.25137126445770264 0.9902076125144958
0.6462558507919312 0.7701317071914673 -0.5085672736167908 0.9846484661102295
0.5041009783744812 0.8949770331382751 -0.2954269051551819 0.9781093597412109
0.6346882581710815 0.758613109588623 -0.5137556195259094 0.9863063097000122
0.5219445824623108 0.886873722076416 -0.3133232891559601 0.9793882369995117
0.6279666423797607 0.7431735992431641 -0.4429507851600647 0.9834372997283936
0.5238543748855591 0.869157612323761 -0.25888824462890625 0.9765048027038574
0.5997397303581238 0.8251923322677612 0.003919051960110664 0.9989789724349976
0.5150060057640076 0.8323502540588379 -0.0032331610564142466 0.9973624348640442
0.625511109828949 0.9965848326683044 -0.44920608401298523 0.7478379011154175
0.4989543557167053 0.9941511154174805 -0.30836471915245056 0.7544448375701904
0.6060138940811157 1.2199492454528809 -0.20354513823986053 0.09488573670387268
0.5211485624313354 1.224472999572754 -0.03243732824921608 0.0913005918264389
0.5981727242469788 1.2551268339157104 -0.18579448759555817 0.23058569431304932
0.5262220501899719 1.2577686309814453 -0.01095644012093544 0.08337172865867615
0.6097036004066467 1.3117152452468872 -0.3488747775554657 0.09259581565856934
0.5228831171989441 1.318711519241333 -0.17267657816410065 0.0623353011906147
