0.5363773107528687 0.41215649247169495 -0.31918033957481384 0.9999867677688599
0.5424131751060486 0.3911101222038269 -0.29145702719688416 0.9999837875366211
0.5466670393943787 0.39177292585372925 -0.2916591763496399 0.9999896287918091
0.5512047410011292 0.3929821252822876 -0.29185202717781067 0.9999853372573853
0.5279619693756104 0.3895600438117981 -0.29351457953453064 0.999976396560669
0.5213937759399414 0.38928985595703125 -0.2936161160469055 0.9999809265136719
0.5154880285263062 0.3895643949508667 -0.2937330901622772 0.9999685287475586
0.5544419884681702 0.4047156572341919 -0.13545404374599457 0.9999935626983643
0.5041655898094177 0.401932954788208 -0.14458809792995453 0.9999810457229614
0.5425253510475159 0.43854832649230957 -0.26122310757637024 0.9999910593032837
0.5240381360054016 0.43791306018829346 -0.2640092670917511 0.9999852180480957
0.5945250988006592 0.5516440868377686 -0.061631008982658386 0.999957799911499
0.45328032970428467 0.5376254320144653 -0.039353664964437485 0.9996047616004944
0.638749361038208 0.7290542125701904 -0.14759664237499237 0.9958615899085999
0.41625741124153137 0.7096832990646362 -0.16778209805488586 0.9733623266220093
0.6855748891830444 0.7495326995849609 -0.44450536370277405 0.9924668669700623
0.3812550902366638 0.6907980442047119 -0.5309703946113586 0.9861543774604797
0.6983749866485596 0.7306941747665405 -0.5044740438461304 0.9840319752693176
0.3687449097633362 0.6740199327468872 -0.5934576392173767 0.9754549264907837
0.6969767808914185 0.7090600728988647 -0.5269179940223694 0.9878195524215698
0.3690621256828308 0.6517113447189331 -0.6160444021224976 0.9794349670410156
0.6904863119125366 0.7193763256072998 -0.4614502489566803 0.9875640273094177
0.37569093704223633 0.6562398672103882 -0.5505473613739014 0.9795457124710083
0.5701863765716553 0.8519671559333801 -0.010501539334654808 0.995457649230957
0.4717489778995514 0.8658613562583923 0.011220932006835938 0.9948716163635254
0.5951414108276367 1.067145586013794 -0.17340077459812164 0.870707094669342
0.45099931955337524 1.075691819190979 -0.09531751275062561 0.8169183731079102
0.5920311212539673 1.2694315910339355 0.1480872929096222 0.06700269877910614
0.4635564982891083 1.2865967750549316 0.22615016996860504 0.08084120601415634
0.5906557440757751 1.2987908124923706 0.175165593624115 0.09943459928035736
0.4687598645687103 1.3169869184494019 0.25306543707847595 0.07736679166555405
0.5891581773757935 1.3495951890945435 0.03259173035621643 0.02490740641951561
0.4613421559333801 1.3620667457580566 0.09835704416036606 0.024796396493911743
