0.5338625311851501 0.41105926036834717 -0.11513447016477585 0.9999979734420776
0.5412255525588989 0.39085954427719116 -0.08552683889865875 0.9999966621398926
0.5455545783042908 0.39213699102401733 -0.08576642721891403 0.999997615814209
0.5504401922225952 0.3942936062812805 -0.08591553568840027 0.9999973773956299
0.525798499584198 0.3883098363876343 -0.08645805716514587 0.9999964237213135
0.5193567872047424 0.3877861499786377 -0.08652061969041824 0.999996542930603
0.5138922333717346 0.3879227638244629 -0.08667200058698654 0.9999953508377075
0.5546054840087891 0.40720754861831665 0.052463605999946594 0.9999982118606567
0.5035994648933411 0.40175682306289673 0.0481366328895092 0.9999963045120239
0.5406382083892822 0.43913698196411133 -0.06661912798881531 0.999997615814209
0.5212896466255188 0.4375910758972168 -0.06818071752786636 0.999996542930603
0.5924575328826904 0.549541711807251 0.09067990630865097 0.9999542236328125
0.45341429114341736 0.5416944026947021 0.10623323172330856 0.9998304843902588
0.6324712038040161 0.7117834687232971 -0.03262739256024361 0.9799740314483643
0.417595773935318 0.7132205367088318 -0.02722390927374363 0.9738701581954956
0.6893498301506042 0.7912806868553162 -0.33156469464302063 0.9486885666847229
0.3845166563987732 0.7295703887939453 -0.3430740237236023 0.9565460085868835
0.6993608474731445 0.7890099287033081 -0.3896068334579468 0.9067592024803162
0.3661412000656128 0.7265491485595703 -0.3950731158256531 0.9336302280426025
0.6978215575218201 0.7715653777122498 -0.40973541140556335 0.9220659136772156
0.36403733491897583 0.6988281607627869 -0.41819101572036743 0.9422520399093628
0.693261981010437 0.7750521302223206 -0.3485011160373688 0.9163509011268616
0.3720511198043823 0.7019806504249573 -0.3615548014640808 0.9356707334518433
0.5727661848068237 0.855566143989563 -0.009629099629819393 0.9957407712936401
0.4745326638221741 0.8645312786102295 0.010466315783560276 0.9932740926742554
0.5828745365142822 1.0486977100372314 -0.38054707646369934 0.9355379939079285
0.45926788449287415 1.0846219062805176 -0.1171589344739914 0.8433661460876465
0.5865617394447327 1.2907477617263794 -0.3043771982192993 0.41908156871795654
0.4713541567325592 1.32583749294281 0.020420944318175316 0.28131410479545593
0.5863133668899536 1.3308241367340088 -0.3033354580402374 0.4145134389400482
0.477120965719223 1.3586509227752686 0.025247327983379364 0.14473937451839447
0.5823435187339783 1.3591930866241455 -0.4795204699039459 0.2954768240451813
0.46909472346305847 1.4022642374038696 -0.14037948846817017 0.10442959517240524
