0.5700277090072632 0.3801862895488739 -0.3353522717952728 0.9999810457229614
0.5810538530349731 0.36164000630378723 -0.3093199133872986 0.9998999834060669
0.5863164663314819 0.3627176284790039 -0.30932873487472534 0.9999425411224365
0.5908803343772888 0.3642229735851288 -0.3093678057193756 0.999836802482605
0.5629483461380005 0.35978439450263977 -0.3179742395877838 0.9999125003814697
0.5561671853065491 0.35986435413360596 -0.3181319832801819 0.9999542236328125
0.5500749945640564 0.3602307140827179 -0.31831154227256775 0.999907374382019
0.5989553928375244 0.37961938977241516 -0.16226908564567566 0.9998949766159058
0.5435726046562195 0.373468279838562 -0.20373980700969696 0.9999849796295166
0.5782646536827087 0.4108237028121948 -0.27967292070388794 0.9999725818634033
0.5573464632034302 0.4080647826194763 -0.2922362983226776 0.9999889135360718
0.6275213360786438 0.5171294212341309 -0.06616267561912537 0.999858021736145
0.5034386515617371 0.5218435525894165 -0.12594473361968994 0.9998683929443359
0.6798062920570374 0.7072854042053223 -0.2340630143880844 0.9992122650146484
0.47677332162857056 0.7090138792991638 -0.1948210597038269 0.9958531856536865
0.6521577835083008 0.5428614616394043 -0.5296172499656677 0.9991705417633057
0.5096504092216492 0.8215541243553162 -0.379061758518219 0.996321439743042
0.6414289474487305 0.4846607446670532 -0.5876235365867615 0.9962145686149597
0.5120644569396973 0.8677035570144653 -0.41223686933517456 0.9888066053390503
0.6380395889282227 0.4708173871040344 -0.5523394346237183 0.9960565567016602
0.528555691242218 0.8553692698478699 -0.4170379638671875 0.9894886612892151
0.632373034954071 0.4891926050186157 -0.5217429995536804 0.9960641264915466
0.5302682518959045 0.840350866317749 -0.3806960880756378 0.9900804162025452
0.614617109298706 0.8210500478744507 0.009085479192435741 0.9994650483131409
0.5240885615348816 0.8308897018432617 -0.008328180760145187 0.9995412826538086
0.6232324838638306 1.0596708059310913 -0.09594665467739105 0.34174054861068726
0.5279556512832642 1.0552338361740112 -0.16222892701625824 0.4464639723300934
0.6214784979820251 1.2364418506622314 0.2969376742839813 0.00031903412309475243
0.5442396998405457 1.247568130493164 0.189496248960495 0.0015116826398298144
0.6237340569496155 1.267086386680603 0.3310110867023468 0.002152041532099247
0.5438910126686096 1.2833778858184814 0.2196093052625656 0.002900714287534356
0.6094087362289429 1.3293817043304443 0.20983557403087616 0.00030026890453882515
0.5586422681808472 1.326324224472046 0.07227543741464615 0.0015380717813968658
