0.5693981647491455 0.38083556294441223 -0.2870824933052063 0.9999572038650513
0.5806444883346558 0.3618195056915283 -0.26038041710853577 0.9996639490127563
0.5858883261680603 0.36297428607940674 -0.2604028284549713 0.9998323917388916
0.5904472470283508 0.3644889295101166 -0.2603987157344818 0.9993910789489746
0.5616685748100281 0.36068516969680786 -0.2706230878829956 0.9997699856758118
0.554803192615509 0.3611394464969635 -0.27084097266197205 0.999902606010437
0.5494587421417236 0.3615736961364746 -0.2710411846637726 0.9997631907463074
0.598097026348114 0.3799334764480591 -0.12194747477769852 0.9996950626373291
0.5436883568763733 0.3748100697994232 -0.16984857618808746 0.9999734163284302
0.5792133808135986 0.41069865226745605 -0.2354961782693863 0.999893307685852
0.5567007660865784 0.40774309635162354 -0.24995681643486023 0.9999635219573975
0.6279632449150085 0.5273042917251587 -0.03631313890218735 0.9995019435882568
0.5034173130989075 0.5211126804351807 -0.11177840083837509 0.9997511506080627
0.681753933429718 0.6892205476760864 -0.21173052489757538 0.9994673132896423
0.47532886266708374 0.7053570747375488 -0.19059891998767853 0.9977626800537109
0.6477387547492981 0.5033746361732483 -0.4743563234806061 0.9991663694381714
0.5099186301231384 0.8268703818321228 -0.3519133925437927 0.9982615113258362
0.635277509689331 0.4541929364204407 -0.5276422500610352 0.9965373277664185
0.5121876001358032 0.8727532029151917 -0.37910017371177673 0.9941666126251221
0.6330573558807373 0.43121853470802307 -0.48264822363853455 0.9962154030799866
0.5289771556854248 0.8629163503646851 -0.38174742460250854 0.9943689703941345
0.635106086730957 0.4470789432525635 -0.46242716908454895 0.9968098998069763
0.5299456119537354 0.8470622301101685 -0.35184240341186523 0.9951239228248596
0.6123398542404175 0.8165760636329651 0.010445740073919296 0.9998438358306885
0.524345338344574 0.824836790561676 -0.009735668078064919 0.9998456239700317
0.6245404481887817 1.0502313375473022 -0.11530415713787079 0.4860721528530121
0.5324184894561768 1.0548661947250366 -0.11084063351154327 0.5312017798423767
0.6216128468513489 1.2326298952102661 0.26805397868156433 0.00022946755052544177
0.5475934743881226 1.23749840259552 0.27082720398902893 0.0009288688306696713
0.6235071420669556 1.2643682956695557 0.3017527759075165 0.0017647669883444905
0.5471417903900146 1.272364616394043 0.3045370876789093 0.0028071722481399775
0.6113027334213257 1.3230772018432617 0.18809418380260468 0.00015594235446769744
0.5587238669395447 1.313879370689392 0.17565268278121948 0.0007661708514206111
