0.570456862449646 0.3789459466934204 -0.33972224593162537 0.9999496936798096
0.5789744257926941 0.35780012607574463 -0.31079286336898804 0.9997970461845398
0.5835040807723999 0.35841020941734314 -0.31081831455230713 0.9998146891593933
0.5875491499900818 0.35940855741500854 -0.3109230399131775 0.999625563621521
0.562065064907074 0.3596404492855072 -0.31522664427757263 0.9998430013656616
0.5558432936668396 0.36097440123558044 -0.3153310716152191 0.9998772144317627
0.5512980818748474 0.3620978891849518 -0.3154936730861664 0.9998180270195007
0.5928285717964172 0.3746791481971741 -0.16065870225429535 0.9997285008430481
0.5439779162406921 0.3765203058719635 -0.18128737807273865 0.9999681711196899
0.5800637006759644 0.40934327244758606 -0.2841339707374573 0.999971866607666
0.5587841272354126 0.40777599811553955 -0.2905062139034271 0.9999885559082031
0.6231623888015747 0.5187503099441528 -0.08225522190332413 0.9997639060020447
0.5028641223907471 0.521834135055542 -0.123001329600811 0.9996813535690308
0.6845804452896118 0.6550723910331726 -0.28609129786491394 0.9986065030097961
0.4768611192703247 0.7032737731933594 -0.19468025863170624 0.9852208495140076
0.6414875388145447 0.4655822515487671 -0.5584618449211121 0.9973182082176208
0.5120055675506592 0.824320912361145 -0.3509537875652313 0.9759511947631836
0.6238910555839539 0.40914541482925415 -0.619125247001648 0.9869388341903687
0.5159177184104919 0.8691048622131348 -0.383716881275177 0.9396601915359497
0.6197156310081482 0.4028826653957367 -0.5724279880523682 0.985113263130188
0.5323188900947571 0.8583502769470215 -0.3923335671424866 0.9417718052864075
0.6192550659179688 0.4242905080318451 -0.5459573268890381 0.9822049736976624
0.5320872068405151 0.8410754799842834 -0.35450229048728943 0.9404363036155701
0.6112756729125977 0.818596363067627 0.001022036769427359 0.9992663264274597
0.526238739490509 0.8248180150985718 -0.0007115115295164287 0.9992376565933228
0.6329476833343506 1.047673225402832 -0.246247798204422 0.5323271751403809
0.5155214667320251 0.9912703633308411 -0.28718146681785583 0.5974821448326111
0.6148971915245056 1.1992790699005127 0.14466017484664917 0.008283712901175022
0.5308370590209961 1.2008264064788818 0.08796434849500656 0.024222267791628838
0.6099957823753357 1.2229859828948975 0.17887748777866364 0.03569914400577545
0.5362077355384827 1.2298290729522705 0.12209013849496841 0.03659042343497276
0.6140537858009338 1.286229133605957 0.06487327069044113 0.010094483382999897
0.5277933478355408 1.2838287353515625 -0.0007746474584564567 0.02602914534509182
