0.5426372289657593 0.35512375831604004 -0.3779759705066681 0.9999955892562866
0.5488560199737549 0.335644006729126 -0.35137420892715454 0.9999819993972778
0.5527434945106506 0.3365553021430969 -0.3514060080051422 0.9999921321868896
0.5567817687988281 0.33742576837539673 -0.35150280594825745 0.9999799728393555
0.5339015126228333 0.3338967561721802 -0.36109498143196106 0.9999793767929077
0.5268429517745972 0.3337356448173523 -0.3612280786037445 0.99998939037323
0.5208793878555298 0.3340158462524414 -0.36132246255874634 0.9999721050262451
0.5622053742408752 0.3502787947654724 -0.19053128361701965 0.999990701675415
0.509590208530426 0.3481781482696533 -0.23909611999988556 0.9999958276748657
0.5506914854049683 0.38372305035591125 -0.31601279973983765 0.999994158744812
0.5310450196266174 0.3807138204574585 -0.3306713104248047 0.9999959468841553
0.5972955226898193 0.48906758427619934 -0.09836897253990173 0.9999885559082031
0.4607756435871124 0.49965357780456543 -0.10151331126689911 0.9999344348907471
0.639406144618988 0.6391079425811768 -0.25380438566207886 0.9997009038925171
0.4334118664264679 0.698826014995575 0.015395192429423332 0.9945007562637329
0.5996338129043579 0.43192681670188904 -0.5299348831176758 0.9993202686309814
0.41348960995674133 0.8849950432777405 0.010738642886281013 0.9847550988197327
0.5849879384040833 0.38575413823127747 -0.5852437615394592 0.9967600703239441
0.4012964367866516 0.9498423337936401 0.007513917982578278 0.9521368145942688
0.5831899642944336 0.3748382329940796 -0.5529903769493103 0.9965594410896301
0.4117211699485779 0.9598709940910339 -0.025630442425608635 0.9570918083190918
0.5842479467391968 0.3878287374973297 -0.5230996012687683 0.9963605999946594
0.41851285099983215 0.9397105574607849 0.0009491689852438867 0.96528160572052
0.5832988619804382 0.8161125183105469 0.002315384801477194 0.9998905658721924
0.4876422882080078 0.8269412517547607 -0.0016285161254927516 0.9996135830879211
0.6047186255455017 1.0886166095733643 -0.08861512690782547 0.8885173797607422
0.49188804626464844 1.1098071336746216 0.016835732385516167 0.8480794429779053
0.6029641032218933 1.290151596069336 0.3842959702014923 0.008270209655165672
0.49130383133888245 1.3104000091552734 0.42151209712028503 0.020777110010385513
0.6041708588600159 1.3202857971191406 0.43036583065986633 0.03290322795510292
0.4909464418888092 1.3471744060516357 0.45805877447128296 0.05978715047240257
0.5919767022132874 1.3971891403198242 0.30655351281166077 0.0030318074859678745
0.5047631859779358 1.3956239223480225 0.30344358086586 0.00728117348626256
