0.5381325483322144 0.3559037446975708 -0.3954043388366699 0.999993085861206
0.5458451509475708 0.3362700343132019 -0.3643544614315033 0.9999775886535645
0.5500946044921875 0.3376428484916687 -0.3644072413444519 0.9999889135360718
0.5544188618659973 0.3392027020454407 -0.3645317852497101 0.999976396560669
0.5301524996757507 0.3323451280593872 -0.37201616168022156 0.999974250793457
0.5234531760215759 0.331495463848114 -0.3721197247505188 0.9999847412109375
0.5178048014640808 0.33106160163879395 -0.37221506237983704 0.9999659061431885
0.5599794983863831 0.35117506980895996 -0.1856709122657776 0.9999889135360718
0.5064438581466675 0.34499937295913696 -0.22605036199092865 0.9999929666519165
0.5458951592445374 0.38610947132110596 -0.3281019628047943 0.9999935626983643
0.5256986021995544 0.38078975677490234 -0.3403065502643585 0.9999957084655762
0.5921263098716736 0.49705687165260315 -0.10112439095973969 0.999991774559021
0.4579876959323883 0.4990660548210144 -0.08503685146570206 0.9999392032623291
0.652475118637085 0.6126623749732971 -0.29162678122520447 0.9998229146003723
0.4287450909614563 0.7077985405921936 0.017044000327587128 0.9933353662490845
0.6073502898216248 0.40006712079048157 -0.6111393570899963 0.9995490908622742
0.4134642779827118 0.8865898847579956 -0.029504843056201935 0.9860706925392151
0.5959378480911255 0.3586534857749939 -0.677698016166687 0.9977865219116211
0.40182697772979736 0.9529567956924438 -0.03736678138375282 0.964423418045044
0.5901654362678528 0.3557705283164978 -0.6415995359420776 0.9976071119308472
0.41251856088638306 0.9619811773300171 -0.07157693803310394 0.9682020545005798
0.5897764563560486 0.36971575021743774 -0.6033810973167419 0.9969918727874756
0.4194900393486023 0.9440630674362183 -0.04013051837682724 0.9708144664764404
0.5822880268096924 0.8194369077682495 0.004623658023774624 0.9999121427536011
0.48669126629829407 0.841663122177124 -0.004100669641047716 0.999683141708374
0.6347543001174927 1.0559957027435303 -0.2578771710395813 0.8807464838027954
0.4877393841743469 1.0961240530014038 -0.15704502165317535 0.7988990545272827
0.6025922298431396 1.229657530784607 0.20708654820919037 0.011199332773685455
0.5007708072662354 1.2667269706726074 0.2862185835838318 0.014303263276815414
0.5977210402488708 1.2482514381408691 0.2544732689857483 0.05708201229572296
0.5001559257507324 1.2910457849502563 0.32868748903274536 0.04285883903503418
0.5913497805595398 1.3330976963043213 0.14509500563144684 0.006894304882735014
0.5220178365707397 1.351783037185669 0.20184321701526642 0.0069085839204490185
