0.5373145937919617 0.3557526469230652 -0.4279242753982544 0.9999978542327881
0.5452036261558533 0.33651888370513916 -0.4001598656177521 0.9999895095825195
0.5493339896202087 0.3374899625778198 -0.40020784735679626 0.9999954700469971
0.5537301898002625 0.3389105796813965 -0.40024659037590027 0.9999885559082031
0.5295274257659912 0.3337332606315613 -0.4084670841693878 0.9999865293502808
0.5234543085098267 0.33306246995925903 -0.40852880477905273 0.9999918937683105
0.5177826285362244 0.33273524045944214 -0.40863192081451416 0.9999769926071167
0.5589867830276489 0.3514455556869507 -0.23077300190925598 0.9999933242797852
0.5070618391036987 0.3455989956855774 -0.2719500660896301 0.9999959468841553
0.5456281304359436 0.38363829255104065 -0.36376750469207764 0.9999971389770508
0.5253488421440125 0.3794969320297241 -0.3761872351169586 0.9999974966049194
0.5902831554412842 0.48216167092323303 -0.12379930913448334 0.9999915361404419
0.45745283365249634 0.4985387623310089 -0.13129368424415588 0.9999521970748901
0.6308332085609436 0.6225751638412476 -0.2978770434856415 0.9993577599525452
0.433778315782547 0.7048316597938538 -0.0549318790435791 0.9971672892570496
0.6088343262672424 0.45266613364219666 -0.6220387816429138 0.9992446899414062
0.41454532742500305 0.8908902406692505 -0.0953962430357933 0.9896132349967957
0.6074751615524292 0.4111435115337372 -0.682779848575592 0.9969623684883118
0.40314167737960815 0.9539517164230347 -0.09781655669212341 0.9665855169296265
0.6007704138755798 0.39878249168395996 -0.6561781167984009 0.9969263672828674
0.41454440355300903 0.9606068730354309 -0.13494348526000977 0.9711242318153381
0.5963674187660217 0.4131721556186676 -0.6178975701332092 0.996457040309906
0.4215286076068878 0.9430344700813293 -0.10701160132884979 0.9757133722305298
0.5782327055931091 0.8023083806037903 0.010577778331935406 0.999727189540863
0.48611944913864136 0.8208635449409485 -0.009776800870895386 0.9989615678787231
0.5984703898429871 1.0491116046905518 -0.25298529863357544 0.8403488993644714
0.49910250306129456 1.0853157043457031 -0.0943513736128807 0.713679313659668
0.5961977243423462 1.2669837474822998 0.09178691357374191 0.008875888772308826
0.5002022981643677 1.2924106121063232 0.232417032122612 0.009580746293067932
0.5964211225509644 1.3012083768844604 0.12172677367925644 0.026750249788165092
0.4968058466911316 1.3293572664260864 0.2587631940841675 0.025043951347470284
0.5865269899368286 1.3612626791000366 -0.030552005395293236 0.0033620221074670553
0.5145869255065918 1.3702490329742432 0.09164976328611374 0.004478630609810352
