0.5365837812423706 0.35344433784484863 -0.5265985727310181 0.9999574422836304
0.5446215271949768 0.33204472064971924 -0.5027316808700562 0.9998816251754761
0.5493211150169373 0.33245670795440674 -0.5028115510940552 0.9999396800994873
0.5544508099555969 0.3331173062324524 -0.5029653906822205 0.9998786449432373
0.528354823589325 0.33062225580215454 -0.5063870549201965 0.9998373985290527
0.5215673446655273 0.3302781581878662 -0.5065339803695679 0.9999005794525146
0.5157427787780762 0.3304387927055359 -0.5066936612129211 0.9998020529747009
0.5603452324867249 0.3431219458580017 -0.3275142312049866 0.9999340772628784
0.505183756351471 0.34252995252609253 -0.3456689417362213 0.9999582767486572
0.5451158881187439 0.3806496262550354 -0.4584188163280487 0.9999837875366211
0.524921178817749 0.37810611724853516 -0.4642338156700134 0.999987006187439
0.5985636115074158 0.4709627628326416 -0.20669959485530853 0.999977707862854
0.45826953649520874 0.501380205154419 -0.1901700794696808 0.9999486207962036
0.6347011923789978 0.6709457635879517 -0.4120067358016968 0.9985833168029785
0.43436285853385925 0.7070562839508057 -0.12998001277446747 0.9955227375030518
0.6044577956199646 0.5259883403778076 -0.8109816908836365 0.9953923225402832
0.4173700511455536 0.8910627365112305 -0.24297800660133362 0.9770098924636841
0.5965476632118225 0.48616766929626465 -0.8852255940437317 0.9852347373962402
0.40572935342788696 0.9541690349578857 -0.2613646388053894 0.9363448023796082
0.5931134819984436 0.46843069791793823 -0.8625198602676392 0.9853911399841309
0.4153258502483368 0.9615368843078613 -0.30033451318740845 0.9455552697181702
0.5918991565704346 0.4843050241470337 -0.8095922470092773 0.980732262134552
0.42267948389053345 0.9426603317260742 -0.25747573375701904 0.9464730024337769
0.5855321288108826 0.813307523727417 0.007045737002044916 0.9993708729743958
0.4907931983470917 0.828620433807373 -0.006474882829934359 0.9978471994400024
0.6123395562171936 1.0686064958572388 -0.31653162837028503 0.7658455967903137
0.5086202621459961 1.0976166725158691 -0.15708518028259277 0.6607433557510376
0.6145167946815491 1.2813539505004883 0.0868508368730545 0.012636760249733925
0.5161327123641968 1.3010060787200928 0.17455047369003296 0.014965856447815895
0.6144921779632568 1.3133423328399658 0.12183403968811035 0.03375963494181633
0.5131499767303467 1.3378578424453735 0.20098166167736053 0.025911817327141762
0.6085795760154724 1.3804532289505005 -0.049572791904211044 0.00694583123549819
0.5353392958641052 1.383073329925537 0.01688138209283352 0.00962294451892376
