0.5650697946548462 0.378485769033432 -0.3224431872367859 0.9999911785125732
0.5756480693817139 0.3599533438682556 -0.293420672416687 0.9999855756759644
0.580954909324646 0.3617793917655945 -0.2934151589870453 0.9999892711639404
0.5865048766136169 0.36380133032798767 -0.29332235455513 0.9999816417694092
0.5575399398803711 0.35535740852355957 -0.2974271774291992 0.9999792575836182
0.550916314125061 0.35487136244773865 -0.297538161277771 0.9999842643737793
0.5448330640792847 0.3553127646446228 -0.297561913728714 0.9999743700027466
0.5940380096435547 0.38083454966545105 -0.13698038458824158 0.9999887943267822
0.5368967056274414 0.3712838888168335 -0.15639673173427582 0.9999823570251465
0.5736183524131775 0.4146384000778198 -0.2665266692638397 0.9999923706054688
0.552031934261322 0.4104788303375244 -0.272908478975296 0.999985933303833
0.6212987303733826 0.5468250513076782 -0.07519283145666122 0.9999353885650635
0.4993188977241516 0.5192152261734009 -0.07492191344499588 0.999809205532074
0.6547833681106567 0.7569049000740051 -0.25363415479660034 0.9983036518096924
0.48174813389778137 0.7592320442199707 -0.2654384672641754 0.998130738735199
0.6331026554107666 0.6232471466064453 -0.535766065120697 0.9995525479316711
0.5224590301513672 0.5862812995910645 -0.557561457157135 0.9998975992202759
0.6243059039115906 0.5928373336791992 -0.586787760257721 0.9973600506782532
0.5232393741607666 0.5439940690994263 -0.6049004197120667 0.9993990659713745
0.6208557486534119 0.5693802833557129 -0.5568649768829346 0.9970844388008118
0.5200232267379761 0.5167776346206665 -0.575077474117279 0.9993288516998291
0.6197962164878845 0.5764678120613098 -0.5293080806732178 0.9977052807807922
0.523533046245575 0.5329201221466064 -0.5503049492835999 0.999311089515686
0.6129106879234314 0.8602036833763123 -0.0009867638582363725 0.9997417330741882
0.5174182057380676 0.865304708480835 0.0023790583945810795 0.9995803236961365
0.6178205013275146 1.1127407550811768 -0.10895980149507523 0.33379048109054565
0.5204463601112366 1.113547444343567 0.08501342684030533 0.36894577741622925
0.6296312808990479 1.3350671529769897 0.20246995985507965 0.0001065457399818115
0.5188342928886414 1.3387093544006348 0.4193462133407593 0.00039782930980436504
0.6329367160797119 1.379995346069336 0.22664155066013336 0.0005346250836737454
0.5139199495315552 1.383751392364502 0.44654911756515503 0.0005507044843398035
0.6211162805557251 1.4201748371124268 0.057853903621435165 8.732928108656779e-05
0.5364713668823242 1.4175808429718018 0.26613324880599976 0.00042251471313647926
