0.5634845495223999 0.3838570713996887 -0.23231996595859528 0.9999158382415771
0.5754362344741821 0.36438071727752686 -0.20412252843379974 0.9999029636383057
0.5814778804779053 0.36648207902908325 -0.20404879748821259 0.9999004602432251
0.5869606733322144 0.3684040904045105 -0.20397426187992096 0.9999086856842041
0.557472825050354 0.3574908375740051 -0.21176797151565552 0.9998886585235596
0.5501383543014526 0.3556755781173706 -0.2117992788553238 0.9998880624771118
0.5442180633544922 0.3544585704803467 -0.2118569165468216 0.9998960494995117
0.593910276889801 0.38509321212768555 -0.05187717452645302 0.9998997449874878
0.5351853966712952 0.37045466899871826 -0.08663088828325272 0.9999086856842041
0.5721877217292786 0.41908103227615356 -0.17674371600151062 0.9999353885650635
0.5486689209938049 0.4134400486946106 -0.18709343671798706 0.9999170303344727
0.6163378953933716 0.5391824245452881 0.00939869787544012 0.9998171925544739
0.49513599276542664 0.5285303592681885 -0.04677645117044449 0.9997554421424866
0.6572368144989014 0.7433269619941711 -0.1651172637939453 0.9969292283058167
0.481151282787323 0.7626135349273682 -0.25829848647117615 0.9977201819419861
0.6132046580314636 0.6139860153198242 -0.43046194314956665 0.9979967474937439
0.5395147800445557 0.5858163833618164 -0.5123089551925659 0.9995552897453308
0.5994928479194641 0.5741828083992004 -0.48241740465164185 0.9912774562835693
0.5488550066947937 0.5383294820785522 -0.5624786019325256 0.997744083404541
0.5947307348251343 0.5494025349617004 -0.4503803551197052 0.9901453256607056
0.5462080836296082 0.5156975984573364 -0.5340757369995117 0.9973320960998535
0.5971490144729614 0.5646368265151978 -0.42463332414627075 0.9917919635772705
0.5456911325454712 0.5338583588600159 -0.5063292384147644 0.9971910119056702
0.6154733896255493 0.8724350929260254 0.018817467615008354 0.99903404712677
0.5166541337966919 0.8813061714172363 -0.017519962042570114 0.998389482498169
0.6377075910568237 1.0567747354507446 -0.02654794417321682 0.21765156090259552
0.5130137801170349 1.1500641107559204 0.040163058787584305 0.23960500955581665
0.618539035320282 1.3922762870788574 0.2483421266078949 0.0002692400594241917
0.513929545879364 1.3940768241882324 0.2720678448677063 0.0004730124201159924
0.6218835115432739 1.4330055713653564 0.2688843607902527 0.0009013947565108538
0.5091403126716614 1.4350557327270508 0.28988245129585266 0.0006260727532207966
0.6074883937835693 1.480211615562439 0.10567007958889008 0.00016257169772870839
0.5320031046867371 1.4798895120620728 0.10285346955060959 0.0003780984552577138
