0.5749991536140442 0.3677295446395874 -0.22587795555591583 0.9999765157699585
0.5842419266700745 0.35349494218826294 -0.199835404753685 0.9999603033065796
0.5893886089324951 0.3557802438735962 -0.19980834424495697 0.9999678134918213
0.5942686200141907 0.3583109378814697 -0.19974246621131897 0.9999474287033081
0.566868245601654 0.34874439239501953 -0.2067098766565323 0.9999591112136841
0.5594660639762878 0.3482932448387146 -0.2068503499031067 0.9999674558639526
0.5526219606399536 0.3486323952674866 -0.2070017009973526 0.999950647354126
0.5999492406845093 0.3762759268283844 -0.06842923909425735 0.9999681711196899
0.5422820448875427 0.3657272458076477 -0.10130510479211807 0.9999866485595703
0.582298219203949 0.3998631536960602 -0.17850427329540253 0.9999825954437256
0.5606232285499573 0.3933868408203125 -0.18847210705280304 0.9999884366989136
0.6241551041603088 0.5385857224464417 -0.026384178549051285 0.999901533126831
0.5012112259864807 0.5258067846298218 -0.04420037195086479 0.9997974038124084
0.6484163999557495 0.7334851026535034 -0.20164941251277924 0.9995303153991699
0.48155874013900757 0.733802080154419 -0.15255922079086304 0.996624231338501
0.6067756414413452 0.5535953044891357 -0.4449288547039032 0.9996979236602783
0.5189811587333679 0.7246139049530029 -0.33675628900527954 0.9967976212501526
0.5891095399856567 0.5004291534423828 -0.4999277889728546 0.9982663989067078
0.527919352054596 0.7519823312759399 -0.371883362531662 0.9890754222869873
0.5894648432731628 0.482818603515625 -0.46350014209747314 0.9979167580604553
0.5390570163726807 0.7303491830825806 -0.36294034123420715 0.9890614748001099
0.5923128724098206 0.49471530318260193 -0.4360818862915039 0.9985563158988953
0.5375447869300842 0.7163267135620117 -0.33552131056785583 0.992475688457489
0.6182155609130859 0.8470165133476257 0.005348818842321634 0.9999469518661499
0.5277193188667297 0.8554145097732544 -0.003903056960552931 0.9998921155929565
0.6227279901504517 1.105141043663025 -0.018871072679758072 0.10891257971525192
0.5228809118270874 1.1118758916854858 0.08111823350191116 0.06938651204109192
0.6213310956954956 1.3120319843292236 0.322391152381897 2.0680814486695454e-05
0.5195597410202026 1.307158350944519 0.4171117842197418 6.403368024621159e-05
0.6245697736740112 1.3538206815719604 0.3521503806114197 0.00016649760073050857
0.5140040516853333 1.347226858139038 0.4464707672595978 0.00016610529564786702
0.6079128980636597 1.3971670866012573 0.22258345782756805 2.272345773235429e-05
0.5352963209152222 1.3848674297332764 0.3043239414691925 9.298122313339263e-05
