0.5667572617530823 0.40900301933288574 -0.4182797372341156 0.9999967813491821
0.5772393941879272 0.3886755704879761 -0.3976612091064453 0.9999868869781494
0.5821679830551147 0.3899242877960205 -0.39768871665000916 0.9999933242797852
0.5865194797515869 0.39135119318962097 -0.3978062868118286 0.9999793767929077
0.5602103471755981 0.38209980726242065 -0.396006315946579 0.9999867677688599
0.5537534356117249 0.37908312678337097 -0.3961314857006073 0.9999924898147583
0.5484044551849365 0.3764151930809021 -0.396240770816803 0.9999798536300659
0.5932973027229309 0.39723217487335205 -0.25365251302719116 0.9999921321868896
0.5416017174720764 0.38102540373802185 -0.24892862141132355 0.9999977350234985
0.5746222138404846 0.43383198976516724 -0.36184242367744446 0.9999963045120239
0.5536667704582214 0.42913681268692017 -0.36101821064949036 0.9999983310699463
0.6165839433670044 0.5195779204368591 -0.15019308030605316 0.9999686479568481
0.49665653705596924 0.5182750821113586 -0.12673568725585938 0.9999610185623169
0.6480952501296997 0.6953036785125732 -0.3132566809654236 0.9994872808456421
0.47290414571762085 0.706489086151123 -0.13526417315006256 0.9949278831481934
0.6224548816680908 0.516010046005249 -0.5959267020225525 0.9993981122970581
0.5144091248512268 0.8325718641281128 -0.2913658022880554 0.9919919371604919
0.6157086491584778 0.4573483467102051 -0.6548389792442322 0.997960090637207
0.5183667540550232 0.8805984258651733 -0.31329506635665894 0.9794884920120239
0.6149489283561707 0.4410288631916046 -0.6245120763778687 0.9979128241539001
0.5376314520835876 0.8652718663215637 -0.3229519724845886 0.9810606241226196
0.6137391924858093 0.45694807171821594 -0.5881151556968689 0.9971261620521545
0.5376965403556824 0.8488227725028992 -0.2936950922012329 0.9806231260299683
0.6052658557891846 0.8061518669128418 -0.0015380383701995015 0.9998443126678467
0.5213340520858765 0.8118889927864075 0.0020736122969537973 0.9997159838676453
0.6263261437416077 1.02769136428833 -0.2432195097208023 0.8910931348800659
0.511897623538971 1.0360422134399414 -0.12905919551849365 0.8949118852615356
0.6141874194145203 1.2108137607574463 0.11895845085382462 0.01792007125914097
0.5197799801826477 1.2148164510726929 0.20123644173145294 0.03761031851172447
0.6101534962654114 1.2403939962387085 0.15093208849430084 0.058506958186626434
0.5204637050628662 1.2475374937057495 0.2295934110879898 0.05694882199168205
0.6092910766601562 1.3028143644332886 0.025216056033968925 0.00922372192144394
0.5232236981391907 1.291297197341919 0.09887625277042389 0.01757070980966091
