0.5501184463500977 0.3478372097015381 -0.1565730720758438 0.9997681975364685
0.5582383275032043 0.3234763741493225 -0.12185855209827423 0.999728262424469
0.5639268159866333 0.3241423964500427 -0.12199452519416809 0.9997498393058777
0.5680622458457947 0.32493919134140015 -0.12222915142774582 0.9998384714126587
0.5410304665565491 0.3255022168159485 -0.11767002195119858 0.9993602633476257
0.5348946452140808 0.32754576206207275 -0.1177145466208458 0.9990240335464478
0.5304746031761169 0.330197274684906 -0.11780548095703125 0.9989528656005859
0.5766112208366394 0.3416081666946411 0.03807032108306885 0.9999094009399414
0.5232621431350708 0.3478303849697113 0.05650012567639351 0.9991482496261597
0.5614317059516907 0.37505263090133667 -0.09960733354091644 0.9999393224716187
0.5390771627426147 0.3777877986431122 -0.09484297782182693 0.9998407363891602
0.6193382143974304 0.48484575748443604 0.057625457644462585 0.9998918771743774
0.49110761284828186 0.47309818863868713 0.09051761776208878 0.9960505366325378
0.6534143090248108 0.6715890765190125 -0.020668890327215195 0.9699077606201172
0.4427381157875061 0.4885786771774292 -0.1187245100736618 0.9822653532028198
0.6385801434516907 0.8207707405090332 -0.1371295154094696 0.9461502432823181
0.5022361278533936 0.3921208381652832 -0.2881357967853546 0.9565421938896179
0.640961229801178 0.8762041926383972 -0.1746061146259308 0.8876938223838806
0.5162225365638733 0.3768506944179535 -0.33006441593170166 0.8371933698654175
0.6208655834197998 0.862409234046936 -0.1889031082391739 0.9015011787414551
0.5204378962516785 0.3764369785785675 -0.30067360401153564 0.8085458278656006
0.6174737811088562 0.845977246761322 -0.14421004056930542 0.8850060105323792
0.5175930857658386 0.3845227062702179 -0.2827610671520233 0.7963223457336426
0.602461040019989 0.8089984059333801 0.012242462486028671 0.99395352602005
0.505514919757843 0.8020902872085571 -0.011901683174073696 0.9952386617660522
0.6377613544464111 1.016740083694458 -0.3920234441757202 0.8780204057693481
0.5073502659797668 0.9753772616386414 -0.45700472593307495 0.9121105670928955
0.6089087128639221 1.1404955387115479 -0.10535577684640884 0.04919876158237457
0.5244762897491455 1.1720166206359863 -0.2147243618965149 0.0942206010222435
0.5997016429901123 1.155105710029602 -0.08227314054965973 0.10256022959947586
0.530756413936615 1.194913625717163 -0.19558469951152802 0.08209171146154404
0.6184194087982178 1.219265341758728 -0.1928757131099701 0.03587634116411209
0.5235047340393066 1.2668753862380981 -0.33928972482681274 0.06053958460688591
