0.5435346961021423 0.3381153345108032 -0.4115510880947113 0.999861478805542
0.5528578162193298 0.31954294443130493 -0.3850865960121155 0.999653697013855
0.5587610602378845 0.320672869682312 -0.3851703703403473 0.9996645450592041
0.5641318559646606 0.3224084973335266 -0.3853687047958374 0.999496340751648
0.534416139125824 0.3190721869468689 -0.3867626190185547 0.9996780157089233
0.5281500220298767 0.31987929344177246 -0.3868735134601593 0.9997270703315735
0.5227813720703125 0.32131344079971313 -0.3870464563369751 0.9996953010559082
0.5748842358589172 0.3417413830757141 -0.22879981994628906 0.9997028708457947
0.5156002640724182 0.34156540036201477 -0.23602065443992615 0.9998912811279297
0.5555124878883362 0.3729079067707062 -0.3524002432823181 0.9999786615371704
0.5318982601165771 0.3720812201499939 -0.3549405336380005 0.9999886751174927
0.6135938763618469 0.47239333391189575 -0.1417747288942337 0.9997519850730896
0.4784499406814575 0.49160969257354736 -0.1517718881368637 0.9997174143791199
0.6569003462791443 0.6412577033042908 -0.2791532874107361 0.9903808236122131
0.4710235595703125 0.6831588745117188 -0.22080829739570618 0.9893695116043091
0.6128778457641602 0.6648949384689331 -0.582733690738678 0.9652835130691528
0.5233979225158691 0.8261445760726929 -0.43382740020751953 0.9629621505737305
0.6040197014808655 0.6860674619674683 -0.6543201208114624 0.9157655239105225
0.5343584418296814 0.8828993439674377 -0.48637473583221436 0.9202195405960083
0.5983020067214966 0.6461166739463806 -0.6425513625144958 0.9186387658119202
0.5522071719169617 0.8684732913970947 -0.49435046315193176 0.9239292740821838
0.5989063382148743 0.6454698443412781 -0.5833236575126648 0.9037675857543945
0.5506369471549988 0.8495031595230103 -0.4383583664894104 0.9060498476028442
0.6059492230415344 0.7861568927764893 -0.0015420260606333613 0.9979401230812073
0.5143013596534729 0.7970826625823975 0.00208582216873765 0.9978260397911072
0.6355817914009094 0.9886687397956848 -0.3168904483318329 0.809463381767273
0.4941820502281189 1.0089154243469238 -0.3195279538631439 0.8926401138305664
0.6371296644210815 1.1512000560760498 0.134738028049469 0.03349468857049942
0.511648952960968 1.2049089670181274 0.06032735854387283 0.11339884996414185
0.6351638436317444 1.1777276992797852 0.1747388392686844 0.10235950350761414
0.5173725485801697 1.23517906665802 0.09371080249547958 0.06679612398147583
0.6416516900062561 1.2440675497055054 0.03961973264813423 0.03213454782962799
0.5191603302955627 1.2956370115280151 -0.06535006314516068 0.06543928384780884
