0.5475684404373169 0.3619871139526367 -0.36331960558891296 0.9999338388442993
0.5543388724327087 0.33939284086227417 -0.33431917428970337 0.9999339580535889
0.5581411719322205 0.3404842019081116 -0.3344762921333313 0.9999421834945679
0.5627410411834717 0.34206610918045044 -0.334764689207077 0.999936580657959
0.5371763706207275 0.337052583694458 -0.34056392312049866 0.9999158382415771
0.5300008058547974 0.33696073293685913 -0.3405081033706665 0.9998886585235596
0.5233820080757141 0.3381549119949341 -0.3405468165874481 0.9998488426208496
0.5680448412895203 0.3558741807937622 -0.16886962950229645 0.9999634027481079
0.5141429305076599 0.35321855545043945 -0.194904625415802 0.9999308586120605
0.5548362731933594 0.3912928104400635 -0.30156657099723816 0.999987006187439
0.5343996286392212 0.3901847302913666 -0.3090796172618866 0.9999871253967285
0.6055173873901367 0.5049791932106018 -0.07997193187475204 0.9999585151672363
0.4664732813835144 0.5013848543167114 -0.10140832513570786 0.9997244477272034
0.6428208947181702 0.6780774593353271 -0.18924249708652496 0.9664396047592163
0.43316182494163513 0.6865365505218506 -0.11349230259656906 0.9503605961799622
0.6676724553108215 0.6713621020317078 -0.4874378442764282 0.9042522311210632
0.42452913522720337 0.8462013006210327 -0.25768762826919556 0.6511920094490051
0.6847306489944458 0.6761928796768188 -0.5472262501716614 0.8442061543464661
0.4173242747783661 0.8942140936851501 -0.28615254163742065 0.5676789879798889
0.6837201714515686 0.6550217866897583 -0.5595155954360962 0.8500587940216064
0.4228784143924713 0.8876113295555115 -0.32224130630493164 0.5814984440803528
0.673929750919342 0.653610110282898 -0.4992300868034363 0.8038433194160461
0.4302724301815033 0.8765562772750854 -0.2735987901687622 0.5543837547302246
0.5842718482017517 0.79503333568573 0.01256170030683279 0.9955021739006042
0.48641273379325867 0.8082058429718018 -0.012081271037459373 0.9899335503578186
0.6759631633758545 0.9528228640556335 -0.4389708340167999 0.9561581611633301
0.4263950288295746 0.9831555485725403 -0.30770987272262573 0.8981958627700806
0.6223363876342773 1.117626428604126 -0.17607532441616058 0.4709168076515198
0.4814101755619049 1.1510926485061646 0.022728856652975082 0.2320588231086731
0.604371190071106 1.1355407238006592 -0.15266364812850952 0.5683997869491577
0.49171683192253113 1.1734360456466675 0.05175764486193657 0.2339867353439331
0.6333855986595154 1.204572319984436 -0.2861749231815338 0.27184775471687317
0.4741070568561554 1.2233525514602661 -0.07401301711797714 0.0869881883263588
