0.5479803085327148 0.367497980594635 -0.46576449275016785 0.9999521970748901
0.5556229948997498 0.3447127938270569 -0.43783891201019287 0.9999520778656006
0.5595806241035461 0.34596067667007446 -0.4380008280277252 0.9999638795852661
0.5646242499351501 0.3472796082496643 -0.4383176267147064 0.9999648332595825
0.5389177203178406 0.3412707448005676 -0.4441260099411011 0.9999192953109741
0.5311408042907715 0.34095561504364014 -0.44407302141189575 0.9999011754989624
0.5242851972579956 0.3414304852485657 -0.4441656768321991 0.9998635053634644
0.570214569568634 0.3591567873954773 -0.25552991032600403 0.9999816417694092
0.5120519995689392 0.35446178913116455 -0.2848668098449707 0.9999606609344482
0.5549612641334534 0.39643117785453796 -0.3943561017513275 0.9999850988388062
0.5335311889648438 0.3924006223678589 -0.40318283438682556 0.9999840259552002
0.601000964641571 0.4810468852519989 -0.151520237326622 0.9999839067459106
0.46546071767807007 0.491469144821167 -0.12683556973934174 0.999822199344635
0.6273265480995178 0.6553887724876404 -0.31687039136886597 0.9964495897293091
0.4359857439994812 0.6916173696517944 -0.07703463733196259 0.9428058862686157
0.5903863906860352 0.5031105279922485 -0.6530960202217102 0.9955154061317444
0.42699891328811646 0.8544949889183044 -0.18765029311180115 0.7521408796310425
0.5810097455978394 0.46374714374542236 -0.7298349142074585 0.9856597185134888
0.42125165462493896 0.9026641845703125 -0.2107727974653244 0.6303949356079102
0.579456627368927 0.4489205777645111 -0.7054414749145508 0.9851992130279541
0.4258800745010376 0.9054158926010132 -0.25065118074417114 0.6451848149299622
0.5795297026634216 0.461704820394516 -0.6504220962524414 0.9735406041145325
0.43174993991851807 0.888508141040802 -0.20417262613773346 0.6189702749252319
0.5886361598968506 0.7961916327476501 0.003242054022848606 0.9964392781257629
0.4879959523677826 0.8061382174491882 -0.00271663093008101 0.9931290149688721
0.6802534461021423 0.9728211760520935 -0.3606893718242645 0.922083854675293
0.42623451352119446 0.9948644638061523 -0.27651676535606384 0.8848149180412292
0.6184242963790894 1.1909308433532715 0.01613648049533367 0.299752414226532
0.48905235528945923 1.2443522214889526 0.02439861185848713 0.3052256405353546
0.6016893982887268 1.208824634552002 0.050242289900779724 0.34988150000572205
0.49878990650177 1.2707256078720093 0.049412548542022705 0.28583791851997375
0.617148220539093 1.2895677089691162 -0.0951305627822876 0.1769179403781891
0.490739643573761 1.3415266275405884 -0.111932672560215 0.13423635065555573
