0.5494707226753235 0.3682015538215637 -0.5023896098136902 0.9999572038650513
0.5576875805854797 0.3444921374320984 -0.47480276226997375 0.9999561309814453
0.5616923570632935 0.3456171751022339 -0.47495394945144653 0.999968409538269
0.5666236877441406 0.3469799757003784 -0.47528043389320374 0.9999690055847168
0.5399248003959656 0.34180498123168945 -0.48002004623413086 0.9999264478683472
0.5318363308906555 0.34168845415115356 -0.47994205355644226 0.9999063014984131
0.5248975157737732 0.34198838472366333 -0.4800216853618622 0.9998602867126465
0.5721575021743774 0.3607695698738098 -0.2937812805175781 0.9999842643737793
0.5134221911430359 0.3560507893562317 -0.31797710061073303 0.9999629259109497
0.5568469166755676 0.39767155051231384 -0.43172162771224976 0.9999858140945435
0.5342458486557007 0.3936039209365845 -0.4390420913696289 0.9999847412109375
0.6009164452552795 0.4828993082046509 -0.18809296190738678 0.999983549118042
0.46421757340431213 0.4957107603549957 -0.15090049803256989 0.9998263716697693
0.6249687671661377 0.6578869819641113 -0.35425129532814026 0.9963908791542053
0.4330993890762329 0.6838691830635071 -0.08163904398679733 0.9435129761695862
0.5901126861572266 0.505891740322113 -0.6952894926071167 0.9957026839256287
0.42186498641967773 0.8507212400436401 -0.18307600915431976 0.7417792081832886
0.5805656909942627 0.46399304270744324 -0.7729600667953491 0.9866525530815125
0.41440045833587646 0.9017899036407471 -0.2022257149219513 0.618150532245636
0.5818906426429749 0.4474068582057953 -0.752126932144165 0.9861485958099365
0.42183393239974976 0.9058436155319214 -0.2452433705329895 0.6330868005752563
0.582119345664978 0.46023571491241455 -0.6941930055618286 0.9745237827301025
0.4273530840873718 0.887944221496582 -0.20059314370155334 0.608137309551239
0.5887472033500671 0.8034761548042297 0.003672468475997448 0.9954788684844971
0.48828908801078796 0.809356689453125 -0.003111855359748006 0.9916437268257141
0.6815595626831055 0.9678948521614075 -0.3485212028026581 0.9301518797874451
0.42859235405921936 0.9956775903701782 -0.24863439798355103 0.8961459398269653
0.6136450171470642 1.1886976957321167 0.02830956131219864 0.2959998846054077
0.49245354533195496 1.245609998703003 0.056721415370702744 0.2809038460254669
0.5941193103790283 1.2072356939315796 0.06153282895684242 0.3555687665939331
0.5034025311470032 1.2733982801437378 0.08144337683916092 0.2801041901111603
0.6166340112686157 1.2921804189682007 -0.0863279476761818 0.16626396775245667
0.48901766538619995 1.3429964780807495 -0.07824902981519699 0.11923778057098389
