0.5471839308738708 0.360339879989624 -0.3365301191806793 0.9999796152114868
0.5543799996376038 0.3387680649757385 -0.30748873949050903 0.9999831914901733
0.5589738488197327 0.3399023413658142 -0.307635098695755 0.9999873638153076
0.5641660690307617 0.3406965136528015 -0.30791375041007996 0.9999872446060181
0.5372133255004883 0.33643269538879395 -0.31315740942955017 0.999974250793457
0.529800534248352 0.3364582061767578 -0.3130961060523987 0.9999676942825317
0.5232871174812317 0.3369399905204773 -0.31319913268089294 0.9999539852142334
0.568520188331604 0.3543092608451843 -0.14275558292865753 0.9999927282333374
0.5120700001716614 0.35412147641181946 -0.16904368996620178 0.9999829530715942
0.5540511608123779 0.39149680733680725 -0.2740114629268646 0.999995231628418
0.5332537293434143 0.3899596929550171 -0.2817404568195343 0.9999946355819702
0.6064968705177307 0.49488887190818787 -0.06530394405126572 0.9999921321868896
0.4632982015609741 0.4945484399795532 -0.06078464537858963 0.9998780488967896
0.6302200555801392 0.6875297427177429 -0.2130310833454132 0.9946499466896057
0.4332818388938904 0.684695839881897 -0.056255780160427094 0.938904881477356
0.6155903935432434 0.6027133464813232 -0.5389385223388672 0.9945987462997437
0.4264530837535858 0.8407024145126343 -0.18785740435123444 0.7186846733093262
0.6051954627037048 0.5787898898124695 -0.6072490215301514 0.9860522747039795
0.41873180866241455 0.8867494463920593 -0.21444126963615417 0.6135141253471375
0.6052431464195251 0.5469619035720825 -0.592034101486206 0.9864166975021362
0.42742735147476196 0.8866403698921204 -0.24403953552246094 0.6313248872756958
0.6043974161148071 0.5520411729812622 -0.5388725996017456 0.9759559631347656
0.4328272044658661 0.8692678213119507 -0.20110207796096802 0.6127459406852722
0.589543879032135 0.8101186156272888 0.008967891335487366 0.9949769377708435
0.48941829800605774 0.8131272792816162 -0.008416508324444294 0.9899703860282898
0.6844632625579834 0.9719231724739075 -0.34768903255462646 0.943778395652771
0.4229215681552887 0.9975887537002563 -0.2578875422477722 0.8735373616218567
0.6109641790390015 1.1574962139129639 -0.011324161663651466 0.31593838334083557
0.4778299629688263 1.2030539512634277 0.06530437618494034 0.21303682029247284
0.594445526599884 1.1685725450515747 0.021739449352025986 0.3892064094543457
0.48706209659576416 1.2265775203704834 0.09516844153404236 0.22746270895004272
0.6045246124267578 1.2524445056915283 -0.09035594016313553 0.182212695479393
0.4771815240383148 1.2888085842132568 -0.025218108668923378 0.08953551948070526
