0.5527542233467102 0.32530778646469116 -0.42153090238571167 0.9989497065544128
0.558781623840332 0.30499422550201416 -0.3893541991710663 0.9993047714233398
0.5625461935997009 0.30584484338760376 -0.38939666748046875 0.9992477893829346
0.5666800141334534 0.30668020248413086 -0.38961654901504517 0.9992037415504456
0.5430155992507935 0.3017069101333618 -0.39494842290878296 0.999133288860321
0.536513090133667 0.30067145824432373 -0.3949975073337555 0.9989614486694336
0.5300734043121338 0.2998284697532654 -0.39506906270980835 0.9986781477928162
0.5718499422073364 0.31582140922546387 -0.21614231169223785 0.999441921710968
0.5182939767837524 0.3140859603881836 -0.24122728407382965 0.99916672706604
0.5598264336585999 0.354671835899353 -0.3569287061691284 0.9997552037239075
0.5396397113800049 0.35027429461479187 -0.36470645666122437 0.9997314810752869
0.5988590121269226 0.4546518921852112 -0.15775151550769806 0.9995138645172119
0.4705686569213867 0.45125827193260193 -0.18035541474819183 0.9983013868331909
0.6431967616081238 0.602040708065033 -0.4904956817626953 0.9921556115150452
0.44871383905410767 0.6640618443489075 -0.46201497316360474 0.9635669589042664
0.6016094088554382 0.4074488580226898 -0.88897705078125 0.995876133441925
0.45780643820762634 0.5205152034759521 -0.8205828070640564 0.9883522391319275
0.5998181104660034 0.35681265592575073 -0.9690359234809875 0.9884136319160461
0.4609760344028473 0.47185757756233215 -0.8868001699447632 0.9761999249458313
0.5988005995750427 0.34568703174591064 -0.9263992309570312 0.9868789315223694
0.459739625453949 0.45156949758529663 -0.8646259307861328 0.974541425704956
0.5961143970489502 0.3649791181087494 -0.8817727565765381 0.9813348054885864
0.4629453122615814 0.467159241437912 -0.8199552297592163 0.965298593044281
0.5880922675132751 0.766625702381134 0.021619180217385292 0.9994144439697266
0.4957221448421478 0.771800696849823 -0.021435217931866646 0.9989161491394043
0.6338134407997131 0.9745970368385315 -0.27036741375923157 0.733478307723999
0.5052595734596252 1.0010325908660889 -0.20639248192310333 0.4708734154701233
0.6127608418464661 1.051068663597107 0.255619615316391 0.006252777762711048
0.48262253403663635 1.0969512462615967 0.2549271881580353 0.00663836719468236
0.6071578860282898 1.0435770750045776 0.3108530342578888 0.016483915969729424
0.4794430136680603 1.1031550168991089 0.3023744225502014 0.008850407786667347
0.5987538695335388 1.1237555742263794 0.25669097900390625 0.006816903594881296
0.48104891180992126 1.1759129762649536 0.22170285880565643 0.007047239225357771
