0.5514037609100342 0.325691282749176 -0.3226529061794281 0.9994633793830872
0.5572823286056519 0.303184449672699 -0.29173707962036133 0.999612033367157
0.5612964630126953 0.3039073348045349 -0.29176950454711914 0.99960857629776
0.5654548406600952 0.3049001097679138 -0.29192453622817993 0.9995015859603882
0.541531503200531 0.30087149143218994 -0.2983698546886444 0.999478280544281
0.5357194542884827 0.3001471757888794 -0.29841649532318115 0.9994056224822998
0.5299155712127686 0.29987192153930664 -0.2984970510005951 0.9991820454597473
0.5700241923332214 0.31638848781585693 -0.12611763179302216 0.9996663331985474
0.5183730125427246 0.3146265745162964 -0.158572718501091 0.9995019435882568
0.5593763589859009 0.3522687554359436 -0.2607649862766266 0.9997720122337341
0.5391703248023987 0.34976303577423096 -0.2705557644367218 0.9997633099555969
0.5995930433273315 0.4593941271305084 -0.07293310761451721 0.9996554851531982
0.47129055857658386 0.4595685601234436 -0.09518130123615265 0.9986128807067871
0.6394504308700562 0.6091768145561218 -0.35761407017707825 0.9906141757965088
0.4442347586154938 0.659291684627533 -0.33152392506599426 0.9617916345596313
0.5943699479103088 0.4229263663291931 -0.7195962071418762 0.9962449669837952
0.4597663879394531 0.5513335466384888 -0.6493766903877258 0.9876097440719604
0.5951602458953857 0.36992764472961426 -0.791022002696991 0.9896388053894043
0.46696412563323975 0.5098874568939209 -0.7029750347137451 0.9728693962097168
0.5927096605300903 0.35890454053878784 -0.7480477690696716 0.9886208176612854
0.4672219455242157 0.48603466153144836 -0.6852596402168274 0.9720252156257629
0.5882917642593384 0.3797258138656616 -0.7106935381889343 0.9855803847312927
0.4689728617668152 0.4994896650314331 -0.6482304930686951 0.9668051600456238
0.5884611010551453 0.772216796875 0.017840342596173286 0.9996742010116577
0.4964468777179718 0.7748086452484131 -0.01751573570072651 0.9991135001182556
0.6278672814369202 0.985582709312439 -0.24128614366054535 0.6729977130889893
0.5054944753646851 1.0355619192123413 -0.14928776025772095 0.4062427878379822
0.6152810454368591 1.1339993476867676 0.21526500582695007 0.0057179369032382965
0.48324471712112427 1.156864881515503 0.29458877444267273 0.003935063257813454
0.6106545925140381 1.1440412998199463 0.26188650727272034 0.018452249467372894
0.47941190004348755 1.1714768409729004 0.3396991193294525 0.007286131847649813
0.6114683747291565 1.2172271013259888 0.18891583383083344 0.005187202710658312
0.4825517535209656 1.235767126083374 0.2585139870643616 0.003621164010837674
