0.5449635982513428 0.3674249053001404 -0.3598819673061371 0.9999737739562988
0.5521779656410217 0.3427475094795227 -0.3345356583595276 0.9999756813049316
0.5562690496444702 0.3431379795074463 -0.33468273282051086 0.9999805688858032
0.5611379742622375 0.3435947299003601 -0.33498111367225647 0.9999818801879883
0.5336266756057739 0.34349966049194336 -0.34083589911460876 0.9999620914459229
0.5260754227638245 0.3444885015487671 -0.3407703936100006 0.9999498128890991
0.5192025899887085 0.3462470769882202 -0.34082910418510437 0.9999340772628784
0.5662716031074524 0.3564497232437134 -0.16979645192623138 0.9999889135360718
0.5085424184799194 0.3601982593536377 -0.20085249841213226 0.9999769926071167
0.5525600910186768 0.3952641487121582 -0.2950434982776642 0.9999910593032837
0.5312484502792358 0.39483046531677246 -0.3043336570262909 0.999990701675415
0.5984340310096741 0.482212096452713 -0.08457310497760773 0.9999943971633911
0.46343284845352173 0.49168407917022705 -0.06943067163228989 0.9999233484268188
0.6299068331718445 0.647536039352417 -0.227871835231781 0.9944844841957092
0.4324180483818054 0.685308575630188 0.01937713287770748 0.8880701661109924
0.5957418084144592 0.5146013498306274 -0.5237678289413452 0.9946805834770203
0.42597028613090515 0.8567193746566772 -0.015385022386908531 0.6096247434616089
0.5851160287857056 0.48159071803092957 -0.5861223340034485 0.9848127961158752
0.4180484712123871 0.9065603613853455 -0.023565707728266716 0.5041301846504211
0.5822744965553284 0.4631267189979553 -0.5661717057228088 0.9839373230934143
0.42540958523750305 0.9117305278778076 -0.05634487047791481 0.515256404876709
0.5821385979652405 0.4750288128852844 -0.5211471319198608 0.9731304049491882
0.4302511215209961 0.8953440189361572 -0.02715180069208145 0.5083886981010437
0.5873101949691772 0.7994284629821777 0.011603748425841331 0.9985091090202332
0.4867163300514221 0.8120607137680054 -0.011198151856660843 0.9973576664924622
0.6818793416023254 0.9672642350196838 -0.19141244888305664 0.8936169147491455
0.4311317503452301 1.0157124996185303 -0.147793710231781 0.8131927251815796
0.6202065944671631 1.1137855052947998 0.23427437245845795 0.15911737084388733
0.48941853642463684 1.205505609512329 0.18532127141952515 0.2359129637479782
0.6059932708740234 1.1118266582489014 0.27921372652053833 0.27283838391304016
0.497608482837677 1.2222563028335571 0.21742956340312958 0.2155797928571701
0.6118071675300598 1.2082427740097046 0.1951826959848404 0.12033730745315552
0.4992371201515198 1.304509162902832 0.09029675275087357 0.12332508713006973
