0.5428512692451477 0.3643161654472351 -0.4219983220100403 0.9999608993530273
0.5516389608383179 0.3423647880554199 -0.3925153613090515 0.9999632835388184
0.5562672019004822 0.3430505394935608 -0.392676442861557 0.9999740123748779
0.5605520606040955 0.3443167805671692 -0.39304572343826294 0.9999731779098511
0.5339885354042053 0.3413049578666687 -0.3966309726238251 0.9999313354492188
0.5271191596984863 0.3416514992713928 -0.39654526114463806 0.999907374382019
0.5206674337387085 0.3423769474029541 -0.39660319685935974 0.9998588562011719
0.5677841305732727 0.3572956323623657 -0.20998360216617584 0.9999874830245972
0.5108634829521179 0.35538583993911743 -0.22961539030075073 0.9999642372131348
0.5520105957984924 0.39508700370788574 -0.3511132001876831 0.9999897480010986
0.5299833416938782 0.3963627219200134 -0.3572293221950531 0.9999871253967285
0.5990369915962219 0.48702144622802734 -0.10769986361265182 0.9999889135360718
0.46211904287338257 0.49634653329849243 -0.07511983811855316 0.9998414516448975
0.622844398021698 0.6528142690658569 -0.287063330411911 0.9959854483604431
0.4321156442165375 0.6959876418113708 0.016817493364214897 0.8491390347480774
0.5919784903526306 0.5053510069847107 -0.6295969486236572 0.9940993785858154
0.4230080246925354 0.8786779046058655 -0.0515197291970253 0.5199108123779297
0.5884719491004944 0.45824819803237915 -0.7055673003196716 0.9827656149864197
0.4152417778968811 0.9241263270378113 -0.06446768343448639 0.4097868502140045
0.5887448787689209 0.4427050054073334 -0.6843885183334351 0.9822799563407898
0.4217887222766876 0.9284476041793823 -0.1092246025800705 0.4282165467739105
0.5835392475128174 0.45789971947669983 -0.6284028887748718 0.967289924621582
0.42754536867141724 0.9116724729537964 -0.06920206546783447 0.41589537262916565
0.5864483118057251 0.8047335147857666 0.00972748827189207 0.9985407590866089
0.4859737157821655 0.8139739036560059 -0.009100507013499737 0.9952607750892639
0.6790564060211182 0.9553472399711609 -0.3963926136493683 0.9627364873886108
0.45922476053237915 1.0494165420532227 -0.254046231508255 0.8756770491600037
0.6279535889625549 1.1663360595703125 -0.04314102977514267 0.381238728761673
0.4922793209552765 1.2276506423950195 0.11059051007032394 0.16195708513259888
0.6110610365867615 1.18840754032135 -0.010286596603691578 0.45654627680778503
0.5007414817810059 1.2504963874816895 0.1423666775226593 0.18164637684822083
0.6363344788551331 1.265543818473816 -0.15865275263786316 0.20097453892230988
0.49128711223602295 1.3139361143112183 -0.011708197183907032 0.062142372131347656
