0.5432842969894409 0.36593011021614075 -0.4869312644004822 0.999931812286377
0.5503126382827759 0.34329700469970703 -0.46029290556907654 0.9999178647994995
0.5545595288276672 0.34379518032073975 -0.46045222878456116 0.9999475479125977
0.5595561861991882 0.3445584774017334 -0.4607604146003723 0.9999310970306396
0.532372236251831 0.341511607170105 -0.4643852412700653 0.9998799562454224
0.524712085723877 0.34110718965530396 -0.46437105536460876 0.9998775720596313
0.5180845856666565 0.34137582778930664 -0.46451038122177124 0.9997839331626892
0.563804030418396 0.35704243183135986 -0.2934511601924896 0.9999679327011108
0.5092001557350159 0.35701894760131836 -0.3127855956554413 0.999945878982544
0.5505138039588928 0.39859244227409363 -0.4238882064819336 0.9999891519546509
0.5301063656806946 0.39838483929634094 -0.4297447204589844 0.9999898672103882
0.5999041199684143 0.49926456809043884 -0.19341278076171875 0.9999803304672241
0.4633843004703522 0.5031397342681885 -0.1798868179321289 0.9998606443405151
0.6305732131004333 0.6871980428695679 -0.3367564380168915 0.9926561117172241
0.4316730499267578 0.6922534704208374 -0.1516714096069336 0.949704647064209
0.617855966091156 0.6225478649139404 -0.6787121891975403 0.9798204302787781
0.42533403635025024 0.8632599115371704 -0.28613871335983276 0.6027467846870422
0.6193343997001648 0.6021870970726013 -0.7470410466194153 0.9542275667190552
0.41697338223457336 0.9110724925994873 -0.3106757700443268 0.5081786513328552
0.6154317855834961 0.5747917890548706 -0.736883819103241 0.9536405205726624
0.4240546226501465 0.9139981865882874 -0.3446910083293915 0.524601936340332
0.6092809438705444 0.5751785635948181 -0.6807288527488708 0.9165972471237183
0.4290599524974823 0.8950162529945374 -0.3005729615688324 0.4920610189437866
0.58885657787323 0.7989678382873535 0.009357517585158348 0.991473913192749
0.4899454116821289 0.8133608102798462 -0.008901948109269142 0.9841269850730896
0.680816113948822 0.9597363471984863 -0.3932977318763733 0.9252206087112427
0.4330172538757324 1.0008883476257324 -0.2877717912197113 0.8557637333869934
0.6237282156944275 1.1249486207962036 -0.0371280238032341 0.34860101342201233
0.5036576390266418 1.1889910697937012 0.0391496904194355 0.21354125440120697
0.61007159948349 1.1373610496520996 -0.004328530747443438 0.4377279579639435
0.5133082270622253 1.2097843885421753 0.0666131004691124 0.22448524832725525
0.6219994425773621 1.2155954837799072 -0.13746294379234314 0.20872218906879425
0.5089202523231506 1.273472785949707 -0.0749446302652359 0.09161020070314407
