0.5385252833366394 0.35802680253982544 -0.21416427195072174 0.9999971389770508
0.5477409362792969 0.3361546993255615 -0.1867085099220276 0.9999918937683105
0.5522472262382507 0.3370102047920227 -0.1867874413728714 0.9999949932098389
0.5571456551551819 0.3384075164794922 -0.1869002729654312 0.9999924898147583
0.5296763181686401 0.3346295952796936 -0.19446952641010284 0.9999899864196777
0.5234944820404053 0.3349180817604065 -0.19451043009757996 0.9999921321868896
0.5177900791168213 0.3360636830329895 -0.19466839730739594 0.9999872446060181
0.5634675621986389 0.35115259885787964 -0.03826822340488434 0.9999940395355225
0.5089913010597229 0.349212110042572 -0.0763893574476242 0.9999963045120239
0.5482808947563171 0.38924381136894226 -0.1578855812549591 0.9999972581863403
0.5275149345397949 0.3886570930480957 -0.1696491539478302 0.9999978542327881
0.5978816151618958 0.4992705285549164 0.04648778215050697 0.9999936819076538
0.4604050815105438 0.4964269697666168 0.02296663448214531 0.9999735355377197
0.6285474896430969 0.6941503286361694 -0.09372013062238693 0.9968701004981995
0.43117186427116394 0.700194776058197 0.052827224135398865 0.9845577478408813
0.6195993423461914 0.5306155681610107 -0.38228246569633484 0.9969637989997864
0.4180409610271454 0.8769452571868896 -0.0373220331966877 0.9340662360191345
0.6219496130943298 0.4788917899131775 -0.4349338710308075 0.9891674518585205
0.4035986363887787 0.9413086771965027 -0.04863535985350609 0.8592217564582825
0.6209697723388672 0.46266740560531616 -0.4109852612018585 0.9884642958641052
0.4139566719532013 0.9510791897773743 -0.07572828978300095 0.8678073883056641
0.61531001329422 0.4794432520866394 -0.37905561923980713 0.9856884479522705
0.42177385091781616 0.9330360889434814 -0.047711942344903946 0.8813251852989197
0.5798196196556091 0.8145378232002258 0.010849898681044579 0.9995710253715515
0.4814245402812958 0.8325693011283875 -0.009813358075916767 0.9988670349121094
0.6049817800521851 1.0739924907684326 -0.21702900528907776 0.8043151497840881
0.4879840612411499 1.1033095121383667 -0.03648640960454941 0.529151201248169
0.6015645265579224 1.303887963294983 0.0825640931725502 0.019611170515418053
0.48417750000953674 1.3276089429855347 0.2411428838968277 0.021163633093237877
0.6009114980697632 1.339010238647461 0.10823696106672287 0.04359622672200203
0.4820636212825775 1.3666033744812012 0.26210588216781616 0.031202277168631554
0.5893329381942749 1.403501033782959 -0.04931715503334999 0.00925210677087307
0.49421563744544983 1.4145910739898682 0.08143843710422516 0.010124221444129944
