0.5433821082115173 0.35740840435028076 -0.5030142068862915 0.9999949932098389
0.5497950315475464 0.33661317825317383 -0.48036178946495056 0.999977707862854
0.5536984205245972 0.3367880582809448 -0.4804080128669739 0.9999909400939941
0.5575904250144958 0.33697980642318726 -0.4805380702018738 0.9999765157699585
0.5345314145088196 0.33547908067703247 -0.48607757687568665 0.9999706745147705
0.5283136963844299 0.3352377414703369 -0.4862135350704193 0.999983549118042
0.5227898359298706 0.3356134295463562 -0.48635318875312805 0.9999510049819946
0.5631223917007446 0.34909987449645996 -0.31486865878105164 0.9999892711639404
0.5129712224006653 0.3471858501434326 -0.3443759083747864 0.9999923706054688
0.5510010123252869 0.3864034414291382 -0.43751370906829834 0.9999943971633911
0.5313329696655273 0.3842185437679291 -0.44678956270217896 0.999995231628418
0.5962356925010681 0.48545634746551514 -0.19833330810070038 0.9999886751174927
0.4602798819541931 0.4970515966415405 -0.18019051849842072 0.9999338388442993
0.6314780116081238 0.6504324078559875 -0.36727190017700195 0.9996302127838135
0.4320402443408966 0.6976488828659058 -0.06136225163936615 0.9946348667144775
0.5974172353744507 0.44465887546539307 -0.6836404204368591 0.9992726445198059
0.4120997488498688 0.8888525366783142 -0.0771067664027214 0.9820688366889954
0.5927905440330505 0.3818664252758026 -0.7460071444511414 0.9970816969871521
0.4002634286880493 0.950470507144928 -0.07700082659721375 0.947736382484436
0.5920017957687378 0.373760461807251 -0.7204516530036926 0.9970312118530273
0.414152592420578 0.9609721899032593 -0.11322741955518723 0.9539457559585571
0.5885642170906067 0.39205503463745117 -0.6789819002151489 0.9962161183357239
0.4218001365661621 0.942057192325592 -0.08741222321987152 0.9587488770484924
0.5821902751922607 0.8132368326187134 0.0036901207640767097 0.9997898936271667
0.4866657555103302 0.8266778588294983 -0.0030924533493816853 0.9992121458053589
0.6053928136825562 1.0730242729187012 -0.25676193833351135 0.9146476984024048
0.49496546387672424 1.1047015190124512 -0.0377625897526741 0.827350914478302
0.5964812636375427 1.2884089946746826 0.16554073989391327 0.01820243149995804
0.4989977777004242 1.3123538494110107 0.33856600522994995 0.027967384085059166
0.5947222113609314 1.3205639123916626 0.20480142533779144 0.05918750539422035
0.4973394274711609 1.3478748798370361 0.3702612519264221 0.06596661359071732
0.587650716304779 1.3914775848388672 0.053800687193870544 0.008295174688100815
0.5120428204536438 1.399492859840393 0.20592471957206726 0.011028517968952656
