0.5369731783866882 0.35620880126953125 -0.3410007655620575 0.9999915361404419
0.5447987914085388 0.3350551128387451 -0.3097703158855438 0.9999688863754272
0.5494510531425476 0.33624839782714844 -0.3098404109477997 0.9999828338623047
0.5535978674888611 0.33776330947875977 -0.3099578619003296 0.9999678134918213
0.5277380347251892 0.33361876010894775 -0.31680282950401306 0.9999635219573975
0.5215818285942078 0.33316338062286377 -0.3168935477733612 0.999974250793457
0.5164340734481812 0.3329222798347473 -0.3170093297958374 0.9999493360519409
0.5595357418060303 0.3522646427154541 -0.1391068547964096 0.9999822378158569
0.5083860158920288 0.34767282009124756 -0.17638249695301056 0.9999858140945435
0.5458139181137085 0.384388267993927 -0.2773969769477844 0.9999927282333374
0.5252233147621155 0.3814481496810913 -0.28866341710090637 0.9999945163726807
0.5937478542327881 0.500941276550293 -0.054427504539489746 0.9999836683273315
0.4580991566181183 0.5008251070976257 -0.054826024919748306 0.9999032020568848
0.648793637752533 0.6163567304611206 -0.23609264194965363 0.999553382396698
0.43015357851982117 0.7036952972412109 -0.00935111753642559 0.990625262260437
0.6023687124252319 0.41428643465042114 -0.5320854187011719 0.9987761378288269
0.4144226312637329 0.8863806128501892 -0.09541790187358856 0.9745419025421143
0.5942896604537964 0.3678644299507141 -0.5952892899513245 0.9942712783813477
0.4019494652748108 0.9496191143989563 -0.10971559584140778 0.9331471920013428
0.5893140435218811 0.36512070894241333 -0.5586423873901367 0.9939182996749878
0.41478225588798523 0.9594520926475525 -0.14317096769809723 0.9406363368034363
0.5882971882820129 0.37971705198287964 -0.5237408876419067 0.9927922487258911
0.42213740944862366 0.9402313232421875 -0.1076747253537178 0.9457144141197205
0.581368625164032 0.8188063502311707 0.008722099475562572 0.9998412132263184
0.48490774631500244 0.8416076302528381 -0.008050206117331982 0.9992309808731079
0.6233707666397095 0.9856078028678894 -0.3647611737251282 0.9266133308410645
0.4972294569015503 1.099468469619751 -0.15740036964416504 0.8023168444633484
0.6037629246711731 1.2559032440185547 -0.0068826572969555855 0.02519131451845169
0.5030667185783386 1.292074203491211 0.21082435548305511 0.020035529509186745
0.6004809737205505 1.2893187999725342 0.026471564546227455 0.09694202244281769
0.5015525817871094 1.3235342502593994 0.24237670004367828 0.043328940868377686
0.6004884243011475 1.3488788604736328 -0.11958109587430954 0.016603879630565643
0.5175749063491821 1.3735344409942627 0.08975003659725189 0.009457672014832497
