0.5389938950538635 0.3696788549423218 -0.3325546979904175 0.9999504089355469
0.5471571087837219 0.34653574228286743 -0.30342355370521545 0.9999607801437378
0.5519294738769531 0.34729939699172974 -0.3035648763179779 0.9999681711196899
0.5565305352210999 0.3480195999145508 -0.3038853704929352 0.9999701976776123
0.5278196334838867 0.346213161945343 -0.30743950605392456 0.9999374151229858
0.5205941796302795 0.34668517112731934 -0.3073670268058777 0.9999053478240967
0.5140562057495117 0.34776800870895386 -0.30743154883384705 0.9998829364776611
0.5632385611534119 0.3602198362350464 -0.13038595020771027 0.9999868869781494
0.5065432190895081 0.3618916869163513 -0.14986678957939148 0.9999774694442749
0.5489615201950073 0.3998514413833618 -0.2657161355018616 0.9999881982803345
0.5262572169303894 0.39770054817199707 -0.27184656262397766 0.9999889135360718
0.5983368158340454 0.49049994349479675 -0.06558199226856232 0.999987006187439
0.4598540961742401 0.5019959807395935 -0.010618900880217552 0.999813973903656
0.6308342218399048 0.634049117565155 -0.2668704390525818 0.9967283010482788
0.43035948276519775 0.6895697116851807 0.07739841938018799 0.8459218740463257
0.6070722341537476 0.41778481006622314 -0.5913262963294983 0.996920108795166
0.4224090576171875 0.8609054684638977 0.028416868299245834 0.5641854405403137
0.602729082107544 0.36670398712158203 -0.6630624532699585 0.9904927611351013
0.41367307305336 0.9104922413825989 0.018161948770284653 0.4450039863586426
0.6022869944572449 0.35644811391830444 -0.6386896967887878 0.989567220211029
0.420978844165802 0.9174977540969849 -0.017277780920267105 0.4559391736984253
0.5993553996086121 0.37560445070266724 -0.5891780257225037 0.9806854724884033
0.4262036085128784 0.9001176357269287 0.01404835656285286 0.4644114375114441
0.590764045715332 0.8103642463684082 -0.0036803381517529488 0.997778594493866
0.4872969388961792 0.8258035182952881 0.004165233578532934 0.9966782331466675
0.6961238384246826 0.9888901114463806 -0.2801568806171417 0.9596928358078003
0.4136969745159149 1.0154731273651123 -0.28957101702690125 0.9410828948020935
0.6293109059333801 1.1400991678237915 0.1396407186985016 0.35284554958343506
0.4989106357097626 1.201523780822754 0.09449079632759094 0.34583431482315063
0.6109204888343811 1.1497235298156738 0.18209490180015564 0.43307194113731384
0.5154020190238953 1.2160773277282715 0.13159848749637604 0.3842257261276245
0.6286433935165405 1.237072229385376 0.0703837126493454 0.19776856899261475
0.5020362734794617 1.2873202562332153 0.005612893961369991 0.13815481960773468
