0.5402539372444153 0.374848335981369 -0.3168709874153137 0.999975323677063
0.5480785369873047 0.3517543077468872 -0.28419098258018494 0.9999806880950928
0.552612841129303 0.3525232672691345 -0.28432735800743103 0.9999849796295166
0.5572225451469421 0.3534131646156311 -0.2846708595752716 0.9999856948852539
0.5299397706985474 0.3490763306617737 -0.2922899127006531 0.9999681711196899
0.5229057669639587 0.34859251976013184 -0.2922036945819855 0.9999535083770752
0.5164079070091248 0.3486456274986267 -0.29223912954330444 0.9999397993087769
0.5619488954544067 0.36357468366622925 -0.10272073745727539 0.9999934434890747
0.5062217116355896 0.36093801259994507 -0.1417543739080429 0.9999878406524658
0.5490772128105164 0.404949426651001 -0.24737761914730072 0.999991774559021
0.5277760028839111 0.4014008343219757 -0.25906646251678467 0.9999923706054688
0.5953506231307983 0.49478963017463684 -0.033708054572343826 0.9999922513961792
0.45668137073516846 0.507148027420044 -0.0026895913761109114 0.9997765421867371
0.6316227316856384 0.6380832195281982 -0.20533598959445953 0.9963020086288452
0.4291229248046875 0.7030603885650635 0.08222883194684982 0.7962890863418579
0.6130815148353577 0.4210658073425293 -0.494522362947464 0.9967212080955505
0.424301415681839 0.8810641169548035 0.04086507856845856 0.4727453291416168
0.610984742641449 0.3688916862010956 -0.5612645745277405 0.9893263578414917
0.4144740104675293 0.9289937019348145 0.03387434408068657 0.3726179599761963
0.610642671585083 0.35634636878967285 -0.5379636883735657 0.9884450435638428
0.42291077971458435 0.9354525804519653 -0.0024148502852767706 0.3827795684337616
0.6068218946456909 0.3757420480251312 -0.49210691452026367 0.9793021082878113
0.4294500946998596 0.9191319942474365 0.026755772531032562 0.38833144307136536
0.5861303806304932 0.8046597838401794 0.0016598625807091594 0.9979202151298523
0.48340460658073425 0.823137104511261 -0.0011006512213498354 0.9961057305335999
0.6906340718269348 0.9754517674446106 -0.3080700933933258 0.9586032629013062
0.4139419198036194 1.0057262182235718 -0.3088068664073944 0.9183156490325928
0.6259609460830688 1.1412562131881714 0.0831390768289566 0.3608222007751465
0.4925989508628845 1.2044891119003296 0.07117144763469696 0.26322633028030396
0.6068217754364014 1.1541491746902466 0.12258674204349518 0.44626954197883606
0.5074691772460938 1.221421718597412 0.10775790363550186 0.30618011951446533
0.6271843314170837 1.2421879768371582 0.010132163763046265 0.19779327511787415
0.4931502938270569 1.2926198244094849 -0.016952721402049065 0.10205230116844177
