0.539190411567688 0.37181442975997925 -0.33302614092826843 0.9999749660491943
0.5472531914710999 0.34834712743759155 -0.3016608953475952 0.9999775886535645
0.551845908164978 0.3488171100616455 -0.3017963469028473 0.9999843835830688
0.5564405918121338 0.34934085607528687 -0.3021368384361267 0.9999840259552002
0.5292683839797974 0.34673112630844116 -0.3069058656692505 0.9999583959579468
0.5225449204444885 0.3465564250946045 -0.30683696269989014 0.9999465942382812
0.516425609588623 0.3465542197227478 -0.30689510703086853 0.9999247789382935
0.5620776414871216 0.36004483699798584 -0.11907739192247391 0.9999929666519165
0.506615400314331 0.359988272190094 -0.14522600173950195 0.9999867677688599
0.5484826564788818 0.40098345279693604 -0.26272067427635193 0.9999905824661255
0.5268911719322205 0.3981930911540985 -0.27074337005615234 0.9999905824661255
0.6013612747192383 0.49376022815704346 -0.04196422919631004 0.9999910593032837
0.46025940775871277 0.5043858289718628 0.006328985560685396 0.9997889399528503
0.6368356347084045 0.6411128044128418 -0.22836169600486755 0.99428790807724
0.43182843923568726 0.6913679242134094 0.12764903903007507 0.7888339161872864
0.6220875382423401 0.4227468967437744 -0.5477479100227356 0.9946840405464172
0.4219836890697479 0.8634267449378967 0.12754365801811218 0.4534667134284973
0.6197561621665955 0.3684411644935608 -0.6188939809799194 0.9834765195846558
0.4168652594089508 0.9139392375946045 0.12774676084518433 0.33583059906959534
0.6205018758773804 0.3538777828216553 -0.5951683521270752 0.9826006293296814
0.4217897355556488 0.9185066223144531 0.08971229195594788 0.3462196886539459
0.6170557737350464 0.3748732805252075 -0.5465898513793945 0.9694378972053528
0.42810481786727905 0.9000988602638245 0.11390907317399979 0.3510652184486389
0.5895650386810303 0.8076649904251099 -0.004771159961819649 0.9980740547180176
0.4852862060070038 0.8212448954582214 0.005374929402023554 0.9965838193893433
0.6888550519943237 0.9812760949134827 -0.31672221422195435 0.9300435781478882
0.4206426441669464 1.006419062614441 -0.3165284991264343 0.9112247824668884
0.6173495650291443 1.1809067726135254 0.11252845823764801 0.28257396817207336
0.48197588324546814 1.2413358688354492 0.06576003134250641 0.3084602355957031
0.5985708832740784 1.1957626342773438 0.15480758249759674 0.40458816289901733
0.4948385953903198 1.264106273651123 0.10155721753835678 0.3636612892150879
0.616619884967804 1.2868077754974365 0.030012032017111778 0.1516270935535431
0.4811263978481293 1.3407046794891357 -0.0429045669734478 0.11636187881231308
