0.5400872826576233 0.36817729473114014 -0.36340102553367615 0.9999622106552124
0.5477045178413391 0.3445633053779602 -0.33334866166114807 0.9999719858169556
0.551428496837616 0.3449975252151489 -0.33348557353019714 0.999976396560669
0.5557566285133362 0.3451845645904541 -0.33378809690475464 0.9999792575836182
0.5298143029212952 0.34512585401535034 -0.3388270139694214 0.999958872795105
0.5224336385726929 0.3459450602531433 -0.3387334644794464 0.9999427795410156
0.5157214403152466 0.34680336713790894 -0.33880239725112915 0.9999287128448486
0.5620654821395874 0.3579099178314209 -0.16270391643047333 0.9999862909317017
0.5061824917793274 0.3625633120536804 -0.19004325568675995 0.9999746084213257
0.5492191314697266 0.39625686407089233 -0.2986583411693573 0.9999923706054688
0.5280107259750366 0.3967116177082062 -0.30678823590278625 0.9999923706054688
0.6074349284172058 0.498603492975235 -0.08860182017087936 0.9999898672103882
0.45800191164016724 0.506711483001709 -0.06815975159406662 0.9998780488967896
0.6367512345314026 0.7015873789787292 -0.2550111711025238 0.9950010180473328
0.42838069796562195 0.7053345441818237 -0.03481052815914154 0.8906285762786865
0.6201008558273315 0.530361533164978 -0.576236367225647 0.9948391318321228
0.42413660883903503 0.8628954887390137 -0.13776512444019318 0.5979540944099426
0.6053522825241089 0.497725248336792 -0.6431853771209717 0.9851926565170288
0.41777414083480835 0.9118459224700928 -0.15696454048156738 0.4850499927997589
0.6030786633491516 0.4796045422554016 -0.6204280853271484 0.9844637513160706
0.4247283339500427 0.9121217727661133 -0.18790429830551147 0.4957309365272522
0.603992223739624 0.49276095628738403 -0.5738651156425476 0.9735630750656128
0.42970162630081177 0.8935438990592957 -0.15139931440353394 0.4958319664001465
0.5889183878898621 0.8054561018943787 0.009435231797397137 0.9975391626358032
0.48933881521224976 0.8149909377098083 -0.009069714695215225 0.9958134293556213
0.6849792003631592 0.9739532470703125 -0.26501259207725525 0.8943136930465698
0.4239695370197296 0.9890072345733643 -0.2491179257631302 0.8313063979148865
0.6203879714012146 1.085256814956665 0.18398047983646393 0.11719450354576111
0.48406317830085754 1.1520085334777832 0.11277203261852264 0.13884733617305756
0.6045060753822327 1.07868492603302 0.2318299561738968 0.17530375719070435
0.4945755898952484 1.1653846502304077 0.1495336890220642 0.14504092931747437
0.6108911633491516 1.1769791841506958 0.1640348732471466 0.07306487113237381
0.48915794491767883 1.2418485879898071 0.04707123711705208 0.06975417584180832
