0.5666599273681641 0.3784676492214203 -0.4319278597831726 0.9984320998191833
0.576334536075592 0.36119404435157776 -0.41233009099960327 0.9979677796363831
0.5815348029136658 0.36241209506988525 -0.412323534488678 0.9972942471504211
0.5862518548965454 0.36400991678237915 -0.41249924898147583 0.9959508180618286
0.559379518032074 0.3592097759246826 -0.4063774049282074 0.9976975321769714
0.5538316965103149 0.35910189151763916 -0.4065203070640564 0.9972981810569763
0.5491376519203186 0.3591934144496918 -0.4066081643104553 0.9964938759803772
0.5948320627212524 0.3789879381656647 -0.2963913679122925 0.997183084487915
0.5404072999954224 0.3718280792236328 -0.2684843838214874 0.9983401298522949
0.5755160450935364 0.4062122106552124 -0.3897078335285187 0.9996612071990967
0.5557655096054077 0.4020920693874359 -0.38209617137908936 0.9995341300964355
0.6260601878166199 0.5202698707580566 -0.2354007512331009 0.9991255402565002
0.5049506425857544 0.516416072845459 -0.18806518614292145 0.9982660412788391
0.6895705461502075 0.6889536380767822 -0.49584728479385376 0.9965429902076721
0.4440431296825409 0.6810209155082703 -0.404669851064682 0.9923629760742188
0.6433766484260559 0.5190341472625732 -0.793883740901947 0.9963611960411072
0.48703524470329285 0.5255215167999268 -0.6908520460128784 0.9977561831474304
0.6287305355072021 0.47589749097824097 -0.8434783816337585 0.9827598333358765
0.4952501058578491 0.4798416197299957 -0.7311680316925049 0.9894030094146729
0.6264671087265015 0.45966657996177673 -0.8001273274421692 0.978456974029541
0.49651575088500977 0.46202707290649414 -0.6969415545463562 0.9861689805984497
0.6256547570228577 0.4723588824272156 -0.7804354429244995 0.9689156413078308
0.49714699387550354 0.4763154089450836 -0.681630551815033 0.9806302189826965
0.6060619354248047 0.7957298159599304 -0.008759330958127975 0.9995005130767822
0.5297414660453796 0.801101803779602 0.008702718652784824 0.9997192025184631
0.6215692162513733 1.0176498889923096 -0.16021820902824402 0.5734615921974182
0.5111721158027649 0.9774892330169678 -0.07628869265317917 0.35346361994743347
0.6261508464813232 1.0462071895599365 0.2933317720890045 0.0010530214058235288
0.5282103419303894 1.063116431236267 0.3205786645412445 0.0018009594641625881
0.624127209186554 1.0471925735473633 0.3404429852962494 0.005970830097794533
0.5327261686325073 1.0809015035629272 0.3611238896846771 0.002872327109798789
0.6308022141456604 1.112246036529541 0.3176184594631195 0.001564724720083177
0.5233754515647888 1.132656216621399 0.3256702721118927 0.0026479444932192564
