0.5672723650932312 0.3837767243385315 -0.4980938136577606 0.9996137022972107
0.5773804783821106 0.3636298179626465 -0.46963050961494446 0.9994327425956726
0.5823732018470764 0.3647187352180481 -0.4696667790412903 0.9993082284927368
0.5871018767356873 0.3659209907054901 -0.4698787331581116 0.9989631175994873
0.5588500499725342 0.3622470796108246 -0.4690335690975189 0.9992762207984924
0.5525752305984497 0.36234351992607117 -0.46921542286872864 0.9992066025733948
0.5480060577392578 0.36257773637771606 -0.4692889153957367 0.9989711046218872
0.5962064862251282 0.3817918002605438 -0.31168386340141296 0.9991894364356995
0.5401915907859802 0.376615047454834 -0.31086933612823486 0.9992974996566772
0.5759332180023193 0.4139534533023834 -0.441299170255661 0.9999135732650757
0.5549565553665161 0.4109577536582947 -0.44145888090133667 0.999893307685852
0.6262252926826477 0.5258035659790039 -0.22300562262535095 0.9989608526229858
0.5028980374336243 0.529446005821228 -0.20289774239063263 0.9980102181434631
0.6872879862785339 0.7307657599449158 -0.46401840448379517 0.9934635162353516
0.4450564682483673 0.7205852270126343 -0.42059338092803955 0.9903069734573364
0.6771141290664673 0.6094658374786377 -0.7946558594703674 0.9912376403808594
0.46784722805023193 0.6018271446228027 -0.7722669243812561 0.9972966313362122
0.677402675151825 0.5584155321121216 -0.8499876260757446 0.9591392874717712
0.4637870490550995 0.5540897250175476 -0.8206793069839478 0.9900683760643005
0.6696819067001343 0.5430763959884644 -0.8141145706176758 0.9531584978103638
0.46700313687324524 0.5389691591262817 -0.7950641512870789 0.9881139397621155
0.6628719568252563 0.5625554323196411 -0.7855109572410583 0.9355756640434265
0.47077226638793945 0.5508778691291809 -0.7672126293182373 0.9814701676368713
0.6121148467063904 0.8222888708114624 -0.002232437254860997 0.9983910918235779
0.5292550325393677 0.8236459493637085 0.0023345050867646933 0.998968243598938
0.632486879825592 1.0025451183319092 -0.285471647977829 0.5682541131973267
0.5187036991119385 0.9968821406364441 -0.15997003018856049 0.36004316806793213
0.6155298352241516 1.1077874898910522 0.12390411645174026 0.0027114900294691324
0.5201542377471924 1.129597783088684 0.2739270031452179 0.004987908527255058
0.6096207499504089 1.1272437572479248 0.16179518401622772 0.01687733829021454
0.5223798751831055 1.1556591987609863 0.31252723932266235 0.004266682080924511
0.614244818687439 1.180394172668457 0.060258738696575165 0.006595340091735125
0.5186277031898499 1.2047463655471802 0.2076849788427353 0.006934561766684055
