0.565649151802063 0.3783280551433563 -0.41197988390922546 0.9999995231628418
0.5762658715248108 0.35994309186935425 -0.3828611969947815 0.9999982118606567
0.5815627574920654 0.360013872385025 -0.3829125463962555 0.9999983310699463
0.5869300961494446 0.36081817746162415 -0.3830186426639557 0.9999973773956299
0.557827353477478 0.36124953627586365 -0.38359373807907104 0.9999980926513672
0.5509967803955078 0.36256223917007446 -0.38371309638023376 0.9999982118606567
0.5458502173423767 0.3641328513622284 -0.3838145434856415 0.999997615814209
0.5970093011856079 0.3771229386329651 -0.2380368411540985 0.9999985694885254
0.5396125316619873 0.37902870774269104 -0.24285206198692322 0.9999985694885254
0.5753218531608582 0.4103095829486847 -0.36053937673568726 0.9999998807907104
0.5545205473899841 0.4083544909954071 -0.3619759976863861 0.9999998807907104
0.6264592409133911 0.5449132919311523 -0.1649589091539383 0.9999842643737793
0.4992235600948334 0.5316883325576782 -0.16440071165561676 0.9999215602874756
0.6556426286697388 0.712346076965332 -0.19548627734184265 0.9990172386169434
0.4696022570133209 0.7070448398590088 -0.22643502056598663 0.9942980408668518
0.6520841717720032 0.8070374727249146 -0.3746156096458435 0.9956991672515869
0.4955374300479889 0.8010895848274231 -0.44271641969680786 0.9868565201759338
0.6585833430290222 0.857500433921814 -0.42775440216064453 0.9869315028190613
0.4951096773147583 0.8462015390396118 -0.4946577847003937 0.9691428542137146
0.6416581273078918 0.843126654624939 -0.44342270493507385 0.9883452653884888
0.513310968875885 0.8381509780883789 -0.5075495839118958 0.9721417427062988
0.6365302801132202 0.8270834684371948 -0.3826819360256195 0.9860817193984985
0.516357421875 0.8226310610771179 -0.4507385492324829 0.9650661945343018
0.6039044857025146 0.7970979809761047 0.007270419038832188 0.9987773299217224
0.5211134552955627 0.8104822039604187 -0.006941751576960087 0.9991989731788635
0.6447358727455139 0.9632652997970581 -0.3049953579902649 0.9180619120597839
0.513346254825592 0.9868247509002686 -0.3759852945804596 0.9236470460891724
0.6445263028144836 1.1400784254074097 0.06883689761161804 0.27328237891197205
0.5284144282341003 1.1783443689346313 -0.04417673498392105 0.5682506561279297
0.6391710638999939 1.1652427911758423 0.09756603091955185 0.4163040518760681
0.5323598384857178 1.2084821462631226 -0.018322747200727463 0.3958630859851837
0.6553658246994019 1.2223734855651855 -0.03851719945669174 0.1763380616903305
0.5285851359367371 1.2584271430969238 -0.1797904521226883 0.3694188594818115
