0.566012978553772 0.37750598788261414 -0.36410924792289734 0.9999994039535522
0.5763645172119141 0.359351247549057 -0.3352372348308563 0.9999977350234985
0.5816665887832642 0.3596399128437042 -0.3352757394313812 0.999997615814209
0.587088406085968 0.3607752323150635 -0.3353758156299591 0.9999967813491821
0.5581700801849365 0.36059194803237915 -0.3369280695915222 0.999997615814209
0.5514286756515503 0.3620959222316742 -0.33705762028694153 0.9999979734420776
0.5461807250976562 0.3637535870075226 -0.3371872007846832 0.9999977350234985
0.5970994234085083 0.37778908014297485 -0.19425082206726074 0.9999978542327881
0.5401926636695862 0.379070907831192 -0.20228298008441925 0.9999985694885254
0.575725257396698 0.40952515602111816 -0.31392356753349304 0.9999998807907104
0.5549190044403076 0.407556414604187 -0.3161981999874115 0.9999998807907104
0.6266663670539856 0.5445645451545715 -0.12140556424856186 0.9999842643737793
0.5006406307220459 0.5305136442184448 -0.14241079986095428 0.9999246597290039
0.6552493572235107 0.7145792841911316 -0.13423343002796173 0.9988688826560974
0.4705619812011719 0.7124840021133423 -0.19250188767910004 0.997072696685791
0.6504426598548889 0.8115847110748291 -0.2829209566116333 0.9950345754623413
0.5009666681289673 0.8159493803977966 -0.36579006910324097 0.9930340051651001
0.656440019607544 0.8632259964942932 -0.3295634090900421 0.981196403503418
0.49962905049324036 0.8639857172966003 -0.41300836205482483 0.978175938129425
0.6386198401451111 0.8501453995704651 -0.3431897759437561 0.983721911907196
0.5196831226348877 0.8559366464614868 -0.4267112910747528 0.9807437062263489
0.6328353881835938 0.8348162174224854 -0.29024097323417664 0.9830695390701294
0.5229111909866333 0.839919924736023 -0.37301018834114075 0.9776464104652405
0.6041808724403381 0.8122233152389526 0.011111357249319553 0.999617338180542
0.5195784568786621 0.8224531412124634 -0.010711188428103924 0.9996906518936157
0.6328257322311401 1.019392490386963 -0.27314648032188416 0.8956427574157715
0.5255336761474609 0.9918461441993713 -0.361979603767395 0.9083913564682007
0.6194573044776917 1.1808586120605469 0.08347069472074509 0.14633788168430328
0.5385991930961609 1.1870163679122925 -0.027560796588659286 0.3475019037723541
0.6147746443748474 1.2060546875 0.11170361936092377 0.28287431597709656
0.5398577451705933 1.2184383869171143 0.0008400226361118257 0.2427179515361786
0.6193959712982178 1.2663724422454834 -0.018166454508900642 0.12116590142250061
0.5445591807365417 1.2642096281051636 -0.14124402403831482 0.2701228857040405
