0.547860324382782 0.3375585079193115 -0.25638219714164734 0.9999169111251831
0.5567359328269958 0.3148614764213562 -0.22937116026878357 0.9999619722366333
0.5614885687828064 0.31489676237106323 -0.22936207056045532 0.999942421913147
0.5665517449378967 0.3150049149990082 -0.22952522337436676 0.999951958656311
0.5384970307350159 0.3149948716163635 -0.23269794881343842 0.9999567270278931
0.5325507521629333 0.31472861766815186 -0.23264746367931366 0.9999264478683472
0.5268999934196472 0.3147420287132263 -0.2326926589012146 0.9999357461929321
0.5729288458824158 0.32831674814224243 -0.08361658453941345 0.9999610185623169
0.5192572474479675 0.3282814919948578 -0.09666243940591812 0.9999390840530396
0.5577439069747925 0.363984078168869 -0.2016395777463913 0.9999895095825195
0.536296010017395 0.3632931411266327 -0.20557399094104767 0.9999887943267822
0.6063504815101624 0.4691069722175598 -0.013398820534348488 0.9999642372131348
0.47882983088493347 0.46483415365219116 -0.0600350946187973 0.9999135732650757
0.6495727300643921 0.6620413064956665 -0.18424732983112335 0.9954478144645691
0.434591680765152 0.6491925716400146 -0.24340830743312836 0.9909451007843018
0.6136327385902405 0.5291336178779602 -0.475517213344574 0.9958785772323608
0.47441232204437256 0.5327494144439697 -0.49531129002571106 0.9940881729125977
0.5976797938346863 0.4924940764904022 -0.5247085690498352 0.9865518808364868
0.489721417427063 0.499214231967926 -0.5373035073280334 0.9797128438949585
0.6011447906494141 0.4699806869029999 -0.49800121784210205 0.9847890138626099
0.49083954095840454 0.4740535020828247 -0.5176185369491577 0.9753089547157288
0.6014547348022461 0.4827578365802765 -0.4693983197212219 0.9790822267532349
0.4900363087654114 0.4836442172527313 -0.49011191725730896 0.9676499962806702
0.5869271159172058 0.769921600818634 0.03226439654827118 0.9999263286590576
0.4949415326118469 0.7707244157791138 -0.03222077339887619 0.9998064637184143
0.635812520980835 0.9657113552093506 -0.2008494883775711 0.9184054732322693
0.48444297909736633 0.9798480868339539 -0.11870057135820389 0.7467886209487915
0.5955411195755005 0.9402780532836914 0.1922801434993744 0.015566028654575348
0.4761800169944763 0.9747704267501831 0.287244975566864 0.0044634658843278885
0.5865384340286255 0.918488621711731 0.24013572931289673 0.03196566551923752
0.46249690651893616 0.9051681160926819 0.3354402482509613 0.008144572377204895
0.5779259204864502 0.9784588813781738 0.24074622988700867 0.0167084950953722
0.48785075545310974 1.0057423114776611 0.343880832195282 0.006384595762938261
