0.5478928685188293 0.3364047408103943 -0.4221193194389343 0.9999213218688965
0.557235836982727 0.31319737434387207 -0.3958931565284729 0.9999473094940186
0.5622907280921936 0.3133736550807953 -0.3958851993083954 0.9999351501464844
0.5674957036972046 0.3138267397880554 -0.3960671126842499 0.9999219179153442
0.5378409624099731 0.31283000111579895 -0.3987722396850586 0.999941349029541
0.5315823554992676 0.3128587305545807 -0.39878979325294495 0.9999252557754517
0.5257737040519714 0.31343117356300354 -0.39884138107299805 0.999911904335022
0.5737912058830261 0.3251832127571106 -0.2397989183664322 0.9999489784240723
0.5176346302032471 0.326350599527359 -0.2518019676208496 0.9999474287033081
0.5573281049728394 0.36353063583374023 -0.3634767532348633 0.9999933242797852
0.5359556078910828 0.3644956052303314 -0.36710014939308167 0.9999938011169434
0.6088152527809143 0.46886032819747925 -0.1542854905128479 0.9999555349349976
0.4750426411628723 0.4700424075126648 -0.18480518460273743 0.9999134540557861
0.6536428332328796 0.6631952524185181 -0.36036446690559387 0.9968247413635254
0.4265587627887726 0.6536538600921631 -0.3965801000595093 0.992449164390564
0.6248815655708313 0.5367385745048523 -0.7064797282218933 0.9971262812614441
0.4592282474040985 0.5529137253761292 -0.7217838764190674 0.9954968690872192
0.6127020120620728 0.5010237693786621 -0.7726064324378967 0.9912900924682617
0.4723832905292511 0.5187318325042725 -0.7802813053131104 0.9882232546806335
0.6152698993682861 0.47565144300460815 -0.7468233108520508 0.9900824427604675
0.47272804379463196 0.4957044720649719 -0.7647207975387573 0.9862435460090637
0.6150197982788086 0.4864637553691864 -0.7028621435165405 0.9846617579460144
0.4723029136657715 0.5031844973564148 -0.7207089066505432 0.9797648191452026
0.5893037915229797 0.7772537469863892 0.02223178558051586 0.999789297580719
0.49464860558509827 0.7759016156196594 -0.022120187059044838 0.9996541738510132
0.6330535411834717 0.9715876579284668 -0.2553071975708008 0.8674846887588501
0.4770872890949249 0.963636040687561 -0.20598448812961578 0.6630092859268188
0.5995186567306519 0.9665377140045166 0.19105976819992065 0.012742512859404087
0.4740598797798157 0.9932783246040344 0.24703764915466309 0.004933989606797695
0.5905161499977112 0.951815128326416 0.2406129539012909 0.029119914397597313
0.4714978337287903 0.9957602024078369 0.29625990986824036 0.009006287902593613
0.5854558348655701 1.0160406827926636 0.2154902070760727 0.014220749028027058
0.482485830783844 1.035712718963623 0.27067577838897705 0.006892235483974218
