0.5485826134681702 0.3394325375556946 -0.5916290879249573 0.9999402761459351
0.5572508573532104 0.315671443939209 -0.5644189119338989 0.9999160766601562
0.5622602105140686 0.315815806388855 -0.5644466876983643 0.9999216794967651
0.5671045184135437 0.31605857610702515 -0.5647050142288208 0.9998716115951538
0.538853108882904 0.3148508071899414 -0.5673549175262451 0.9999234676361084
0.5321817994117737 0.3142974376678467 -0.5673941373825073 0.999925971031189
0.5262956619262695 0.3139931559562683 -0.5674394965171814 0.9998799562454224
0.5725683569908142 0.3273293972015381 -0.39303359389305115 0.9999223947525024
0.5179615616798401 0.3258543610572815 -0.4078247845172882 0.9999545812606812
0.5577021837234497 0.36538708209991455 -0.5269669890403748 0.9999926090240479
0.5369068384170532 0.36533215641975403 -0.5315760374069214 0.9999953508377075
0.6101444363594055 0.46374833583831787 -0.29427969455718994 0.9998911619186401
0.4747546315193176 0.4676983952522278 -0.3111901879310608 0.999864935874939
0.6567151546478271 0.6623651385307312 -0.5316479206085205 0.997027575969696
0.42517825961112976 0.6562751531600952 -0.5630024075508118 0.9944498538970947
0.6307960152626038 0.5466973781585693 -0.8940903544425964 0.9971773624420166
0.4534487724304199 0.5558862686157227 -0.9448161721229553 0.9967131614685059
0.6203625798225403 0.5110118985176086 -0.9618980288505554 0.9923604130744934
0.4659425616264343 0.5220597386360168 -1.0124133825302124 0.9916833639144897
0.6220346093177795 0.48325133323669434 -0.9348108172416687 0.9912188649177551
0.4658367931842804 0.49690088629722595 -0.9864059090614319 0.9898681640625
0.6216049194335938 0.4961005747318268 -0.8896799087524414 0.9837612509727478
0.46549251675605774 0.5056822896003723 -0.9409690499305725 0.9809174537658691
0.5884343981742859 0.7730000019073486 0.02200768142938614 0.9976491332054138
0.49525848031044006 0.7722578048706055 -0.02180548757314682 0.9981175661087036
0.6387318968772888 0.9600812196731567 -0.369378924369812 0.8739538788795471
0.504020631313324 0.9275571703910828 -0.43468794226646423 0.7600399851799011
0.6067517399787903 0.9813934564590454 0.1438322514295578 0.011617849580943584
0.4870697855949402 1.0256739854812622 0.04459793493151665 0.01416266243904829
0.5966854691505432 0.97265625 0.19570572674274445 0.026183422654867172
0.48751381039619446 1.0342906713485718 0.09186364710330963 0.016113901510834694
0.5972896814346313 1.0507888793945312 0.13789114356040955 0.00873351190239191
0.4951801002025604 1.0957231521606445 0.0015699496725574136 0.010401759296655655
