0.5457371473312378 0.3593655526638031 -0.2657322883605957 0.9999910593032837
0.552209734916687 0.33702778816223145 -0.2382141500711441 0.9999938011169434
0.5567659735679626 0.33765459060668945 -0.23829731345176697 0.9999921321868896
0.5617774724960327 0.33873432874679565 -0.2385013997554779 0.9999920129776001
0.5348733067512512 0.33597034215927124 -0.24152515828609467 0.9999935626983643
0.5277457237243652 0.3362964987754822 -0.24148792028427124 0.9999904632568359
0.521216630935669 0.3372020125389099 -0.24152933061122894 0.9999904632568359
0.5670884847640991 0.3518468737602234 -0.08255009353160858 0.9999938011169434
0.5121928453445435 0.3529905676841736 -0.0991174504160881 0.9999947547912598
0.5533016920089722 0.3912743031978607 -0.20767076313495636 0.9999980926513672
0.5330231189727783 0.39064618945121765 -0.21273651719093323 0.9999984502792358
0.6021506190299988 0.5025477409362793 0.013235288672149181 0.9999538660049438
0.46807754039764404 0.49417418241500854 -0.02774639055132866 0.9999349117279053
0.6398042440414429 0.6837269067764282 -0.11266015470027924 0.9724803566932678
0.4304776191711426 0.6574288606643677 -0.15259775519371033 0.9887797832489014
0.6283360123634338 0.6450725197792053 -0.45104801654815674 0.9787716269493103
0.46473053097724915 0.6930669546127319 -0.425982803106308 0.9787240028381348
0.6189889311790466 0.6248351335525513 -0.518135130405426 0.9589431285858154
0.47840026021003723 0.7095917463302612 -0.4752507507801056 0.956387996673584
0.619108259677887 0.5961865186691284 -0.5080758333206177 0.9576824903488159
0.484491765499115 0.6834462881088257 -0.4759213328361511 0.9537353515625
0.6174649000167847 0.5982940196990967 -0.4533020257949829 0.9411347508430481
0.48138150572776794 0.6748638153076172 -0.4291471838951111 0.9432754516601562
0.5921691656112671 0.8046806454658508 0.018510380759835243 0.9991725087165833
0.4939665198326111 0.8141153454780579 -0.01804177649319172 0.9976456761360168
0.6796218752861023 0.9576712250709534 -0.37362393736839294 0.9391850233078003
0.4568430483341217 1.0446633100509644 -0.15331107378005981 0.8334333896636963
0.6318926215171814 1.1769471168518066 -0.17635686695575714 0.25207939743995667
0.49075448513031006 1.1553521156311035 0.17984220385551453 0.046064168214797974
0.6138390898704529 1.2036917209625244 -0.15828990936279297 0.3759857714176178
0.5019065737724304 1.1737401485443115 0.21182945370674133 0.05852220952510834
0.6460118889808655 1.2725878953933716 -0.28233596682548523 0.17261919379234314
0.48328208923339844 1.2181711196899414 0.12779781222343445 0.02151234820485115
