0.5461627244949341 0.3574451506137848 -0.462049663066864 0.999984622001648
0.5525489449501038 0.335445761680603 -0.4350197911262512 0.999990701675415
0.5572904348373413 0.33645474910736084 -0.43510177731513977 0.9999901056289673
0.5618032217025757 0.33768022060394287 -0.43533626198768616 0.9999876022338867
0.5356295704841614 0.33305466175079346 -0.4416942596435547 0.9999886751174927
0.5281075239181519 0.33310651779174805 -0.4416601359844208 0.9999862909317017
0.5215929746627808 0.33407020568847656 -0.44169291853904724 0.9999834299087524
0.5660765767097473 0.34977155923843384 -0.26816076040267944 0.9999922513961792
0.5107855200767517 0.34970778226852417 -0.30208873748779297 0.9999945163726807
0.553374707698822 0.3907938599586487 -0.39937251806259155 0.9999983310699463
0.5337618589401245 0.3914702534675598 -0.40936654806137085 0.9999986886978149
0.6012814044952393 0.5026964545249939 -0.1656218320131302 0.9999562501907349
0.46385401487350464 0.495790034532547 -0.2092364877462387 0.9999107122421265
0.6415734887123108 0.6886307001113892 -0.3328756093978882 0.9939079284667969
0.43417131900787354 0.6667670011520386 -0.362756609916687 0.9850837588310242
0.6174097061157227 0.6063370704650879 -0.7124180197715759 0.993134617805481
0.4714970588684082 0.6704748272895813 -0.6747028827667236 0.9657347798347473
0.600462794303894 0.5845359563827515 -0.7879087328910828 0.9863020181655884
0.49150675535202026 0.682386040687561 -0.7365556359291077 0.9440468549728394
0.5979162454605103 0.5480278730392456 -0.7721737027168274 0.9852050542831421
0.49485042691230774 0.6526848077774048 -0.7307573556900024 0.9392808079719543
0.598220705986023 0.5512866973876953 -0.7130769491195679 0.9731623530387878
0.4909193813800812 0.6466178894042969 -0.6768783926963806 0.9122908115386963
0.59257572889328 0.80213862657547 0.01926307938992977 0.9984240531921387
0.4940849840641022 0.8147006034851074 -0.01914829947054386 0.9970152378082275
0.6852303743362427 0.9644845724105835 -0.27240803837776184 0.9530219435691833
0.4219847619533539 1.0006797313690186 -0.26866844296455383 0.8915289640426636
0.6287943124771118 1.0875332355499268 0.09257953613996506 0.27691754698753357
0.5111105442047119 1.0615471601486206 0.12342711538076401 0.07760106772184372
0.610141396522522 1.0908700227737427 0.12886002659797668 0.2887212038040161
0.5233123898506165 1.0577410459518433 0.1640896499156952 0.09277918934822083
0.6353393197059631 1.179892659187317 0.050852008163928986 0.17179150879383087
0.5229837894439697 1.1181572675704956 0.09677354246377945 0.04204653948545456
