0.5469087362289429 0.3632965087890625 -0.411873459815979 0.999944806098938
0.5532646775245667 0.3393828272819519 -0.3894248902797699 0.9999691247940063
0.5574260354042053 0.3401781916618347 -0.3894774615764618 0.999964714050293
0.5625540614128113 0.3410971760749817 -0.389654278755188 0.9999654293060303
0.5371749997138977 0.33832699060440063 -0.3929632008075714 0.9999666213989258
0.5291162729263306 0.3390403985977173 -0.39292097091674805 0.9999567270278931
0.5218958854675293 0.340299129486084 -0.3930024802684784 0.9999592304229736
0.5673484802246094 0.3526180386543274 -0.23955194652080536 0.999968409538269
0.5107607841491699 0.35447466373443604 -0.25623640418052673 0.9999710321426392
0.5535424947738647 0.39389288425445557 -0.35361164808273315 0.9999873638153076
0.5333648920059204 0.3940562903881073 -0.35849204659461975 0.9999905824661255
0.6087183356285095 0.49514657258987427 -0.15211264789104462 0.9998853206634521
0.46569499373435974 0.49299395084381104 -0.1831056922674179 0.9998099207878113
0.6282116770744324 0.6937961578369141 -0.289328396320343 0.9952084422111511
0.4458054006099701 0.6818296909332275 -0.32781070470809937 0.9917673468589783
0.5866901278495789 0.5639514327049255 -0.5987643003463745 0.996487021446228
0.5212888717651367 0.627439022064209 -0.5742312073707581 0.9910218119621277
0.5707818269729614 0.5359457731246948 -0.655867338180542 0.9912527203559875
0.5440200567245483 0.619414746761322 -0.6234005689620972 0.9775704145431519
0.5745790004730225 0.5002902746200562 -0.637431263923645 0.9904577732086182
0.5422731041908264 0.590294361114502 -0.6046634316444397 0.9744061231613159
0.5758360028266907 0.5062699913978577 -0.5952385067939758 0.9846578240394592
0.5387723445892334 0.5887871980667114 -0.5685415267944336 0.9648996591567993
0.594813346862793 0.8091226816177368 0.015331591479480267 0.9961993098258972
0.4922066926956177 0.8149638175964355 -0.015264890156686306 0.9953378438949585
0.6871162056922913 0.9789170026779175 -0.19647791981697083 0.9625027775764465
0.4226735830307007 1.0066546201705933 -0.19756637513637543 0.9282335638999939
0.6072622537612915 0.973732054233551 0.2314763218164444 0.09660913795232773
0.5080101490020752 1.0048896074295044 0.15967561304569244 0.07869033515453339
0.590518593788147 0.9415984153747559 0.28064027428627014 0.09560492634773254
0.5198879837989807 0.9896354675292969 0.20165885984897614 0.0766272023320198
0.5820925831794739 1.044684648513794 0.28459227085113525 0.06572670489549637
0.5259882807731628 1.0514627695083618 0.1849462389945984 0.04528653994202614
