0.5421943068504333 0.3676932454109192 -0.4750382602214813 0.999254047870636
0.5496225953102112 0.3428022265434265 -0.4499203860759735 0.9995455145835876
0.5537103414535522 0.3436334729194641 -0.45007529854774475 0.9995905756950378
0.5574384331703186 0.34405267238616943 -0.4503483772277832 0.9995883107185364
0.5328271389007568 0.34208035469055176 -0.45468229055404663 0.999319314956665
0.5266858339309692 0.34200626611709595 -0.4547572433948517 0.9993065595626831
0.5202891230583191 0.34171634912490845 -0.45491915941238403 0.9992456436157227
0.5642082095146179 0.3542829155921936 -0.2770877480506897 0.9996278285980225
0.5086397528648376 0.353725790977478 -0.29971763491630554 0.9994192123413086
0.5508034825325012 0.3951473832130432 -0.4075556695461273 0.9998273253440857
0.5305895805358887 0.39603108167648315 -0.4142818748950958 0.9997937083244324
0.6051501631736755 0.4918869137763977 -0.16926302015781403 0.9998183846473694
0.4635714888572693 0.4917736351490021 -0.2008349746465683 0.9993133544921875
0.6348537802696228 0.7014573812484741 -0.3113814890384674 0.9863176345825195
0.44430992007255554 0.6913496255874634 -0.3805249035358429 0.9843677878379822
0.5890946984291077 0.6219406723976135 -0.6688728928565979 0.9841023087501526
0.5209462642669678 0.6369515657424927 -0.6899188756942749 0.9879699945449829
0.5730252861976624 0.6024195551872253 -0.7450096607208252 0.9659923315048218
0.5450981855392456 0.6250588893890381 -0.7540148496627808 0.9692326784133911
0.5726811289787292 0.5682878494262695 -0.7281501293182373 0.9683690071105957
0.5414432883262634 0.5949196815490723 -0.7384290099143982 0.9677190780639648
0.574150025844574 0.5717065334320068 -0.6677623987197876 0.9514963626861572
0.5367998480796814 0.5969212055206299 -0.6870256662368774 0.95475834608078
0.5914826989173889 0.8114242553710938 0.011815247125923634 0.9868707656860352
0.48976612091064453 0.8246637582778931 -0.011575532145798206 0.9726406335830688
0.6889466047286987 0.9791827201843262 -0.24746645987033844 0.8719701766967773
0.42946857213974 1.022341251373291 -0.18598432838916779 0.8191000819206238
0.6383386254310608 1.174206256866455 0.1646692305803299 0.16140416264533997
0.4692559242248535 1.175906777381897 0.2297597974538803 0.06342655420303345
0.6260716319084167 1.1918736696243286 0.20449642837047577 0.13116545975208282
0.4734954237937927 1.1816773414611816 0.27168843150138855 0.04704710468649864
0.6401442289352417 1.2572367191314697 0.09576202929019928 0.06972669810056686
0.48159754276275635 1.246860146522522 0.16922062635421753 0.022763747721910477
