0.54563307762146 0.3595588803291321 -0.4458007216453552 0.9996956586837769
0.5520708560943604 0.33609259128570557 -0.41896411776542664 0.9997987151145935
0.5561172366142273 0.33702415227890015 -0.41910842061042786 0.9998006224632263
0.5609766244888306 0.33793193101882935 -0.4193643033504486 0.9997894167900085
0.5351086258888245 0.33456748723983765 -0.4228948950767517 0.9997615218162537
0.5280585289001465 0.3350837230682373 -0.42289403080940247 0.9997264742851257
0.5216931104660034 0.3364567160606384 -0.42299917340278625 0.9997045397758484
0.5662654638290405 0.3506726622581482 -0.24988894164562225 0.9998242259025574
0.5106627941131592 0.3521190881729126 -0.26853781938552856 0.9997929930686951
0.5533307790756226 0.3898155987262726 -0.380794882774353 0.9999333620071411
0.5327643156051636 0.3881673812866211 -0.38630762696266174 0.9999350309371948
0.6085081696510315 0.494003564119339 -0.15179088711738586 0.9997265934944153
0.464813768863678 0.49556705355644226 -0.17479117214679718 0.9992408752441406
0.6329322457313538 0.6972795724868774 -0.2952260971069336 0.988153874874115
0.44390180706977844 0.6823028326034546 -0.3439481556415558 0.9783343076705933
0.5868669748306274 0.6086146831512451 -0.6436744928359985 0.9876989126205444
0.5188372731208801 0.6545701026916504 -0.6518353819847107 0.97702956199646
0.5699155330657959 0.584669828414917 -0.714944064617157 0.975951075553894
0.5398656725883484 0.651207685470581 -0.7136144638061523 0.9539613127708435
0.5716201066970825 0.545421838760376 -0.6986750960350037 0.9758598208427429
0.5356752276420593 0.616471529006958 -0.6951282024383545 0.9494867324829102
0.5738034844398499 0.5514340400695801 -0.6424123048782349 0.9601739645004272
0.5326729416847229 0.6145389676094055 -0.6479081511497498 0.9285122752189636
0.5950433611869812 0.8200801610946655 0.01166562084108591 0.9908387064933777
0.49370038509368896 0.8352258801460266 -0.011490607634186745 0.983290433883667
0.6872972249984741 0.974021315574646 -0.2527436912059784 0.9357171654701233
0.4284115433692932 1.01289701461792 -0.21405290067195892 0.8551154136657715
0.6315961480140686 1.107883334159851 0.19541801512241364 0.2069079577922821
0.505012035369873 1.097356915473938 0.21262402832508087 0.06845519691705704
0.6164931058883667 1.1030635833740234 0.24203822016716003 0.18705876171588898
0.5160936117172241 1.0952214002609253 0.2580013573169708 0.07899895310401917
0.6232927441596985 1.199589729309082 0.17630256712436676 0.10441698133945465
0.515687108039856 1.1618598699569702 0.19222810864448547 0.02862006612122059
