0.5498551726341248 0.3219414949417114 -0.25209254026412964 0.9998722076416016
0.5587469339370728 0.29966264963150024 -0.2202274352312088 0.9999369382858276
0.5633918642997742 0.30037885904312134 -0.2203107625246048 0.9999308586120605
0.5673326849937439 0.30171138048171997 -0.22047649323940277 0.999927282333374
0.5403665900230408 0.3001437187194824 -0.22623194754123688 0.999919056892395
0.5347319841384888 0.3008587956428528 -0.22617922723293304 0.9998981952667236
0.5288494825363159 0.3022586703300476 -0.22625547647476196 0.9998877048492432
0.5751265287399292 0.31774061918258667 -0.06664442270994186 0.9999380111694336
0.5211411714553833 0.31929051876068115 -0.09458579868078232 0.9999078512191772
0.5606555938720703 0.3503991365432739 -0.1965305209159851 0.999975323677063
0.5379818677902222 0.3501366376876831 -0.20473895967006683 0.9999750852584839
0.6149806380271912 0.4781675636768341 -0.013586469925940037 0.9998993873596191
0.47735950350761414 0.4682178795337677 -0.06269281357526779 0.9996256828308105
0.6419082880020142 0.6686424612998962 -0.18230511248111725 0.9800857901573181
0.43665531277656555 0.6392314434051514 -0.2537808120250702 0.9625418186187744
0.6367429494857788 0.599716305732727 -0.4964951276779175 0.990384578704834
0.467225044965744 0.5735651254653931 -0.5289466381072998 0.9782082438468933
0.6272997260093689 0.5640423893928528 -0.5502325296401978 0.9811233878135681
0.480506032705307 0.5447154641151428 -0.5767767429351807 0.9547710418701172
0.6302069425582886 0.5344789028167725 -0.5361339449882507 0.9807393550872803
0.482906699180603 0.5167509317398071 -0.5623939633369446 0.9501281380653381
0.6295583248138428 0.5407975912094116 -0.4965530335903168 0.9720048308372498
0.48512813448905945 0.5174473524093628 -0.5273041129112244 0.9358963966369629
0.5903110504150391 0.7808796763420105 0.0303247831761837 0.9989301562309265
0.49438637495040894 0.7809908390045166 -0.03029158152639866 0.9983270764350891
0.6324285268783569 0.9678638577461243 -0.24569657444953918 0.8453783392906189
0.5044770836830139 0.93758225440979 -0.2949325740337372 0.732287585735321
0.6082584857940674 0.9807485938072205 0.22080998122692108 0.02163415402173996
0.48431655764579773 1.003014326095581 0.133643239736557 0.015880661085247993
0.6006788611412048 0.9617966413497925 0.27179422974586487 0.029826432466506958
0.4830643832683563 1.0041452646255493 0.18136337399482727 0.02314254827797413
0.5954427123069763 1.0441992282867432 0.25934019684791565 0.01564277522265911
0.48859116435050964 1.0579427480697632 0.14912237226963043 0.01391686499118805
