0.5498910546302795 0.33771130442619324 -0.5607975721359253 0.9999629259109497
0.5596939921379089 0.3147211968898773 -0.533237874507904 0.9999537467956543
0.5639864802360535 0.3146911561489105 -0.5332520008087158 0.9999556541442871
0.5694971084594727 0.31507304310798645 -0.5334856510162354 0.999923586845398
0.5400423407554626 0.3143308460712433 -0.5344665050506592 0.999947190284729
0.5340580344200134 0.3143412470817566 -0.5345208644866943 0.9999502897262573
0.5284326672554016 0.3146914839744568 -0.5345593094825745 0.999920129776001
0.5763503909111023 0.32648706436157227 -0.36577919125556946 0.9999529123306274
0.519841730594635 0.3268511891365051 -0.37158194184303284 0.9999610185623169
0.5595594048500061 0.3658999800682068 -0.49810877442359924 0.9999957084655762
0.5371312499046326 0.36484163999557495 -0.5000864267349243 0.9999961853027344
0.6121997833251953 0.47945794463157654 -0.2671595513820648 0.9999282360076904
0.47532305121421814 0.468707799911499 -0.27723053097724915 0.9998846054077148
0.6511074304580688 0.6793076992034912 -0.492732971906662 0.9970477223396301
0.4326363205909729 0.6646986603736877 -0.509509265422821 0.9932604432106018
0.6313565969467163 0.5784103870391846 -0.8645013570785522 0.9967195391654968
0.4589698910713196 0.5765383839607239 -0.8976161479949951 0.9966057538986206
0.6156416535377502 0.5494351387023926 -0.9364332556724548 0.991193950176239
0.4747280776500702 0.5522907972335815 -0.966934859752655 0.9925429821014404
0.6187154054641724 0.5174392461776733 -0.9114445447921753 0.9900639653205872
0.4739871919155121 0.5226137638092041 -0.9486318230628967 0.9913297891616821
0.6200512051582336 0.5224981307983398 -0.8611627221107483 0.9817892909049988
0.4717346727848053 0.526628315448761 -0.8968752026557922 0.9836787581443787
0.5899171233177185 0.7800160646438599 0.013296949677169323 0.9994196891784668
0.4946635067462921 0.7777780294418335 -0.013097348622977734 0.999159574508667
0.6350440382957458 0.9550773501396179 -0.397410124540329 0.8607316613197327
0.49785682559013367 0.9537773132324219 -0.35581541061401367 0.6398700475692749
0.6047911047935486 0.9977715611457825 0.05505923926830292 0.017094384878873825
0.47621452808380127 1.0126450061798096 0.15015961229801178 0.0056190635077655315
0.5948708057403564 0.9965614676475525 0.10050893574953079 0.03850322961807251
0.47581180930137634 1.0213913917541504 0.20023496448993683 0.008505442179739475
0.5982823967933655 1.0602881908416748 0.024448134005069733 0.015822207555174828
0.48667898774147034 1.0610127449035645 0.12592455744743347 0.005821394268423319
