0.5511007905006409 0.3360193371772766 -0.5653221011161804 0.9998207688331604
0.5603517889976501 0.31076836585998535 -0.5358028411865234 0.9997641444206238
0.5647838711738586 0.3109944462776184 -0.5358725190162659 0.9998268485069275
0.570264458656311 0.3111899495124817 -0.5361096858978271 0.9996681213378906
0.5408941507339478 0.30964404344558716 -0.5394690632820129 0.999677300453186
0.5348470211029053 0.30944615602493286 -0.5395715832710266 0.9997581839561462
0.5293149352073669 0.30959033966064453 -0.5396358966827393 0.9996165037155151
0.5772234201431274 0.3223502039909363 -0.3507292866706848 0.9998013377189636
0.5210590362548828 0.3242531418800354 -0.37142351269721985 0.9998233914375305
0.5608761310577393 0.366657555103302 -0.4955912232398987 0.9999634027481079
0.5394015908241272 0.3660026788711548 -0.5021073222160339 0.9999651908874512
0.6137799024581909 0.4757280647754669 -0.23081231117248535 0.9998212456703186
0.474820613861084 0.47348469495773315 -0.2493836134672165 0.9995771050453186
0.6502107977867126 0.6766228079795837 -0.4507203698158264 0.9957447648048401
0.4359224736690521 0.666203498840332 -0.4710691273212433 0.9880927205085754
0.633084237575531 0.5774073600769043 -0.845585286617279 0.9971966743469238
0.4573284685611725 0.5797643065452576 -0.8846340775489807 0.9973509311676025
0.6188861131668091 0.5474677681922913 -0.9209545850753784 0.9909275770187378
0.47205621004104614 0.5527255535125732 -0.9566324949264526 0.9934105277061462
0.6217682957649231 0.5162131786346436 -0.8965885043144226 0.9901508092880249
0.4715327322483063 0.5229920744895935 -0.9343274831771851 0.9923061728477478
0.6223567724227905 0.5214690566062927 -0.8427334427833557 0.9821768999099731
0.47004038095474243 0.5277211666107178 -0.8818828463554382 0.9853162169456482
0.5925942063331604 0.7853043079376221 0.015413014218211174 0.9944754242897034
0.49587127566337585 0.7852713465690613 -0.015164610929787159 0.9951575398445129
0.6444190144538879 0.9814475774765015 -0.37753719091415405 0.8110732436180115
0.4852566421031952 0.9915403127670288 -0.41674312949180603 0.6399205327033997
0.6140863299369812 1.1120349168777466 0.1017155796289444 0.021735722199082375
0.4944751560688019 1.1461080312728882 0.043293848633766174 0.019858969375491142
0.605378270149231 1.1246377229690552 0.14481115341186523 0.04627895727753639
0.49748313426971436 1.1662338972091675 0.0836140587925911 0.017313135787844658
0.6119179129600525 1.203463077545166 0.019249500706791878 0.016215531155467033
0.502888560295105 1.2305881977081299 -0.07458540052175522 0.013980495743453503
