0.5479109883308411 0.33894842863082886 -0.47119414806365967 0.9999457597732544
0.5576929450035095 0.31412583589553833 -0.441755086183548 0.9999233484268188
0.5628317594528198 0.3140261173248291 -0.44185182452201843 0.9999438524246216
0.5685222148895264 0.3140631318092346 -0.4420897364616394 0.9998975992202759
0.5377146005630493 0.3144771456718445 -0.4439164102077484 0.9999066591262817
0.5316267013549805 0.31477636098861694 -0.4439770579338074 0.9999256134033203
0.5264163017272949 0.3154718577861786 -0.4440700113773346 0.999876856803894
0.5758018493652344 0.32489150762557983 -0.268234521150589 0.9999344348907471
0.5192248225212097 0.3303914964199066 -0.2819675803184509 0.9999502897262573
0.5583494305610657 0.3667553961277008 -0.4062596559524536 0.9999885559082031
0.5364992618560791 0.36653169989585876 -0.4106316566467285 0.9999912977218628
0.614475667476654 0.47757530212402344 -0.16224956512451172 0.9998670816421509
0.4774841070175171 0.4749118387699127 -0.17484156787395477 0.9997953772544861
0.6487594842910767 0.6717832088470459 -0.35308024287223816 0.9944738745689392
0.4343865215778351 0.6480836868286133 -0.36088913679122925 0.9899407029151917
0.6488637328147888 0.5947178602218628 -0.7266303300857544 0.9971593618392944
0.4412446618080139 0.6045061349868774 -0.7442111968994141 0.9971194267272949
0.6381163001060486 0.5637402534484863 -0.7957364320755005 0.9926591515541077
0.45224809646606445 0.5756299495697021 -0.8095818161964417 0.9929446578025818
0.6420254111289978 0.5342291593551636 -0.7817655801773071 0.992351233959198
0.45203521847724915 0.5466020107269287 -0.7976276278495789 0.9919717311859131
0.643200159072876 0.5418734550476074 -0.7268736362457275 0.9848746657371521
0.4509288966655731 0.5528756380081177 -0.7448958158493042 0.9844610095024109
0.5934188961982727 0.7844371795654297 0.018527762964367867 0.9929054975509644
0.49577152729034424 0.7803246974945068 -0.018229668959975243 0.9951146841049194
0.6328753232955933 0.9611722826957703 -0.41971835494041443 0.8687169551849365
0.48198235034942627 0.9635476469993591 -0.5153137445449829 0.7538360953330994
0.6048638224601746 1.0754592418670654 0.009885570034384727 0.027955740690231323
0.493637353181839 1.1157292127609253 -0.10554029047489166 0.036337949335575104
0.5950492024421692 1.0863347053527832 0.04780847206711769 0.06187981739640236
0.4971078932285309 1.135090947151184 -0.07035861164331436 0.03151361644268036
0.6033113598823547 1.1558804512023926 -0.06445428729057312 0.01897115632891655
0.5036208033561707 1.1942815780639648 -0.22577916085720062 0.022226205095648766
