0.552130937576294 0.3334602117538452 -0.5201830267906189 0.9999943971633911
0.5589991807937622 0.3124315142631531 -0.4950251579284668 0.9999935626983643
0.5642026662826538 0.3129563331604004 -0.49515241384506226 0.9999957084655762
0.5688189268112183 0.31383639574050903 -0.4954322576522827 0.9999921321868896
0.5424410700798035 0.31165897846221924 -0.49590158462524414 0.9999902248382568
0.5359084606170654 0.3119712471961975 -0.49595949053764343 0.999992847442627
0.530717134475708 0.3127208352088928 -0.49598929286003113 0.9999872446060181
0.5740581154823303 0.32532835006713867 -0.32533085346221924 0.9999958276748657
0.5210986733436584 0.32647114992141724 -0.33333614468574524 0.9999934434890747
0.5602399706840515 0.3613802492618561 -0.4556833803653717 0.9999983310699463
0.5398910045623779 0.3595976233482361 -0.4582444131374359 0.9999985694885254
0.611092746257782 0.47948190569877625 -0.21028190851211548 0.9999561309814453
0.4791388511657715 0.472883939743042 -0.20489373803138733 0.9998979568481445
0.634162962436676 0.6650293469429016 -0.3021537959575653 0.9833701848983765
0.45361846685409546 0.6516602039337158 -0.3314305245876312 0.9849570989608765
0.6786800026893616 0.6912106871604919 -0.6049764752388 0.9852719306945801
0.43073877692222595 0.6570962071418762 -0.7034568786621094 0.9929821491241455
0.6871985197067261 0.676746129989624 -0.6711530685424805 0.9738122820854187
0.4228913486003876 0.6551859378814697 -0.7703847289085388 0.9887095093727112
0.6874610781669617 0.6529651880264282 -0.6907290816307068 0.9769949913024902
0.4234877824783325 0.6270402669906616 -0.7885997891426086 0.9895777702331543
0.6823972463607788 0.6597703099250793 -0.6192210912704468 0.9657059907913208
0.42891719937324524 0.6267988681793213 -0.7183693051338196 0.9827144742012024
0.5905234217643738 0.7748546600341797 0.008495126850903034 0.9957937002182007
0.49757030606269836 0.7730452418327332 -0.008020106703042984 0.9944484233856201
0.6326079964637756 0.9569297432899475 -0.4884636700153351 0.9303638339042664
0.5049986243247986 0.9421461820602417 -0.5057061314582825 0.8641032576560974
0.6223741173744202 1.150834560394287 -0.16400068998336792 0.202410489320755
0.4941389858722687 1.1588308811187744 -0.188593789935112 0.15957972407341003
0.613616406917572 1.1756671667099 -0.13897612690925598 0.29306498169898987
0.4963609576225281 1.1888514757156372 -0.16369286179542542 0.12025193870067596
0.6319687962532043 1.2408061027526855 -0.2988000512123108 0.11335678398609161
0.49934712052345276 1.239009976387024 -0.3463365435600281 0.07175534218549728
