0.5586292147636414 0.32616907358169556 -0.19371594488620758 0.9999983310699463
0.5630775094032288 0.3051048517227173 -0.1560845971107483 0.9999960660934448
0.5677102208137512 0.3059014678001404 -0.15625277161598206 0.9999970197677612
0.5716148614883423 0.30675798654556274 -0.15649056434631348 0.9999964237213135
0.5482030510902405 0.3039822578430176 -0.16405469179153442 0.999993085861206
0.5414608120918274 0.30428218841552734 -0.1639879047870636 0.999992847442627
0.5353351831436157 0.30470651388168335 -0.16398315131664276 0.9999890327453613
0.5755323767662048 0.32094287872314453 0.011239847168326378 0.9999963045120239
0.5226148962974548 0.3213146924972534 -0.027248026803135872 0.9999938011169434
0.5660596489906311 0.3532021939754486 -0.13444636762142181 0.9999991655349731
0.5473981499671936 0.3510635793209076 -0.14588715136051178 0.999998927116394
0.608767569065094 0.47935837507247925 0.07259394973516464 0.9999959468841553
0.4794325828552246 0.47509223222732544 0.04770069196820259 0.9998906850814819
0.6687517166137695 0.6216251254081726 -0.02181670442223549 0.9954994320869446
0.45068976283073425 0.6576862931251526 0.07385937869548798 0.9549828767776489
0.7242411971092224 0.5342825651168823 -0.26503443717956543 0.9959179759025574
0.4104260802268982 0.8017396330833435 -0.030273009091615677 0.9199668169021606
0.7544673085212708 0.5378001928329468 -0.3086262345314026 0.9885566234588623
0.39582353830337524 0.8599897027015686 -0.04235437139868736 0.8872964382171631
0.751076340675354 0.5246422290802002 -0.31965145468711853 0.9894360303878784
0.40166711807250977 0.8631225228309631 -0.08347625285387039 0.8971277475357056
0.7373822331428528 0.5205945372581482 -0.2750440239906311 0.985805332660675
0.4082978367805481 0.8461042046546936 -0.04663475975394249 0.8859025835990906
0.5883558392524719 0.7887784242630005 0.008698581717908382 0.9994927644729614
0.49615418910980225 0.7939046621322632 -0.008333341218531132 0.9979150891304016
0.6301466822624207 0.9651471376419067 -0.4737386703491211 0.9006066918373108
0.49034377932548523 0.9456281065940857 -0.4323975741863251 0.8487063050270081
0.6080769300460815 1.0447933673858643 -0.11718226224184036 0.10388587415218353
0.5030136704444885 1.0334399938583374 -0.09767547249794006 0.05784538388252258
0.6004164814949036 1.0469602346420288 -0.08254041522741318 0.20762275159358978
0.5040889382362366 1.0400822162628174 -0.06483383476734161 0.10882188379764557
0.6033197641372681 1.1131572723388672 -0.1680590957403183 0.08401431143283844
0.5129780769348145 1.0972785949707031 -0.16580268740653992 0.04719291627407074
