0.5560105443000793 0.3280826807022095 -0.42466822266578674 0.9999921321868896
0.5605846047401428 0.3067455291748047 -0.3934258222579956 0.9999872446060181
0.5650460124015808 0.3073287010192871 -0.39358097314834595 0.999991774559021
0.56927889585495 0.3081133961677551 -0.3938213288784027 0.999988317489624
0.5463488698005676 0.30602145195007324 -0.39876115322113037 0.9999692440032959
0.5399617552757263 0.3063012957572937 -0.39873048663139343 0.9999691247940063
0.5343825221061707 0.30700379610061646 -0.3987697660923004 0.9999386072158813
0.5730082988739014 0.3217039108276367 -0.21752788126468658 0.9999918937683105
0.522416889667511 0.32405608892440796 -0.24403232336044312 0.9999759197235107
0.5633000135421753 0.35507553815841675 -0.3596961796283722 0.9999988079071045
0.544423520565033 0.35368549823760986 -0.36773186922073364 0.9999979734420776
0.6093610525131226 0.478140264749527 -0.1207742765545845 0.9999988079071045
0.4801488518714905 0.4739055037498474 -0.12747567892074585 0.9999327659606934
0.6454260945320129 0.6679654717445374 -0.2649453580379486 0.9980791807174683
0.45264187455177307 0.6634727120399475 -0.08818454295396805 0.9845232963562012
0.6758705973625183 0.6043193340301514 -0.6155658960342407 0.9987205862998962
0.4140997529029846 0.8174183368682861 -0.22932665050029755 0.9637141227722168
0.6782305836677551 0.5827895998954773 -0.6858152151107788 0.9959971904754639
0.4009346067905426 0.8773764371871948 -0.2548358738422394 0.9428863525390625
0.6754779815673828 0.5564308166503906 -0.6851131916046143 0.9961360096931458
0.40767812728881836 0.8797789812088013 -0.3015122413635254 0.949923574924469
0.6727821826934814 0.5595949292182922 -0.621435284614563 0.9929227828979492
0.4136146903038025 0.8627354502677917 -0.2486216276884079 0.9389547109603882
0.5895335674285889 0.7802167534828186 0.010275709442794323 0.9995850920677185
0.4983421862125397 0.7823510766029358 -0.009819408878684044 0.9972105622291565
0.636742353439331 0.9429486989974976 -0.5094076991081238 0.8459118008613586
0.4950052499771118 0.9594734311103821 -0.434695303440094 0.7213307619094849
0.6216355562210083 1.0974159240722656 -0.16551794111728668 0.12401557713747025
0.498137503862381 1.047490119934082 -0.028053173795342445 0.027094127610325813
0.6138393878936768 1.1162638664245605 -0.13355949521064758 0.25981029868125916
0.4978086054325104 1.0564892292022705 0.011083957739174366 0.05563284084200859
0.631893515586853 1.1717675924301147 -0.2681206464767456 0.10239247977733612
0.5033230781555176 1.1056737899780273 -0.10724274069070816 0.021436944603919983
