0.5438499450683594 0.3747979998588562 -0.5281738638877869 0.9999597072601318
0.5516604781150818 0.34823280572891235 -0.5023800730705261 0.9999712705612183
0.5554854869842529 0.3485020399093628 -0.502464771270752 0.9999737739562988
0.5604652166366577 0.34870290756225586 -0.5027660131454468 0.9999701976776123
0.5329378843307495 0.34510326385498047 -0.5085376501083374 0.9999629259109497
0.5250667929649353 0.3443021774291992 -0.5085371732711792 0.9999591112136841
0.5184494853019714 0.344277560710907 -0.5085685849189758 0.99994957447052
0.5649911761283875 0.3594570755958557 -0.3283778429031372 0.99997878074646
0.508866012096405 0.35843342542648315 -0.35886356234550476 0.9999717473983765
0.5519590377807617 0.4070506691932678 -0.4611028730869293 0.9999905824661255
0.5309068560600281 0.4067947566509247 -0.4701107442378998 0.9999920129776001
0.6013701558113098 0.5018478631973267 -0.22503794729709625 0.9999163150787354
0.46422961354255676 0.49365749955177307 -0.2544567883014679 0.9997492432594299
0.6411141753196716 0.6957093477249146 -0.4204903841018677 0.9922733902931213
0.42527225613594055 0.6811550259590149 -0.47923216223716736 0.989230215549469
0.615447998046875 0.5878616571426392 -0.7858524918556213 0.9940826296806335
0.4746149182319641 0.5871672034263611 -0.8279021382331848 0.994300365447998
0.605333149433136 0.5628620982170105 -0.8597920536994934 0.9868106842041016
0.4893997609615326 0.5710173845291138 -0.8925237655639648 0.9846392869949341
0.6044663786888123 0.536247193813324 -0.8376215696334839 0.9868349432945251
0.49005502462387085 0.5409865975379944 -0.8715916275978088 0.9826020002365112
0.6029728651046753 0.5401835441589355 -0.783828616142273 0.976588249206543
0.48966485261917114 0.5435233116149902 -0.8246057629585266 0.9733997583389282
0.5867358446121216 0.8116826415061951 0.015007302165031433 0.9859070777893066
0.48777255415916443 0.8268889784812927 -0.01474010106176138 0.9802411794662476
0.6827877759933472 0.9691348671913147 -0.2987535297870636 0.9554166793823242
0.44713670015335083 1.0183868408203125 -0.2974083125591278 0.9124659895896912
0.6150082349777222 1.1331219673156738 0.06684243679046631 0.22454890608787537
0.47739627957344055 1.129308819770813 0.10526446253061295 0.08218531310558319
0.5972301959991455 1.141617774963379 0.10142786800861359 0.1978469043970108
0.4838549792766571 1.1414189338684082 0.14457790553569794 0.07444934546947479
0.6123409867286682 1.2316190004348755 0.0019728962797671556 0.08758803457021713
0.4825137257575989 1.192946195602417 0.04811059311032295 0.028489092364907265
