0.5479269623756409 0.3795362710952759 -0.7424670457839966 0.9999500513076782
0.5541379451751709 0.35062164068222046 -0.718566358089447 0.9999626874923706
0.5576208233833313 0.3503521680831909 -0.718624472618103 0.999972939491272
0.5621598362922668 0.34988927841186523 -0.7189603447914124 0.9999600648880005
0.5378738641738892 0.3512842655181885 -0.7245361804962158 0.9999455213546753
0.5296040773391724 0.35154080390930176 -0.7246490716934204 0.999954342842102
0.5226085186004639 0.35210442543029785 -0.7247188091278076 0.9999278783798218
0.5659407377243042 0.3570220470428467 -0.5251331329345703 0.9999778270721436
0.5091104507446289 0.3634386658668518 -0.5547112822532654 0.999966025352478
0.5540931820869446 0.40947243571281433 -0.6655885577201843 0.9999864101409912
0.534417986869812 0.41071969270706177 -0.6746083498001099 0.9999854564666748
0.6060925126075745 0.4941358268260956 -0.3871162235736847 0.9999483823776245
0.46100956201553345 0.49695175886154175 -0.4099074900150299 0.9997594952583313
0.6406421661376953 0.706181526184082 -0.6355341076850891 0.9959996938705444
0.42937150597572327 0.698042094707489 -0.683856189250946 0.9918400049209595
0.6132238507270813 0.5871724486351013 -1.057845115661621 0.9966174960136414
0.4729537069797516 0.5791192054748535 -1.0919140577316284 0.9954916834831238
0.6020620465278625 0.5537317395210266 -1.1423805952072144 0.9909958243370056
0.48253411054611206 0.5487561225891113 -1.1678961515426636 0.9870930314064026
0.6025902032852173 0.5255353450775146 -1.1113394498825073 0.9905546307563782
0.48122137784957886 0.521266520023346 -1.1391396522521973 0.9846168756484985
0.6022125482559204 0.5313297510147095 -1.0529398918151855 0.981083333492279
0.48251956701278687 0.5259645581245422 -1.0869206190109253 0.9737063646316528
0.5897451043128967 0.8035399913787842 0.010187288746237755 0.9885483980178833
0.4869896173477173 0.8145459294319153 -0.01003843080252409 0.9848740696907043
0.6839589476585388 0.9693347215652466 -0.28713753819465637 0.9389857053756714
0.4446154832839966 1.0324801206588745 -0.25254711508750916 0.8949143886566162
0.6368645429611206 1.1353811025619507 0.19792422652244568 0.19864723086357117
0.4726874530315399 1.1584069728851318 0.20852471888065338 0.12053128331899643
0.6214331388473511 1.143018364906311 0.2426934391260147 0.16954785585403442
0.47945865988731384 1.1720623970031738 0.2517877221107483 0.08387451618909836
0.6355050206184387 1.245287299156189 0.12213398516178131 0.07853153347969055
0.47770074009895325 1.2378846406936646 0.12370951473712921 0.04152628034353256
