0.5499289035797119 0.3743717670440674 -0.5799285173416138 0.9999644756317139
0.5556265711784363 0.35014018416404724 -0.5550868511199951 0.9999662637710571
0.5605949759483337 0.3502175211906433 -0.5551374554634094 0.9999701976776123
0.5648016333580017 0.3503170609474182 -0.5553873777389526 0.9999533891677856
0.5387052297592163 0.3474329710006714 -0.5602136254310608 0.9999630451202393
0.5304967164993286 0.3460427522659302 -0.5603289008140564 0.9999663829803467
0.5237773656845093 0.34580981731414795 -0.5603789687156677 0.999953031539917
0.56862473487854 0.3570558428764343 -0.3834012746810913 0.9999699592590332
0.5118025541305542 0.35578906536102295 -0.40954890847206116 0.9999774694442749
0.5561107397079468 0.4031580984592438 -0.5141131281852722 0.9999932050704956
0.5371183156967163 0.4036117196083069 -0.5219668745994568 0.9999948740005493
0.603655993938446 0.49944332242012024 -0.26914775371551514 0.999934196472168
0.4614065885543823 0.5006763339042664 -0.2880954444408417 0.9998712539672852
0.6413066983222961 0.6877129673957825 -0.4524407386779785 0.9878113865852356
0.42606809735298157 0.6822696328163147 -0.48432692885398865 0.9920558333396912
0.6308790445327759 0.6626083254814148 -0.8417540788650513 0.9852686524391174
0.4552033245563507 0.6627322435379028 -0.8503405451774597 0.989238977432251
0.6260569095611572 0.6484326124191284 -0.9179264307022095 0.9713901877403259
0.47183161973953247 0.6498807072639465 -0.9151227474212646 0.9777476191520691
0.6239705681800842 0.6200019121170044 -0.9029542207717896 0.9698215126991272
0.4727468490600586 0.6184526681900024 -0.9033216238021851 0.975419282913208
0.6207230687141418 0.6219823360443115 -0.8424853086471558 0.9448327422142029
0.4712742865085602 0.618106484413147 -0.850683331489563 0.9577013850212097
0.5898658037185669 0.7971271872520447 0.007570923771709204 0.9937509894371033
0.4928242862224579 0.8146989345550537 -0.007410888560116291 0.9914026856422424
0.6766512989997864 0.9565931558609009 -0.3496996760368347 0.9373703598976135
0.4611344635486603 1.0434952974319458 -0.272193968296051 0.8695638179779053
0.6339583992958069 1.11806058883667 0.04184428229928017 0.20801039040088654
0.5097208023071289 1.142967700958252 0.158173605799675 0.07113075256347656
0.6183573007583618 1.1339330673217773 0.07743122428655624 0.24235112965106964
0.5183383226394653 1.1532098054885864 0.1981969028711319 0.06913888454437256
0.6443806290626526 1.221815824508667 -0.03927617892622948 0.11643829941749573
0.5206598043441772 1.2195788621902466 0.09263189136981964 0.033511046320199966
