0.5518064498901367 0.36941105127334595 -0.5517112016677856 0.9999858140945435
0.5563073754310608 0.3452222943305969 -0.5280531644821167 0.9999847412109375
0.5607426166534424 0.34546804428100586 -0.5281172394752502 0.9999873638153076
0.5648776888847351 0.3459562063217163 -0.5283754467964172 0.9999799728393555
0.5404375195503235 0.3432092070579529 -0.5328188538551331 0.999984860420227
0.5329257845878601 0.34255093336105347 -0.5329089164733887 0.9999868869781494
0.5262572765350342 0.34265440702438354 -0.5329437255859375 0.9999819993972778
0.5669531226158142 0.35575026273727417 -0.3668443560600281 0.9999880790710449
0.5142236351966858 0.3554142117500305 -0.39038610458374023 0.9999936819076538
0.5573961734771729 0.39946991205215454 -0.49017804861068726 0.9999972581863403
0.5394076108932495 0.4003000259399414 -0.49707427620887756 0.9999979734420776
0.6059935688972473 0.5045347213745117 -0.25977909564971924 0.9999468326568604
0.4642375409603119 0.5025721788406372 -0.28217610716819763 0.9999434947967529
0.644095778465271 0.6809400916099548 -0.4103917181491852 0.9879515767097473
0.4297887682914734 0.6834431290626526 -0.4574415981769562 0.9958309531211853
0.6405290961265564 0.6871006488800049 -0.7642422914505005 0.9823188185691833
0.4486836791038513 0.6638955473899841 -0.7990281581878662 0.9953371286392212
0.6370241045951843 0.68769371509552 -0.8370873928070068 0.9679068922996521
0.4646713137626648 0.665665328502655 -0.8637244701385498 0.9900025129318237
0.6338828206062317 0.6569993495941162 -0.8305755257606506 0.9671410322189331
0.46737319231033325 0.6276416778564453 -0.8582490682601929 0.9888768792152405
0.6313832998275757 0.6526147723197937 -0.7682110071182251 0.9404592514038086
0.465495228767395 0.62537682056427 -0.80201256275177 0.9796293377876282
0.5922902226448059 0.8091192841529846 0.00924138817936182 0.9890835881233215
0.49301594495773315 0.8218837380409241 -0.009132595732808113 0.9891632795333862
0.6795670390129089 0.9554033279418945 -0.40489083528518677 0.958553671836853
0.4264560341835022 1.0004408359527588 -0.3582560122013092 0.9380754828453064
0.6371287703514099 1.1437711715698242 -0.08109544217586517 0.420703649520874
0.5163558721542358 1.149958848953247 0.013406612910330296 0.18198563158512115
0.6195383667945862 1.1674444675445557 -0.05411038175225258 0.4002591073513031
0.5288897156715393 1.1622638702392578 0.046125780791044235 0.14323990046977997
0.6561142206192017 1.2454017400741577 -0.1831531673669815 0.2175261676311493
0.5246071219444275 1.2327890396118164 -0.06909623742103577 0.07118363678455353
