0.5536652207374573 0.367086797952652 -0.41709473729133606 0.999990701675415
0.5587409734725952 0.34460383653640747 -0.3900900185108185 0.9999921321868896
0.5629549622535706 0.3453523516654968 -0.39020949602127075 0.999992847442627
0.5667628645896912 0.3464118242263794 -0.39042967557907104 0.9999899864196777
0.5442072749137878 0.34145838022232056 -0.3960738480091095 0.9999899864196777
0.5372273921966553 0.34076255559921265 -0.39609065651893616 0.9999889135360718
0.5304124355316162 0.34052467346191406 -0.39611247181892395 0.9999850988388062
0.5683273673057556 0.35604119300842285 -0.22769960761070251 0.9999939203262329
0.5168926119804382 0.3530014157295227 -0.2576828896999359 0.9999923706054688
0.5588601231575012 0.3967052698135376 -0.3565833270549774 0.9999977350234985
0.5422913432121277 0.3946015238761902 -0.3652566969394684 0.9999982118606567
0.6080232262611389 0.5149796009063721 -0.14013975858688354 0.9999529123306274
0.46561199426651 0.503654956817627 -0.16028600931167603 0.9999207258224487
0.636089563369751 0.6857353448867798 -0.21824727952480316 0.9821423888206482
0.43389761447906494 0.6755473017692566 -0.2748523950576782 0.9894487857818604
0.6518412232398987 0.7104742527008057 -0.5364673137664795 0.9887189269065857
0.4367665648460388 0.7084276676177979 -0.6008652448654175 0.989203155040741
0.6654520034790039 0.7293359041213989 -0.6065311431884766 0.9831946492195129
0.4338817000389099 0.7287352085113525 -0.6642152667045593 0.9831781983375549
0.6613999009132385 0.7079916596412659 -0.6312828660011292 0.9844167828559875
0.4394214451313019 0.6955826282501221 -0.6826730966567993 0.9837558269500732
0.654585599899292 0.7018918991088867 -0.5529274344444275 0.9766435027122498
0.4424629211425781 0.685950517654419 -0.6142667531967163 0.976655900478363
0.5919657349586487 0.8115804195404053 0.015246212482452393 0.9938305020332336
0.4922438859939575 0.8275017738342285 -0.015055584721267223 0.9935560822486877
0.6753326654434204 0.9444695711135864 -0.31844261288642883 0.9750658869743347
0.42645207047462463 1.0044692754745483 -0.271785169839859 0.9391164779663086
0.6375783085823059 1.0486489534378052 -0.013148794881999493 0.45299381017684937
0.4825590252876282 1.1215415000915527 0.064090795814991 0.2212398499250412
0.6203426122665405 1.061617136001587 0.015679258853197098 0.46636179089546204
0.493841290473938 1.1305265426635742 0.09494411945343018 0.16847237944602966
0.6500368118286133 1.1318986415863037 -0.069853276014328 0.27271926403045654
0.4842433035373688 1.1859197616577148 -0.00014013958571013063 0.08292645215988159
