0.565102219581604 0.37589672207832336 -0.34122925996780396 0.9998823404312134
0.5761469006538391 0.3573667109012604 -0.3169889748096466 0.999764621257782
0.5812644362449646 0.35805743932724 -0.31707730889320374 0.9997140765190125
0.5863264203071594 0.3590669333934784 -0.317259818315506 0.9995338916778564
0.5576563477516174 0.356484979391098 -0.31660544872283936 0.9997738003730774
0.5510504245758057 0.3567255437374115 -0.31667131185531616 0.9997778534889221
0.5464563965797424 0.35706228017807007 -0.31680619716644287 0.9997736811637878
0.5961470007896423 0.37640267610549927 -0.18907824158668518 0.9995861649513245
0.539587676525116 0.37321382761001587 -0.18542161583900452 0.9998891353607178
0.5747680068016052 0.4102540612220764 -0.29480263590812683 0.999983549118042
0.5522173643112183 0.40653669834136963 -0.2938760817050934 0.9999912977218628
0.6241902709007263 0.5385041236877441 -0.110865518450737 0.9993507266044617
0.5015171766281128 0.5189929604530334 -0.13256868720054626 0.9998492002487183
0.6541113257408142 0.7150936126708984 -0.18120427429676056 0.9070495963096619
0.47541674971580505 0.7043378353118896 -0.16793258488178253 0.9769559502601624
0.6488466858863831 0.7457162737846375 -0.4234946370124817 0.6427546143531799
0.512571394443512 0.8264526724815369 -0.3324027955532074 0.8962545990943909
0.6498793363571167 0.7975730895996094 -0.47987374663352966 0.5788596868515015
0.5153303742408752 0.8742594122886658 -0.3713840842247009 0.8399655222892761
0.6415204405784607 0.7733397483825684 -0.4861025810241699 0.5915866494178772
0.5338865518569946 0.8631330132484436 -0.3881607949733734 0.8450872898101807
0.6361233592033386 0.7647314667701721 -0.4308727979660034 0.5876185894012451
0.5351542830467224 0.8465162515640259 -0.33949750661849976 0.835188627243042
0.5943686962127686 0.7975936532020569 0.008469542488455772 0.997378945350647
0.5142089128494263 0.8093822598457336 -0.008461054414510727 0.9979178309440613
0.6397802829742432 0.8685269355773926 -0.3538253903388977 0.5307927131652832
0.5151544213294983 0.9534400105476379 -0.3420056700706482 0.5318348407745361
0.6327653527259827 1.0417414903640747 -0.029006898403167725 0.06164827570319176
0.5312790870666504 1.087362289428711 -0.004061107989400625 0.03645160421729088
0.6254940629005432 1.069965124130249 -0.00015069832443259656 0.10947119444608688
0.5343097448348999 1.10707426071167 0.028347879648208618 0.04987240210175514
0.649221658706665 1.1184570789337158 -0.09326781332492828 0.04318607226014137
0.5287319421768188 1.1578476428985596 -0.0659254789352417 0.028502585366368294
