0.5664870142936707 0.37718716263771057 -0.33434930443763733 0.9999966621398926
0.5776997804641724 0.3592221736907959 -0.3024972379207611 0.999982476234436
0.5832111835479736 0.36088085174560547 -0.30249327421188354 0.9999911785125732
0.5880571007728577 0.36239928007125854 -0.30250972509384155 0.9999740123748779
0.5587434768676758 0.3567003011703491 -0.31264880299568176 0.9999833106994629
0.5517484545707703 0.35720938444137573 -0.31281882524490356 0.9999922513961792
0.5457174181938171 0.358084499835968 -0.31297940015792847 0.9999821186065674
0.5967597365379333 0.37859946489334106 -0.1408601552248001 0.9999855756759644
0.5399180054664612 0.3746096193790436 -0.18901266157627106 0.9999978542327881
0.5758398175239563 0.4100469648838043 -0.275377094745636 0.9999957084655762
0.5527364611625671 0.40751543641090393 -0.28980767726898193 0.9999979734420776
0.6262096166610718 0.536363959312439 -0.038525767624378204 0.9999535083770752
0.5020701885223389 0.5228840112686157 -0.12111303210258484 0.9999059438705444
0.6966087818145752 0.6968465447425842 -0.21320600807666779 0.9998430013656616
0.47442618012428284 0.7103171348571777 -0.20500503480434418 0.9975563287734985
0.6877975463867188 0.5196537971496582 -0.5005802512168884 0.9997747540473938
0.5110007524490356 0.8220013976097107 -0.4002869725227356 0.9978652596473694
0.683398962020874 0.4618932604789734 -0.556825578212738 0.9984377026557922
0.514006495475769 0.8723798990249634 -0.4349821209907532 0.9918027520179749
0.6738303303718567 0.4496767222881317 -0.5203413367271423 0.9984405636787415
0.5309283137321472 0.8576879501342773 -0.4405873715877533 0.9925835132598877
0.6717080473899841 0.4657015800476074 -0.4922029376029968 0.9984253644943237
0.5324901342391968 0.8420547246932983 -0.4024478495121002 0.9927757978439331
0.6135903596878052 0.8413655161857605 0.014554132707417011 0.999715268611908
0.5226057171821594 0.8475197553634644 -0.013747156597673893 0.9997820258140564
0.6272366046905518 1.0791453123092651 -0.15691930055618286 0.42588451504707336
0.510988175868988 1.0555232763290405 -0.28964945673942566 0.6203793287277222
0.6262867450714111 1.2674473524093628 0.22057898342609406 0.00040104365325532854
0.5237501859664917 1.2697198390960693 0.05286721885204315 0.0033966333139687777
0.6289529204368591 1.301721215248108 0.25149068236351013 0.002676927950233221
0.5241117477416992 1.3112728595733643 0.08151660859584808 0.005710383411496878
0.611891508102417 1.3577353954315186 0.11737985908985138 0.00035087784635834396
0.5336483716964722 1.3438026905059814 -0.0784088596701622 0.003378084162250161
