0.5632959008216858 0.3754461407661438 -0.3842507600784302 0.9999945163726807
0.5748893022537231 0.35547053813934326 -0.3550938069820404 0.9999687671661377
0.5798586010932922 0.35627174377441406 -0.3551097810268402 0.999984622001648
0.5848987102508545 0.35745084285736084 -0.35510891675949097 0.9999469518661499
0.5548082590103149 0.3559111952781677 -0.36011365056037903 0.9999685287475586
0.5482569336891174 0.3558846116065979 -0.3603331744670868 0.9999866485595703
0.5441780686378479 0.35580456256866455 -0.3604821562767029 0.9999642372131348
0.594595193862915 0.37533697485923767 -0.2015300840139389 0.9999738931655884
0.5380454659461975 0.37265077233314514 -0.22557149827480316 0.999994158744812
0.5740438103675842 0.4092402160167694 -0.3285213112831116 0.9999940395355225
0.5502188801765442 0.4068605303764343 -0.335997998714447 0.9999961853027344
0.6313757300376892 0.5423041582107544 -0.10457389801740646 0.9999688863754272
0.5013899207115173 0.5261904001235962 -0.13970915973186493 0.9999419450759888
0.6866673231124878 0.7402218580245972 -0.25042909383773804 0.9998680353164673
0.4759013056755066 0.7120912075042725 -0.19920821487903595 0.9988142251968384
0.6646382212638855 0.6259075403213501 -0.5545005202293396 0.9998414516448975
0.5115129351615906 0.8231862187385559 -0.42106109857559204 0.9993384480476379
0.6561592817306519 0.5890916585922241 -0.6168516874313354 0.9991530179977417
0.5132178664207458 0.8681886792182922 -0.46252143383026123 0.9975326061248779
0.6515034437179565 0.567294716835022 -0.5871153473854065 0.9991446733474731
0.5290033221244812 0.8550794124603271 -0.4676479697227478 0.997736930847168
0.650206983089447 0.5775308012962341 -0.5478365421295166 0.999231219291687
0.530060887336731 0.8400481343269348 -0.4235946834087372 0.9979767203330994
0.6156731247901917 0.8418737053871155 0.0014183138264343143 0.9999027252197266
0.5256805419921875 0.8478186130523682 -0.0005711482372134924 0.9999163150787354
0.6250326633453369 1.0835158824920654 -0.06591606885194778 0.2688709795475006
0.5266398787498474 1.0826237201690674 -0.10236038267612457 0.38486745953559875
0.6227691173553467 1.2592387199401855 0.39079904556274414 7.426997035508975e-05
0.5371164679527283 1.2672057151794434 0.31921473145484924 0.000459713046438992
0.6259505152702332 1.2922170162200928 0.43162330985069275 0.0005792323499917984
0.5360568761825562 1.3054691553115845 0.357101708650589 0.001025417004711926
0.6090969443321228 1.352423906326294 0.3161255419254303 5.926022640778683e-05
0.5507694482803345 1.3455911874771118 0.21926286816596985 0.0004952268791384995
