0.5685807466506958 0.36151576042175293 -0.21605633199214935 0.9999935626983643
0.5786654949188232 0.3427821397781372 -0.19139395654201508 0.9999805688858032
0.5839477181434631 0.34447336196899414 -0.1912604719400406 0.9999878406524658
0.5884272456169128 0.34677010774612427 -0.19112886488437653 0.999984860420227
0.559670627117157 0.340007483959198 -0.19821161031723022 0.9999755620956421
0.5528421998023987 0.34006357192993164 -0.19839850068092346 0.9999827146530151
0.5471905469894409 0.3407800793647766 -0.1984597146511078 0.9999709129333496
0.594241738319397 0.36122849583625793 -0.05553795397281647 0.9999927282333374
0.5396022796630859 0.3569898009300232 -0.08738204836845398 0.9999876022338867
0.5775800943374634 0.3954087495803833 -0.16589964926242828 0.9999872446060181
0.5549406409263611 0.3936587870121002 -0.17594878375530243 0.9999679327011108
0.6252762079238892 0.5140410661697388 0.010184322483837605 0.9999892711639404
0.49870777130126953 0.5016438961029053 -0.05296500772237778 0.9999383687973022
0.6599162220954895 0.6882173418998718 -0.1268741935491562 0.9991507530212402
0.48317158222198486 0.6785458922386169 -0.22180825471878052 0.9972007274627686
0.6689049005508423 0.47968974709510803 -0.32387351989746094 0.9999797344207764
0.4600535035133362 0.5172414779663086 -0.4498560130596161 0.9999655485153198
0.6768615245819092 0.4239465296268463 -0.35662636160850525 0.9998916387557983
0.448527067899704 0.46333542466163635 -0.49195462465286255 0.9998821020126343
0.6763967871665955 0.40934810042381287 -0.335838258266449 0.9998546838760376
0.4511086642742157 0.4456319510936737 -0.479321151971817 0.9998621940612793
0.6724710464477539 0.42955437302589417 -0.3221082389354706 0.9998699426651001
0.456811785697937 0.46347156167030334 -0.45427829027175903 0.9998657703399658
0.6122832894325256 0.8445838689804077 0.020311925560235977 0.9998904466629028
0.5173037052154541 0.8491497039794922 -0.018916768953204155 0.9998440742492676
0.6124756336212158 1.1070477962493896 0.02631046064198017 0.23974525928497314
0.5216020345687866 1.1013379096984863 0.11942476779222488 0.17457447946071625
0.6104391813278198 1.324295997619629 0.3346961438655853 0.0001224153966177255
0.5207647085189819 1.3272936344146729 0.4193046987056732 0.00029250342049635947
0.6129172444343567 1.3637967109680176 0.36000391840934753 0.0008591989753767848
0.5175721645355225 1.3654208183288574 0.4442487061023712 0.0008929770556278527
0.5969824194908142 1.4060773849487305 0.19864653050899506 0.0001133787227445282
0.5320007801055908 1.413508415222168 0.26428815722465515 0.0003200305800419301
