0.5641934275627136 0.3718498945236206 -0.2036365121603012 0.9999908208847046
0.5750617980957031 0.34681612253189087 -0.17888246476650238 0.9999679327011108
0.580390214920044 0.347082257270813 -0.17878662049770355 0.9999809265136719
0.584564745426178 0.3479224443435669 -0.17865505814552307 0.9999759197235107
0.5551988482475281 0.3461388945579529 -0.18334856629371643 0.9999617338180542
0.5486961007118225 0.3469449281692505 -0.18355406820774078 0.999975323677063
0.5430231094360352 0.3473954200744629 -0.18362799286842346 0.9999611377716064
0.5916563272476196 0.36168402433395386 -0.04442540556192398 0.9999852180480957
0.5368458032608032 0.36399346590042114 -0.06757498532533646 0.9999794960021973
0.5735159516334534 0.40053483843803406 -0.15412069857120514 0.999969482421875
0.5507625937461853 0.39908328652381897 -0.1615721881389618 0.9999393224716187
0.6242778301239014 0.5141741037368774 0.023947078734636307 0.9999790191650391
0.49896568059921265 0.4967838525772095 -0.0266997329890728 0.999880313873291
0.6617397665977478 0.6704034209251404 -0.06664244830608368 0.9985253214836121
0.47832047939300537 0.6831154227256775 -0.19885198771953583 0.9962003827095032
0.6775164008140564 0.4618566632270813 -0.217192605137825 0.9999592304229736
0.44589701294898987 0.506102979183197 -0.4571167528629303 0.9999240636825562
0.6855851411819458 0.4073770344257355 -0.24205294251441956 0.9998302459716797
0.42793628573417664 0.4527137279510498 -0.505408763885498 0.9997671246528625
0.6853427290916443 0.3945399522781372 -0.23294024169445038 0.999785840511322
0.42919737100601196 0.4346294403076172 -0.4960600733757019 0.999736487865448
0.6810126900672913 0.4138144552707672 -0.2190789431333542 0.999798595905304
0.4375177025794983 0.45386597514152527 -0.464605450630188 0.9997393488883972
0.6159688234329224 0.8484339714050293 0.019772492349147797 0.9996564388275146
0.5192322134971619 0.8567448258399963 -0.018563276156783104 0.9995076656341553
0.6176798343658447 1.122385859489441 0.04996665567159653 0.32089316844940186
0.5255429744720459 1.1218714714050293 0.0743962898850441 0.26304560899734497
0.6197004914283752 1.3575245141983032 0.322135865688324 0.0005536246462725103
0.5249415040016174 1.3672163486480713 0.3117794394493103 0.001225732616148889
0.623468279838562 1.396452784538269 0.34308236837387085 0.0025436130817979574
0.5221093893051147 1.4042088985443115 0.33057281374931335 0.0034850931260734797
0.6037515997886658 1.4434763193130493 0.1777850240468979 0.00037572431028820574
0.5400734543800354 1.4572845697402954 0.14155572652816772 0.0009167997632175684
