0.5657983422279358 0.36061155796051025 -0.24080699682235718 0.999998927116394
0.5759303569793701 0.34131234884262085 -0.21520520746707916 0.9999959468841553
0.581005871295929 0.3420601487159729 -0.21501556038856506 0.9999977350234985
0.5864250659942627 0.3433772921562195 -0.21478509902954102 0.9999959468841553
0.5572848916053772 0.34082847833633423 -0.21917425096035004 0.9999960660934448
0.5504276156425476 0.3414726257324219 -0.21935293078422546 0.9999978542327881
0.5441159009933472 0.3427050709724426 -0.21935135126113892 0.9999963045120239
0.5939313769340515 0.3586897850036621 -0.07431294769048691 0.9999979734420776
0.5371297001838684 0.35951119661331177 -0.0945776179432869 0.999998927116394
0.5759716033935547 0.3911497890949249 -0.18916383385658264 0.999997615814209
0.5528663396835327 0.39011406898498535 -0.1952708214521408 0.9999977350234985
0.6254945397377014 0.5171159505844116 -0.0036968509666621685 0.9999933242797852
0.49353742599487305 0.5144162178039551 -0.04337998852133751 0.9999879598617554
0.6711603999137878 0.6848159432411194 -0.17527562379837036 0.9998016953468323
0.4511628746986389 0.7129867076873779 -0.2248876839876175 0.9995612502098083
0.6635266542434692 0.4742891788482666 -0.4426026940345764 0.9999935626983643
0.4705874025821686 0.6234744787216187 -0.5022743940353394 0.9999904632568359
0.666015088558197 0.4160417914390564 -0.4943075180053711 0.9999585151672363
0.47302162647247314 0.5810863971710205 -0.5511807203292847 0.9999544620513916
0.6649410128593445 0.3990800082683563 -0.4685111343860626 0.9999430179595947
0.47501426935195923 0.5557898283004761 -0.5331311821937561 0.9999446868896484
0.6615099310874939 0.422507107257843 -0.4399680495262146 0.9999531507492065
0.47812870144844055 0.564801812171936 -0.5030263662338257 0.9999438524246216
0.613555371761322 0.8522495627403259 0.016300927847623825 0.9998801946640015
0.5168271064758301 0.860057532787323 -0.014901858754456043 0.999829888343811
0.6191962957382202 1.1290791034698486 0.02658400498330593 0.2655717730522156
0.5222996473312378 1.1270257234573364 0.11155489832162857 0.19260288774967194
0.6239420175552368 1.3629765510559082 0.3132413625717163 0.00010380450839875266
0.5227778553962708 1.3687167167663574 0.39048993587493896 0.00019502056238707155
0.6284906268119812 1.407773733139038 0.3350711166858673 0.001018306938931346
0.518014132976532 1.4135479927062988 0.4136893153190613 0.000920683320146054
0.6093461513519287 1.4495046138763428 0.17352409660816193 6.795766967115924e-05
0.538936197757721 1.4532744884490967 0.22953234612941742 0.00024448000476695597
