0.5691083073616028 0.36255893111228943 -0.20220135152339935 0.9999979734420776
0.5772204995155334 0.34213101863861084 -0.17657656967639923 0.9999921321868896
0.5817298293113708 0.34298086166381836 -0.17647843062877655 0.999996542930603
0.5859488844871521 0.3440157175064087 -0.17635950446128845 0.9999914169311523
0.5612748265266418 0.3423736095428467 -0.17814458906650543 0.9999920129776001
0.5554376244544983 0.3432113528251648 -0.17833104729652405 0.999996542930603
0.5499292016029358 0.34470218420028687 -0.1783943921327591 0.9999927282333374
0.5927620530128479 0.3617979884147644 -0.044314298778772354 0.9999971389770508
0.5428900122642517 0.3627742826938629 -0.05409208685159683 0.9999990463256836
0.5785490870475769 0.3912147879600525 -0.15391676127910614 0.9999958276748657
0.5584785342216492 0.39037996530532837 -0.15743151307106018 0.9999973773956299
0.6270459294319153 0.5179754495620728 0.008993214927613735 0.9999854564666748
0.5055670142173767 0.5098212957382202 0.007313366513699293 0.9999793767929077
0.6807944774627686 0.6784908175468445 -0.19032897055149078 0.9999066591262817
0.4536922872066498 0.6864281892776489 -0.10232458263635635 0.9991661310195923
0.647006094455719 0.4664861857891083 -0.4480063319206238 0.9999802112579346
0.4849611818790436 0.6956000924110413 -0.31044772267341614 0.9998326301574707
0.6483849287033081 0.40806955099105835 -0.5028108954429626 0.999870777130127
0.49153947830200195 0.7306579351425171 -0.3427618741989136 0.9993738532066345
0.6454691290855408 0.395577609539032 -0.46225231885910034 0.9998379945755005
0.5058553814888 0.7169327139854431 -0.3359490633010864 0.9993299245834351
0.6394737362861633 0.4192013442516327 -0.43852299451828003 0.9998763799667358
0.5071346759796143 0.7043858170509338 -0.3108357787132263 0.9994766116142273
0.6133521795272827 0.8312790989875793 0.006628382485359907 0.9999523162841797
0.5256538987159729 0.8364644646644592 -0.005190229043364525 0.999930739402771
0.6231054663658142 1.0822335481643677 -0.07478982955217361 0.3126366436481476
0.5254808664321899 1.083815336227417 -0.01464047096669674 0.30175095796585083
0.6290045380592346 1.3035156726837158 0.1723402440547943 3.854117312585004e-05
0.51981520652771 1.3013849258422852 0.22771163284778595 0.00011814261233666912
0.6343386769294739 1.3451831340789795 0.19167391955852509 0.0004489485581871122
0.5143160223960876 1.3461211919784546 0.2472086250782013 0.0004233777290210128
0.6108296513557434 1.3884038925170898 0.05068506300449371 2.6075029381900094e-05
0.5340960621833801 1.3715176582336426 0.09083206206560135 0.00011751689453376457
