0.571950376033783 0.3644860088825226 -0.26833781599998474 0.9999691247940063
0.5803231000900269 0.34404969215393066 -0.24111180007457733 0.9998940229415894
0.5849074721336365 0.344793438911438 -0.24113838374614716 0.9998949766159058
0.5883525013923645 0.34601059556007385 -0.2411959022283554 0.9998145699501038
0.5632179975509644 0.34494152665138245 -0.2471819818019867 0.9999240636825562
0.5566221475601196 0.3460787236690521 -0.24729113280773163 0.9999407529830933
0.5517497658729553 0.3472967743873596 -0.2474483996629715 0.9999240636825562
0.5928047895431519 0.3615674078464508 -0.10117455571889877 0.9998538494110107
0.5420253276824951 0.3632284998893738 -0.12875673174858093 0.9999808073043823
0.5810510516166687 0.39619794487953186 -0.21652652323246002 0.9999704360961914
0.5595313310623169 0.39221441745758057 -0.22490088641643524 0.9999885559082031
0.6194426417350769 0.5146763324737549 -0.018239593133330345 0.9997604489326477
0.5015907287597656 0.5093746185302734 -0.0714300200343132 0.9998144507408142
0.678765594959259 0.6488336324691772 -0.14928928017616272 0.9962314963340759
0.46665477752685547 0.6968175172805786 -0.10134967416524887 0.990319013595581
0.6205222010612488 0.45818716287612915 -0.34668201208114624 0.9906080961227417
0.49690917134284973 0.8210338354110718 -0.2060411423444748 0.9751425385475159
0.6176535487174988 0.40334826707839966 -0.39268913865089417 0.9486295580863953
0.4988294839859009 0.869157612323761 -0.22684071958065033 0.9156221747398376
0.6124283075332642 0.3976672291755676 -0.34868818521499634 0.9438949823379517
0.5152032971382141 0.8609573841094971 -0.2396562099456787 0.9236200451850891
0.6080116033554077 0.42089515924453735 -0.3336358666419983 0.9461748003959656
0.5177414417266846 0.8443871140480042 -0.20979119837284088 0.9275473952293396
0.6056837439537048 0.8069173097610474 0.008638950996100903 0.9995682835578918
0.5248920321464539 0.8130733966827393 -0.00809679925441742 0.9992388486862183
0.6305086612701416 1.029750943183899 -0.16561418771743774 0.6229333877563477
0.5113363862037659 1.0272136926651 -0.055948395282030106 0.5081489682197571
0.6126676201820374 1.21029794216156 0.17861910164356232 0.00997072085738182
0.5209899544715881 1.2033274173736572 0.25537192821502686 0.023130791261792183
0.6065931916236877 1.2405577898025513 0.20898471772670746 0.03239109739661217
0.522145688533783 1.2359586954116821 0.2829630672931671 0.03395265340805054
0.6102331876754761 1.2991727590560913 0.08699400722980499 0.009260074235498905
0.5227516293525696 1.2809646129608154 0.1590535044670105 0.021712971851229668
