0.5673601627349854 0.3671445846557617 -0.27396705746650696 0.9999994039535522
0.5763486623764038 0.34743741154670715 -0.24386221170425415 0.9999974966049194
0.5808585286140442 0.3474527597427368 -0.24390722811222076 0.9999986886978149
0.5854952335357666 0.3478933870792389 -0.2438603788614273 0.9999964237213135
0.5595318675041199 0.34810546040534973 -0.24488593637943268 0.9999979734420776
0.5534331798553467 0.3489430546760559 -0.24506144225597382 0.999998927116394
0.5475084185600281 0.34990787506103516 -0.2452012151479721 0.9999978542327881
0.5914962291717529 0.3621124029159546 -0.08610472083091736 0.9999983310699463
0.5406239032745361 0.36414840817451477 -0.09282918274402618 0.9999996423721313
0.576305627822876 0.3994910717010498 -0.21588419377803802 0.9999980926513672
0.5567488074302673 0.39706239104270935 -0.21858447790145874 0.9999990463256836
0.619644820690155 0.5118842124938965 -0.014467117376625538 0.9999719858169556
0.5027015805244446 0.5068737268447876 -0.00031531351851299405 0.9999537467956543
0.6877071857452393 0.6272853016853333 -0.19685252010822296 0.9999507665634155
0.46593543887138367 0.6973387002944946 -0.030604107305407524 0.9992783665657043
0.6553002595901489 0.42354312539100647 -0.46029946208000183 0.999941349029541
0.49959513545036316 0.8246270418167114 -0.18748387694358826 0.9990687966346741
0.6553812026977539 0.35235148668289185 -0.5204183459281921 0.9996687173843384
0.5019773244857788 0.8739372491836548 -0.21077193319797516 0.9965272545814514
0.6500833034515381 0.3463636040687561 -0.48315122723579407 0.9996342658996582
0.5194711089134216 0.8607755303382874 -0.22001038491725922 0.9966713786125183
0.643555760383606 0.37247103452682495 -0.4515284597873688 0.9996799230575562
0.5215084552764893 0.8444015979766846 -0.19049011170864105 0.9974355101585388
0.6108130812644958 0.8353573679924011 -0.012833037413656712 0.9999581575393677
0.5231572985649109 0.8455045819282532 0.01372041180729866 0.9999383687973022
0.6232954263687134 1.074971079826355 -0.22132088243961334 0.591181755065918
0.5237250924110413 1.0860719680786133 -0.12564218044281006 0.6418169736862183
0.619970440864563 1.2864367961883545 0.09566926956176758 0.0004804128548130393
0.5414950847625732 1.2898415327072144 0.20609413087368011 0.0012626299867406487
0.6249048709869385 1.321363091468811 0.1234801784157753 0.003154697362333536
0.541271448135376 1.3239320516586304 0.23609770834445953 0.00457807769998908
0.6023215651512146 1.3718020915985107 -0.008109433576464653 0.0003302370896562934
0.5537332892417908 1.3660495281219482 0.10017881542444229 0.0010594326304271817
