0.5701416730880737 0.363235205411911 -0.22626987099647522 0.9999990463256836
0.5773695707321167 0.34347444772720337 -0.19824227690696716 0.9999961853027344
0.5816824436187744 0.3440796434879303 -0.1982690989971161 0.9999980926513672
0.5856378078460693 0.3448397219181061 -0.19824036955833435 0.9999945163726807
0.5605390667915344 0.34388503432273865 -0.20584028959274292 0.9999970197677612
0.5547211170196533 0.3451968729496002 -0.20606663823127747 0.9999986886978149
0.5489571690559387 0.34618884325027466 -0.20621713995933533 0.9999972581863403
0.5905454754829407 0.35842424631118774 -0.0574972964823246 0.999997615814209
0.5409336686134338 0.36080241203308105 -0.09504280984401703 0.9999996423721313
0.5774871706962585 0.3911875784397125 -0.17421166598796844 0.9999969005584717
0.5578097701072693 0.39099588990211487 -0.1855917125940323 0.9999986886978149
0.6188154220581055 0.5161999464035034 0.016302935779094696 0.9999760389328003
0.5007679462432861 0.5072675347328186 -0.024788441136479378 0.9999645948410034
0.6868394613265991 0.6206396818161011 -0.1144200786948204 0.9999477863311768
0.4671565294265747 0.6920567154884338 -0.052788782864809036 0.999360978603363
0.6587672829627991 0.41760748624801636 -0.31518998742103577 0.9999227523803711
0.4974828362464905 0.8247939348220825 -0.17549821734428406 0.99940025806427
0.6594330072402954 0.3461419641971588 -0.361261248588562 0.999618411064148
0.49896639585494995 0.8722519874572754 -0.19315117597579956 0.9977062940597534
0.6549151539802551 0.3425135612487793 -0.32451072335243225 0.999592125415802
0.5168347954750061 0.8590527176856995 -0.20240721106529236 0.9978499412536621
0.6475871801376343 0.36884650588035583 -0.3052317500114441 0.9996765851974487
0.5183570384979248 0.842698872089386 -0.17719610035419464 0.9983715415000916
0.6096590757369995 0.8322899341583252 -0.0009165893425233662 0.9999862909317017
0.5213981866836548 0.8430793881416321 0.0016763901803642511 0.9999806880950928
0.6182576417922974 1.073535680770874 -0.10200874507427216 0.8092208504676819
0.5211681127548218 1.0892918109893799 -0.059995461255311966 0.7570589184761047
0.6083964109420776 1.2733418941497803 0.2559722661972046 0.0007701092981733382
0.5285756587982178 1.2765406370162964 0.29604655504226685 0.0014537748647853732
0.6116849184036255 1.305727481842041 0.29006725549697876 0.004834436345845461
0.526812732219696 1.3115689754486084 0.33006027340888977 0.006202599965035915
0.5903626084327698 1.362382411956787 0.1913120150566101 0.0003891812521032989
0.5387896299362183 1.3481483459472656 0.22307194769382477 0.0009449593489989638
