0.5457304120063782 0.3341509699821472 -0.3838288486003876 0.9993090629577637
0.5547201633453369 0.31450968980789185 -0.36090248823165894 0.999237060546875
0.5592144131660461 0.3159668445587158 -0.361015260219574 0.999466598033905
0.5649693012237549 0.3176599144935608 -0.3612203598022461 0.999291181564331
0.5378109216690063 0.31100237369537354 -0.3578510880470276 0.9988659620285034
0.5310389399528503 0.31047582626342773 -0.35794320702552795 0.9990899562835693
0.5253239870071411 0.31027108430862427 -0.3580699861049652 0.9987939596176147
0.5715979933738708 0.3325890898704529 -0.2138962298631668 0.9996349811553955
0.5161705613136292 0.32793986797332764 -0.20200924575328827 0.9991098046302795
0.5544612407684326 0.3676597476005554 -0.3267200291156769 0.9996496438980103
0.5331637859344482 0.36381566524505615 -0.3237667679786682 0.9995341300964355
0.6021382212638855 0.46835508942604065 -0.1489146500825882 0.9996273517608643
0.4763140082359314 0.469978928565979 -0.11038949340581894 0.9989250302314758
0.6278902888298035 0.6522719264030457 -0.33259543776512146 0.9949275255203247
0.4521345794200897 0.6545741558074951 -0.31916001439094543 0.9737713932991028
0.561414361000061 0.5337163209915161 -0.6088535189628601 0.9944260120391846
0.4994050860404968 0.5581529140472412 -0.6403329372406006 0.9881384968757629
0.5459508895874023 0.5041384696960449 -0.6658465266227722 0.9864011406898499
0.5101878046989441 0.5328131914138794 -0.6982377767562866 0.9732014536857605
0.5460771918296814 0.48248952627182007 -0.6363138556480408 0.9857945442199707
0.5095816254615784 0.5075035095214844 -0.6718387603759766 0.9701018929481506
0.5495350360870361 0.4897948205471039 -0.600311279296875 0.9801520705223083
0.5091055631637573 0.5147615671157837 -0.6358172297477722 0.96173095703125
0.5879907608032227 0.7793633937835693 0.004003406036645174 0.9972467422485352
0.49319854378700256 0.7803811430931091 -0.003616223344579339 0.996338963508606
0.6210994720458984 0.9786850810050964 -0.28831756114959717 0.8330021500587463
0.4886629283428192 1.0095839500427246 -0.2796744406223297 0.7878618240356445
0.6116266250610352 1.1662131547927856 0.15345926582813263 0.025357956066727638
0.49634525179862976 1.200188159942627 0.08062393218278885 0.04459400102496147
0.607386589050293 1.1814407110214233 0.1951105147600174 0.0442952997982502
0.4973430931568146 1.2240089178085327 0.11418874561786652 0.03914792463183403
0.6058259606361389 1.2560060024261475 0.08476430922746658 0.012777532450854778
0.5075507164001465 1.2850571870803833 -0.029929447919130325 0.020140985026955605
