0.5505293607711792 0.332782506942749 -0.3375609815120697 0.9997827410697937
0.5568439960479736 0.31405317783355713 -0.3052302598953247 0.9997871518135071
0.5607997179031372 0.31475353240966797 -0.3054278790950775 0.9998461008071899
0.5656394362449646 0.3156370520591736 -0.3056887984275818 0.9998542070388794
0.5409681797027588 0.3111642599105835 -0.3045465350151062 0.9996002316474915
0.5342630743980408 0.3107028603553772 -0.3045065104961395 0.9995077848434448
0.5286881327629089 0.31106364727020264 -0.30461570620536804 0.9993228912353516
0.5703332424163818 0.327517569065094 -0.13477332890033722 0.9998859167098999
0.5182154774665833 0.3259800672531128 -0.13495829701423645 0.9996312856674194
0.5587098002433777 0.3592667579650879 -0.2742663025856018 0.9999475479125977
0.5376983284950256 0.35548049211502075 -0.2749371826648712 0.9999265670776367
0.6037118434906006 0.4698571562767029 -0.09182918071746826 0.9999264478683472
0.4772939085960388 0.47771093249320984 -0.011974803172051907 0.9993820190429688
0.6209276914596558 0.6344481706619263 -0.306313693523407 0.9945613741874695
0.4555976092815399 0.6382503509521484 0.03889131546020508 0.8240082263946533
0.5679428577423096 0.4754621684551239 -0.6229817867279053 0.9936659932136536
0.4478450119495392 0.7314033508300781 -0.07505203038454056 0.5887473821640015
0.5561500191688538 0.44031423330307007 -0.6931716799736023 0.9837024211883545
0.44122588634490967 0.767614483833313 -0.09651161730289459 0.5080690383911133
0.5588181614875793 0.42550814151763916 -0.6707987189292908 0.983231782913208
0.4418633282184601 0.7676138877868652 -0.13216233253479004 0.5244976282119751
0.5610900521278381 0.43578872084617615 -0.6200491189956665 0.9698899388313293
0.4468850791454315 0.7559484243392944 -0.0909135565161705 0.4968663156032562
0.5873817801475525 0.7788101434707642 0.0007979379151947796 0.9982925057411194
0.49803417921066284 0.7957215309143066 -0.00030011485796421766 0.9941874742507935
0.6281237006187439 0.9569200277328491 -0.5157554149627686 0.8607566356658936
0.48517024517059326 0.940834105014801 -0.47242698073387146 0.7677952647209167
0.6229189038276672 1.0942186117172241 -0.13476119935512543 0.10262376070022583
0.504621148109436 1.1250779628753662 -0.13786882162094116 0.09639191627502441
0.618230938911438 1.1064077615737915 -0.09796687960624695 0.20840491354465485
0.509219229221344 1.1452245712280273 -0.10776104778051376 0.10747477412223816
0.6219549179077148 1.1631782054901123 -0.2353198379278183 0.09313399344682693
0.5154319405555725 1.2023589611053467 -0.2720426321029663 0.05802532657980919
