0.5542295575141907 0.33521920442581177 -0.3783356845378876 0.9997400641441345
0.5582711100578308 0.3138752579689026 -0.35204431414604187 0.9996411800384521
0.5615642666816711 0.31484776735305786 -0.35218995809555054 0.9997815489768982
0.5655515193939209 0.31629347801208496 -0.3523821234703064 0.9997439980506897
0.5434391498565674 0.31137341260910034 -0.3549893796443939 0.999406099319458
0.5365108251571655 0.3106287717819214 -0.35499027371406555 0.999377429485321
0.530811071395874 0.3105784058570862 -0.3551196753978729 0.9990022778511047
0.5679910778999329 0.33044368028640747 -0.19427290558815002 0.9997708201408386
0.5188373327255249 0.3272063732147217 -0.2118539959192276 0.9995786547660828
0.5614875555038452 0.3619305491447449 -0.3182728886604309 0.9998654127120972
0.5424018502235413 0.35989779233932495 -0.3236876130104065 0.9998536109924316
0.6028560996055603 0.4678986072540283 -0.1426776945590973 0.9999563694000244
0.47535067796707153 0.47605082392692566 -0.09374399483203888 0.9996591806411743
0.6168199777603149 0.6309866309165955 -0.3364950120449066 0.9983341097831726
0.45491936802864075 0.6358529925346375 -0.02507302165031433 0.9178549647331238
0.5665475130081177 0.4624635577201843 -0.6367264986038208 0.9990254640579224
0.44088903069496155 0.7658554911613464 -0.11031638085842133 0.884455144405365
0.5559982657432556 0.42346540093421936 -0.7016721367835999 0.997516393661499
0.42611461877822876 0.8097573518753052 -0.1326846033334732 0.8319308161735535
0.5588898062705994 0.40652701258659363 -0.6792438626289368 0.997443437576294
0.42863255739212036 0.811614990234375 -0.16602343320846558 0.8467281460762024
0.5602996945381165 0.42250049114227295 -0.6334050297737122 0.9960856437683105
0.43643438816070557 0.7993485331535339 -0.12485174089670181 0.8593689799308777
0.5854973196983337 0.7833268046379089 0.015987562015652657 0.9991922974586487
0.498159259557724 0.7944878339767456 -0.015528217889368534 0.9987263083457947
0.6344749927520752 0.989525556564331 -0.14555518329143524 0.6622262597084045
0.4918537735939026 1.0038679838180542 -0.2809627950191498 0.7537297010421753
0.6254057288169861 1.1079139709472656 0.3362889289855957 0.008590036071836948
0.5051588416099548 1.139082431793213 0.16948457062244415 0.020908210426568985
0.620539665222168 1.1084526777267456 0.3852001130580902 0.02650241181254387
0.5053452849388123 1.1480412483215332 0.2162107527256012 0.03747231513261795
0.6164429783821106 1.1927834749221802 0.31831830739974976 0.005175984464585781
0.5196666717529297 1.2234457731246948 0.11700691282749176 0.014036875218153
