0.5571287870407104 0.3433656692504883 -0.23306801915168762 0.9995749592781067
0.5651338696479797 0.32154107093811035 -0.20828379690647125 0.9993054866790771
0.569606602191925 0.32297366857528687 -0.20832152664661407 0.9994122982025146
0.573947548866272 0.325217604637146 -0.20837882161140442 0.9991580247879028
0.5483520030975342 0.3189154267311096 -0.21122969686985016 0.9994003772735596
0.5422723293304443 0.31884700059890747 -0.21144446730613708 0.9995494484901428
0.5362192988395691 0.3198142647743225 -0.21160469949245453 0.9994542002677917
0.5805856585502625 0.3418189585208893 -0.06819606572389603 0.9995450377464294
0.5267907381057739 0.33643829822540283 -0.07947459816932678 0.9997923970222473
0.5664879083633423 0.3721112906932831 -0.17797578871250153 0.9995080232620239
0.5453088879585266 0.3685283958911896 -0.18164044618606567 0.9996225833892822
0.6147041916847229 0.46759092807769775 -0.012306216172873974 0.9991638660430908
0.48333701491355896 0.47985756397247314 -0.050470296293497086 0.9994298815727234
0.6514914035797119 0.6414432525634766 -0.1992717832326889 0.9989487528800964
0.48655369877815247 0.6670302748680115 -0.2043699473142624 0.9984128475189209
0.5757931470870972 0.5020082592964172 -0.425405889749527 0.9984721541404724
0.5913096070289612 0.6584948301315308 -0.3808426558971405 0.9985402822494507
0.5557817816734314 0.46160104870796204 -0.47863417863845825 0.9955002665519714
0.615584135055542 0.668133556842804 -0.4212351143360138 0.9941199421882629
0.5567798018455505 0.44267526268959045 -0.43538108468055725 0.995100200176239
0.6189648509025574 0.6559692621231079 -0.39613789319992065 0.9939275979995728
0.5610384345054626 0.4512481391429901 -0.4118174910545349 0.9960426092147827
0.6122168898582458 0.6510152816772461 -0.3713361918926239 0.9945895671844482
0.6075641512870789 0.807684063911438 0.003889889921993017 0.9998674392700195
0.5096206068992615 0.8073838353157043 -0.0031689247116446495 0.9998284578323364
0.6108191609382629 1.0721913576126099 -0.00598097825422883 0.7591517567634583
0.5149810314178467 1.0942381620407104 0.023227818310260773 0.7359370589256287
0.6099105477333069 1.2616643905639648 0.4013678729534149 0.001010385574772954
0.5069987773895264 1.2694718837738037 0.3912985622882843 0.0023976180236786604
0.6102367043495178 1.296203851699829 0.4417911469936371 0.004353925585746765
0.5036296844482422 1.3053314685821533 0.42921197414398193 0.0047777132131159306
0.6051488518714905 1.3519792556762695 0.36067628860473633 0.0005522519932128489
0.515532910823822 1.346815824508667 0.33514466881752014 0.0016632400220260024
