0.5581763982772827 0.341971755027771 -0.32467952370643616 0.9998176693916321
0.5651415586471558 0.32115986943244934 -0.2983711063861847 0.9996115565299988
0.5694407224655151 0.32191675901412964 -0.29841431975364685 0.9998075366020203
0.5741105675697327 0.3230951130390167 -0.29849427938461304 0.9995635151863098
0.5484285950660706 0.3197300136089325 -0.3018887937068939 0.9994631409645081
0.5419207811355591 0.31981176137924194 -0.30220624804496765 0.9997363686561584
0.5358959436416626 0.32053840160369873 -0.30226317048072815 0.9993991851806641
0.5803940296173096 0.3386462330818176 -0.14937715232372284 0.9998881816864014
0.5250083208084106 0.3360465466976166 -0.16413599252700806 0.9998260140419006
0.5671603083610535 0.36820951104164124 -0.2673480212688446 0.9996532201766968
0.5471286773681641 0.3668782413005829 -0.2720855474472046 0.9992863535881042
0.61390221118927 0.46625638008117676 -0.0749938115477562 0.999840497970581
0.4871974587440491 0.47631192207336426 -0.09260987490415573 0.999298095703125
0.6776151657104492 0.6475783586502075 -0.2583519220352173 0.9998390674591064
0.46159598231315613 0.6680822372436523 -0.2721196711063385 0.9982378482818604
0.6159747242927551 0.5002723932266235 -0.5072561502456665 0.9998154044151306
0.5194421410560608 0.5368003845214844 -0.5263729095458984 0.9998562335968018
0.5942151546478271 0.46370598673820496 -0.5556828379631042 0.9993615746498108
0.5325965285301208 0.4897810220718384 -0.5715110301971436 0.9993252754211426
0.5920600891113281 0.4418865144252777 -0.5165321230888367 0.999299168586731
0.5296120643615723 0.46884840726852417 -0.5434755682945251 0.9991951584815979
0.5933520197868347 0.45185333490371704 -0.4953431189060211 0.999468982219696
0.5288349986076355 0.4853018820285797 -0.5186602473258972 0.9992775321006775
0.6054986715316772 0.7772417664527893 0.006480909883975983 0.9999707937240601
0.5101420879364014 0.7770887017250061 -0.005832691211253405 0.9999555349349976
0.6035043597221375 1.035241961479187 -0.0306205153465271 0.7828747630119324
0.5135222673416138 1.0442872047424316 -0.03301816061139107 0.8320763111114502
0.6120110750198364 1.1875121593475342 0.43006759881973267 0.00022179458755999804
0.5041314959526062 1.1974971294403076 0.3902951776981354 0.0005862385150976479
0.6161535382270813 1.2142900228500366 0.4761454463005066 0.0016912516439333558
0.5013974905014038 1.2270995378494263 0.4326415956020355 0.0018984925700351596
0.6059160828590393 1.2670364379882812 0.4017701745033264 8.733352296985686e-05
0.5103468894958496 1.2713267803192139 0.3376036584377289 0.0003137668827548623
