0.5563173890113831 0.3392278254032135 -0.41340696811676025 0.9999837875366211
0.5634443163871765 0.3181041479110718 -0.38859692215919495 0.9999430179595947
0.567379891872406 0.31876340508461 -0.3885436952114105 0.9999765157699585
0.5717366933822632 0.31996944546699524 -0.38850948214530945 0.9999445676803589
0.5471658110618591 0.3182823956012726 -0.391037255525589 0.9999114274978638
0.5408946871757507 0.319165974855423 -0.3913863003253937 0.999962329864502
0.5349141359329224 0.3209739625453949 -0.39137351512908936 0.9998914003372192
0.5796705484390259 0.33727163076400757 -0.23560172319412231 0.9999890327453613
0.5246548652648926 0.3381872773170471 -0.24544718861579895 0.9999732971191406
0.5664469599723816 0.3650149405002594 -0.3544839322566986 0.9999737739562988
0.5466287732124329 0.36589592695236206 -0.3583041727542877 0.9999263286590576
0.6188296675682068 0.4677254259586334 -0.15716829895973206 0.999981164932251
0.4858570396900177 0.47455382347106934 -0.15795490145683289 0.9998538494110107
0.6803370714187622 0.6400418877601624 -0.3437303602695465 0.9999738931655884
0.457420289516449 0.6593036651611328 -0.3388546407222748 0.99970942735672
0.6209456324577332 0.48921820521354675 -0.5730352997779846 0.999994158744812
0.5143682956695557 0.5044921636581421 -0.5926221013069153 0.9999949932098389
0.6007386445999146 0.44979527592658997 -0.6206868290901184 0.9999562501907349
0.5227640271186829 0.457305371761322 -0.6390544176101685 0.9999582767486572
0.5971494913101196 0.4315102994441986 -0.5788654088973999 0.999946117401123
0.5212671756744385 0.43940970301628113 -0.6077174544334412 0.9999480247497559
0.597523033618927 0.44038307666778564 -0.559230387210846 0.9999645948410034
0.5213472247123718 0.456448495388031 -0.5848459601402283 0.9999529123306274
0.6050195097923279 0.7867521643638611 0.007653119508177042 0.9999825954437256
0.5093734264373779 0.7887098789215088 -0.006564348470419645 0.9999707937240601
0.6102933883666992 1.0499086380004883 -0.03690177574753761 0.48048853874206543
0.5139203071594238 1.047926664352417 0.014598926529288292 0.6329934000968933
0.6119498610496521 1.2527122497558594 0.4087338447570801 1.562806937727146e-05
0.5028886795043945 1.2479498386383057 0.41236501932144165 0.0001359403831884265
0.6159687042236328 1.2918964624404907 0.4497579038143158 0.00020483066327869892
0.49816253781318665 1.2914427518844604 0.44906681776046753 0.0004450887499842793
0.5999584197998047 1.3430733680725098 0.32519665360450745 8.488553248753306e-06
0.5128541588783264 1.3248064517974854 0.29619133472442627 0.00012552086263895035
