0.5529252290725708 0.34144672751426697 -0.47719451785087585 0.9998058676719666
0.5609597563743591 0.3238096833229065 -0.4461889863014221 0.9994651675224304
0.565191924571991 0.32522818446159363 -0.44617959856987 0.999599039554596
0.5701822638511658 0.3268120586872101 -0.4463285803794861 0.9992735981941223
0.5450746417045593 0.3218359351158142 -0.456199586391449 0.9994975328445435
0.5385107398033142 0.32223230600357056 -0.4564798176288605 0.9996694326400757
0.5324885249137878 0.32314905524253845 -0.45658227801322937 0.9994757771492004
0.5759735703468323 0.342070072889328 -0.27254897356033325 0.9995447993278503
0.5211594700813293 0.33870238065719604 -0.3187725841999054 0.9998525381088257
0.5601569414138794 0.3694148659706116 -0.4107622802257538 0.9995879530906677
0.5419285893440247 0.3687724471092224 -0.4250205457210541 0.9996107220649719
0.6116896271705627 0.47981002926826477 -0.16451822221279144 0.998661994934082
0.48519167304039 0.4867594838142395 -0.25197020173072815 0.9991621971130371
0.6687930822372437 0.6249886751174927 -0.4038983881473541 0.9977391958236694
0.4637269377708435 0.6520994305610657 -0.5006139278411865 0.9936703443527222
0.6369960308074951 0.44849374890327454 -0.6696774363517761 0.999177873134613
0.49087417125701904 0.44927170872688293 -0.7839877605438232 0.9997515082359314
0.6384567022323608 0.38840022683143616 -0.7128736972808838 0.995983362197876
0.48395445942878723 0.40173378586769104 -0.8399698734283447 0.9987263083457947
0.634308397769928 0.3745078146457672 -0.6660341620445251 0.9951913356781006
0.4869477450847626 0.3944393992424011 -0.8012376427650452 0.9984943866729736
0.6293521523475647 0.39974546432495117 -0.6566284894943237 0.9943091869354248
0.4915050268173218 0.4118661880493164 -0.7745201587677002 0.99775630235672
0.6032539010047913 0.773009181022644 0.026448296383023262 0.9989626407623291
0.5115917921066284 0.7814272046089172 -0.026102155447006226 0.9998124241828918
0.618577778339386 1.03412663936615 -0.05894583836197853 0.6728998422622681
0.5019212961196899 1.0012972354888916 -0.3483510911464691 0.7666009664535522
0.6206910014152527 1.1679511070251465 0.4179389178752899 0.0008914974168874323
0.5064948797225952 1.1915946006774902 0.03746596351265907 0.00988356489688158
0.6226896643638611 1.1889088153839111 0.4618828594684601 0.004858360160142183
0.5091547966003418 1.2221415042877197 0.07213067263364792 0.009482196532189846
0.6115971803665161 1.2508903741836548 0.3485812246799469 0.0009190273121930659
0.5080181360244751 1.2717727422714233 -0.09374676644802094 0.01080319657921791
