0.5533642172813416 0.34248262643814087 -0.527774453163147 0.9994269609451294
0.5623992681503296 0.32171812653541565 -0.5011902451515198 0.9987887740135193
0.5673078298568726 0.32201245427131653 -0.5012208223342896 0.9991732239723206
0.5719434022903442 0.32289305329322815 -0.5013840794563293 0.998389720916748
0.5456942319869995 0.32253769040107727 -0.4995760917663574 0.9984588623046875
0.5392681360244751 0.32360967993736267 -0.4998244047164917 0.9989755153656006
0.533884584903717 0.3250870108604431 -0.49994075298309326 0.9984036087989807
0.579718828201294 0.3404926657676697 -0.33380892872810364 0.9993182420730591
0.5253356099128723 0.3425877094268799 -0.3264407813549042 0.9993215799331665
0.5634185075759888 0.3723633885383606 -0.4638051688671112 0.999026894569397
0.5424603819847107 0.37364107370376587 -0.4624258577823639 0.9987838864326477
0.6196703314781189 0.4831787645816803 -0.23405832052230835 0.9975219368934631
0.4897661805152893 0.4816953241825104 -0.22131209075450897 0.9973879456520081
0.6597511172294617 0.6333478689193726 -0.511947751045227 0.9978919625282288
0.46190881729125977 0.6701215505599976 -0.46070215106010437 0.9925212264060974
0.6411134004592896 0.4450593888759613 -0.8335171341896057 0.9985047578811646
0.48675477504730225 0.5002888441085815 -0.7985572218894958 0.9992456436157227
0.6411390900611877 0.3934346139431 -0.8916399478912354 0.9937945604324341
0.48273801803588867 0.44982418417930603 -0.8552544116973877 0.9971518516540527
0.6404874920845032 0.37812790274620056 -0.8503877520561218 0.9928160905838013
0.48130834102630615 0.4345585107803345 -0.8197110891342163 0.9967036843299866
0.6366831064224243 0.39925387501716614 -0.8237886428833008 0.9920389652252197
0.485628217458725 0.4516317546367645 -0.7913103699684143 0.9956759810447693
0.6072362065315247 0.7949598431587219 0.002404571743682027 0.9991368651390076
0.5081465840339661 0.7921888828277588 -0.0019101862562820315 0.9995504021644592
0.6210294961929321 1.0498465299606323 -0.17670223116874695 0.6420011520385742
0.5022619962692261 1.0241036415100098 -0.20136676728725433 0.6451852917671204
0.6183332204818726 1.192582130432129 0.3096862733364105 0.0011872091563418508
0.4955332577228546 1.2304327487945557 0.20256094634532928 0.012080321088433266
0.6188223958015442 1.2146412134170532 0.35421231389045715 0.006490990519523621
0.4957643449306488 1.2665951251983643 0.23723968863487244 0.010830441489815712
0.6095631718635559 1.2777206897735596 0.22759059071540833 0.001369834877550602
0.5000653266906738 1.3134480714797974 0.060951847583055496 0.009622802957892418
