0.5521932244300842 0.33571088314056396 -0.26630696654319763 0.999961256980896
0.5594504475593567 0.31431663036346436 -0.23395249247550964 0.9998050332069397
0.5639576315879822 0.3142244815826416 -0.23396572470664978 0.9998859167098999
0.5686471462249756 0.31430405378341675 -0.2339908927679062 0.9997028708457947
0.5422095060348511 0.3172902464866638 -0.2515888512134552 0.9998646974563599
0.5359492897987366 0.319557249546051 -0.25177475810050964 0.999940037727356
0.5304566621780396 0.3218279480934143 -0.25200337171554565 0.9998911619186401
0.5757856369018555 0.32927584648132324 -0.06881646066904068 0.99981290102005
0.52203768491745 0.338881254196167 -0.15083983540534973 0.9999856948852539
0.5646398067474365 0.36551541090011597 -0.20340631902217865 0.999906063079834
0.5413490533828735 0.3667750656604767 -0.22763125598430634 0.9999641180038452
0.612186849117279 0.4677633047103882 0.015874143689870834 0.9998729228973389
0.48078858852386475 0.48945102095603943 -0.10360156744718552 0.9998441934585571
0.6738480925559998 0.5633842945098877 -0.14895854890346527 0.9994685053825378
0.4769555330276489 0.6880536079406738 -0.12885186076164246 0.9947012662887573
0.6149781942367554 0.37995731830596924 -0.3737016022205353 0.9987496137619019
0.5077692270278931 0.8589127063751221 -0.19803451001644135 0.9941388368606567
0.5936097502708435 0.3341633081436157 -0.4236873388290405 0.9937175512313843
0.5070321559906006 0.9269485473632812 -0.22224073112010956 0.9792990684509277
0.5903894901275635 0.3256300687789917 -0.3775525987148285 0.9931339025497437
0.5264891982078552 0.9193689823150635 -0.23619191348552704 0.9820978045463562
0.592020571231842 0.3416440486907959 -0.3622587323188782 0.9943918585777283
0.5291551351547241 0.8992727994918823 -0.20150436460971832 0.9850127696990967
0.6108224391937256 0.8072688579559326 0.020048560574650764 0.9997900128364563
0.5234748721122742 0.8254269957542419 -0.019321518018841743 0.9997531771659851
0.6251278519630432 1.0900588035583496 -0.021961526945233345 0.441887766122818
0.5177996754646301 1.0716874599456787 -0.11548209190368652 0.4807153642177582
0.6323904395103455 1.261842131614685 0.4459288418292999 0.0005146273178979754
0.5441269278526306 1.2831213474273682 0.2903546392917633 0.0026715535204857588
0.6385857462882996 1.2911230325698853 0.49024498462677 0.0032724987249821424
0.5454080104827881 1.318405270576477 0.32781609892845154 0.007798111531883478
0.6211141347885132 1.3528344631195068 0.3774719536304474 0.0005110271740704775
0.5643943548202515 1.3747076988220215 0.17845849692821503 0.002249266719445586
