0.5528309345245361 0.32789161801338196 -0.371614545583725 0.9999761581420898
0.5595436096191406 0.30652856826782227 -0.3462367355823517 0.9999666213989258
0.5641993880271912 0.30733996629714966 -0.34631824493408203 0.9999804496765137
0.5691816210746765 0.30836641788482666 -0.34642982482910156 0.9999589920043945
0.5428415536880493 0.3052409887313843 -0.35158756375312805 0.9999539852142334
0.5368669033050537 0.30568647384643555 -0.3517504632472992 0.9999711513519287
0.5314772129058838 0.3060011863708496 -0.35183513164520264 0.9999438524246216
0.5738783478736877 0.32217055559158325 -0.19010786712169647 0.9999827146530151
0.5216842293739319 0.3226695656776428 -0.21738944947719574 0.9999771118164062
0.5615176558494568 0.35559433698654175 -0.312030166387558 0.9999823570251465
0.5408487319946289 0.35398292541503906 -0.3202889859676361 0.9999783039093018
0.6061908006668091 0.4727136194705963 -0.09082438051700592 0.9999414682388306
0.48224174976348877 0.47115376591682434 -0.11299213021993637 0.9997636675834656
0.6413733959197998 0.6656417846679688 -0.17991302907466888 0.9972124695777893
0.4524081349372864 0.6615079641342163 -0.2522142231464386 0.9901095628738403
0.6065225005149841 0.6474389433860779 -0.46399977803230286 0.9970793724060059
0.48506960272789 0.6295149326324463 -0.5820154547691345 0.9971279501914978
0.595950186252594 0.6201478838920593 -0.5246814489364624 0.9927928447723389
0.4958013892173767 0.603726327419281 -0.6434496641159058 0.9926891922950745
0.5963780283927917 0.6043280363082886 -0.5154711604118347 0.9934159517288208
0.49571388959884644 0.5812093019485474 -0.6370279788970947 0.9928522706031799
0.5966479182243347 0.6063511371612549 -0.46478554606437683 0.9932469129562378
0.49515172839164734 0.5829527378082275 -0.5843325853347778 0.9925408363342285
0.5886757373809814 0.7787576913833618 0.008058561943471432 0.9996762275695801
0.4982086718082428 0.7802354097366333 -0.007341396529227495 0.9995054006576538
0.6110304594039917 1.022947072982788 -0.07966230809688568 0.6248595118522644
0.4963739216327667 1.0390819311141968 -0.0410311296582222 0.5582890510559082
0.6166607737541199 1.2135064601898193 0.3115972876548767 0.002039964310824871
0.4943806827068329 1.2174062728881836 0.38229748606681824 0.0024617924354970455
0.616655707359314 1.2447750568389893 0.3464215397834778 0.00669490871950984
0.49272140860557556 1.2477725744247437 0.42118939757347107 0.004365906119346619
0.6153435111045837 1.2982169389724731 0.21985723078250885 0.0008956702658906579
0.502347469329834 1.2906925678253174 0.28645509481430054 0.001321502379141748
