0.5506616830825806 0.32291728258132935 -0.19149605929851532 0.9967857599258423
0.5578572154045105 0.30556583404541016 -0.16238722205162048 0.9986703395843506
0.5617163777351379 0.3072177767753601 -0.16245302557945251 0.9980613589286804
0.5665481090545654 0.309192419052124 -0.16267044842243195 0.9986231327056885
0.5419378280639648 0.3036274313926697 -0.1653997004032135 0.9982408285140991
0.5357520580291748 0.3038237690925598 -0.16538508236408234 0.9972034692764282
0.5304667353630066 0.30446863174438477 -0.16546545922756195 0.9979655742645264
0.5723093152046204 0.3260648250579834 -0.01902897283434868 0.9984747767448425
0.5211498141288757 0.32249635457992554 -0.032060377299785614 0.9970210194587708
0.5588125586509705 0.35216307640075684 -0.13824114203453064 0.9990426898002625
0.5387287735939026 0.3490861654281616 -0.1422942727804184 0.998916745185852
0.6054421067237854 0.47003400325775146 0.011433661915361881 0.999182403087616
0.4794083833694458 0.47244134545326233 -0.0009370411280542612 0.9965093731880188
0.6382297277450562 0.6565448641777039 -0.15394529700279236 0.9739643931388855
0.44912174344062805 0.6458946466445923 -0.21555575728416443 0.933234691619873
0.5572478771209717 0.5468921065330505 -0.37589842081069946 0.9788802266120911
0.5181388854980469 0.5324972867965698 -0.4481469392776489 0.9709898829460144
0.5485816597938538 0.49463680386543274 -0.42332741618156433 0.9407918453216553
0.5293804407119751 0.47301676869392395 -0.49178993701934814 0.9116864800453186
0.5515563488006592 0.4769243001937866 -0.3873046934604645 0.9362844824790955
0.5280703902244568 0.4601549506187439 -0.46155738830566406 0.8963556289672852
0.5519296526908875 0.4911785423755646 -0.3650801479816437 0.9274401664733887
0.5257745981216431 0.47982341051101685 -0.4395449757575989 0.8838204145431519
0.5899072289466858 0.7772361636161804 0.013356896117329597 0.9990676045417786
0.49755021929740906 0.7768930792808533 -0.013114867731928825 0.9977906942367554
0.6381956338882446 1.013526201248169 -0.1502162367105484 0.7507726550102234
0.4880739152431488 1.0157586336135864 -0.08896701037883759 0.5300375819206238
0.6048954725265503 1.0811424255371094 0.3086630403995514 0.006717138923704624
0.4969698488712311 1.1098848581314087 0.3100821077823639 0.004432923160493374
0.5962461829185486 1.078905463218689 0.35937827825546265 0.015892768278717995
0.49884292483329773 1.1221901178359985 0.3547690808773041 0.005535314325243235
0.5990883708000183 1.1667778491973877 0.3310239017009735 0.00563799636438489
0.5021954774856567 1.1806869506835938 0.3103591501712799 0.004093884490430355
