0.5515967011451721 0.31716102361679077 -0.319678395986557 0.9992040991783142
0.5575878620147705 0.29981738328933716 -0.2928380072116852 0.9995006322860718
0.5616700649261475 0.30136024951934814 -0.29290008544921875 0.9995405673980713
0.5661879777908325 0.3029165267944336 -0.2930609881877899 0.9994012117385864
0.5417543053627014 0.2989991307258606 -0.29575008153915405 0.9995130300521851
0.5355408191680908 0.30041444301605225 -0.2958161234855652 0.9995635151863098
0.5300889015197754 0.30218857526779175 -0.29594534635543823 0.9994950294494629
0.5717402100563049 0.3197863698005676 -0.15077291429042816 0.9995682835578918
0.5196881890296936 0.3226310610771179 -0.16395203769207 0.9996604919433594
0.5601891875267029 0.3471341133117676 -0.2664736211299896 0.999636173248291
0.5402718782424927 0.34611964225769043 -0.2705286741256714 0.9997082352638245
0.6085464954376221 0.46971434354782104 -0.09702553600072861 0.9992865920066833
0.4776674509048462 0.4732511639595032 -0.11589565128087997 0.9992419481277466
0.6421495079994202 0.6686326265335083 -0.2564027011394501 0.9845852255821228
0.4403747618198395 0.6560792922973633 -0.30762413144111633 0.9815435409545898
0.5623359084129333 0.6008501052856445 -0.5270348787307739 0.973249077796936
0.517488956451416 0.5980315208435059 -0.5552978515625 0.9816300868988037
0.5481996536254883 0.5641348361968994 -0.5787977576255798 0.9488953948020935
0.5328661203384399 0.5661372542381287 -0.6014955639839172 0.9518094658851624
0.5504379868507385 0.5364376306533813 -0.5487892627716064 0.9480108022689819
0.5322043895721436 0.5366401672363281 -0.5728482604026794 0.9472097754478455
0.5525224208831787 0.545059084892273 -0.519037127494812 0.943806529045105
0.5299780964851379 0.5433022975921631 -0.5463903546333313 0.943966269493103
0.5909082889556885 0.776875913143158 0.009562184102833271 0.9990488886833191
0.49723461270332336 0.7737112045288086 -0.009288669563829899 0.9987967014312744
0.6285923719406128 1.0340995788574219 -0.10241969674825668 0.7838611602783203
0.4892852008342743 1.0252279043197632 -0.046700723469257355 0.7172809839248657
0.6096262335777283 1.1204860210418701 0.36833587288856506 0.003848279593512416
0.48794272541999817 1.1565438508987427 0.3288225829601288 0.005806811153888702
0.6054633855819702 1.1228275299072266 0.418178528547287 0.008610173128545284
0.48784714937210083 1.175589680671692 0.3693048655986786 0.007781051564961672
0.6012668609619141 1.2026718854904175 0.3824481666088104 0.0018591558327898383
0.49465683102607727 1.2315982580184937 0.3101232349872589 0.0031642504036426544
