0.5391435027122498 0.35764938592910767 -0.18115641176700592 0.9970685839653015
0.5476104617118835 0.33725470304489136 -0.1517641693353653 0.9987019300460815
0.5520185828208923 0.33726966381073 -0.15183813869953156 0.9981157779693604
0.5569681525230408 0.3379128575325012 -0.15205876529216766 0.9985674619674683
0.5311912298202515 0.3373733162879944 -0.15532149374485016 0.9983071088790894
0.5250402092933655 0.33772867918014526 -0.15536461770534515 0.997347354888916
0.5195375084877014 0.3382031321525574 -0.15544594824314117 0.9978194236755371
0.5637195706367493 0.3509364426136017 -0.00716860918328166 0.9989570379257202
0.510619580745697 0.35072192549705505 -0.02103930339217186 0.9974700212478638
0.5480096340179443 0.3841763734817505 -0.1271624118089676 0.9992501139640808
0.5284864902496338 0.38225212693214417 -0.13151361048221588 0.9989029169082642
0.5956186652183533 0.4950755834579468 0.03060052916407585 0.9989816546440125
0.4674426317214966 0.48718562722206116 -0.0032673736568540335 0.99642014503479
0.6403852701187134 0.6615139842033386 -0.16779209673404694 0.9856547713279724
0.4499802589416504 0.6595064997673035 -0.24103116989135742 0.9623880386352539
0.579900860786438 0.5334688425064087 -0.40535709261894226 0.9848543405532837
0.5200924873352051 0.5489784479141235 -0.47965624928474426 0.983614981174469
0.5668818950653076 0.4899883568286896 -0.4562806785106659 0.9508640170097351
0.5347214937210083 0.5031237602233887 -0.5254668593406677 0.945873498916626
0.5617324709892273 0.4754984974861145 -0.41614192724227905 0.9476097226142883
0.5312085151672363 0.48505863547325134 -0.49336501955986023 0.9387721419334412
0.5620662569999695 0.4901101589202881 -0.39366769790649414 0.9426147937774658
0.5294483304023743 0.5042886734008789 -0.47087398171424866 0.9297423958778381
0.5848135352134705 0.8069037199020386 0.010702253319323063 0.9995121955871582
0.4863910675048828 0.8199723958969116 -0.010296965949237347 0.9984928369522095
0.6207473278045654 1.0156888961791992 -0.1853717863559723 0.9142075181007385
0.48420220613479614 1.0747383832931519 -0.024043971672654152 0.697167158126831
0.6014935374259949 1.1326985359191895 0.21248073875904083 0.03263366222381592
0.4845336973667145 1.1569297313690186 0.40202686190605164 0.008410579524934292
0.5946785807609558 1.1470085382461548 0.25536036491394043 0.05939854681491852
0.48730820417404175 1.173924446105957 0.44694840908050537 0.007996436208486557
0.6029120087623596 1.2136573791503906 0.19369225203990936 0.026385774835944176
0.48325544595718384 1.2164716720581055 0.3891719579696655 0.006718469318002462
