0.5433763265609741 0.4159657061100006 -0.26292937994003296 0.999271810054779
0.5487151741981506 0.39478492736816406 -0.23361167311668396 0.9987843632698059
0.5521688461303711 0.39565539360046387 -0.23365028202533722 0.9990476965904236
0.5560287833213806 0.3970230221748352 -0.23363694548606873 0.9987536668777466
0.5362840294837952 0.39112183451652527 -0.239481583237648 0.9987044334411621
0.5304023027420044 0.38969936966896057 -0.2397128939628601 0.9990160465240479
0.5241774320602417 0.38905102014541626 -0.23988038301467896 0.998773992061615
0.556334912776947 0.40864354372024536 -0.08821939677000046 0.9993425011634827
0.5104227066040039 0.40132805705070496 -0.11244634538888931 0.9992644190788269
0.5462669730186462 0.44377249479293823 -0.2100919932126999 0.9993892908096313
0.5308797359466553 0.44000348448753357 -0.21809567511081696 0.9991579055786133
0.5828230381011963 0.5472294688224792 -0.046012993901968 0.9989700317382812
0.45783910155296326 0.5358297824859619 -0.06819741427898407 0.9981016516685486
0.6306033730506897 0.6987592577934265 -0.2634638547897339 0.9987928867340088
0.40407657623291016 0.7015355229377747 -0.2919483482837677 0.9995680451393127
0.5620928406715393 0.5760219693183899 -0.5188741087913513 0.9988695979118347
0.5017535090446472 0.5890957117080688 -0.518114447593689 0.9997385144233704
0.5512603521347046 0.5278626680374146 -0.5679799914360046 0.994768500328064
0.5148525238037109 0.5360377430915833 -0.5599141716957092 0.9979094862937927
0.5493519902229309 0.5201454162597656 -0.5221400856971741 0.9939683675765991
0.5163542032241821 0.5258007049560547 -0.5197701454162598 0.9974799752235413
0.5494096279144287 0.5389295816421509 -0.5055032968521118 0.9954532384872437
0.5152105093002319 0.5449154376983643 -0.5054880380630493 0.9976728558540344
0.5717570781707764 0.8550471663475037 0.003843693295493722 0.9997071623802185
0.48547688126564026 0.8615719676017761 -0.0028331188950687647 0.9995208978652954
0.5740352869033813 1.1027323007583618 -0.19141802191734314 0.33037126064300537
0.4822115898132324 1.103654146194458 -0.016250312328338623 0.3529072701931
0.5714112520217896 1.313371181488037 0.14887244999408722 9.939649316947907e-05
0.49047231674194336 1.3176389932632446 0.29362624883651733 0.0005594658432528377
0.5738388895988464 1.3489594459533691 0.17877767980098724 0.0004367694491520524
0.4876197576522827 1.354788064956665 0.32044124603271484 0.000625861284788698
0.5619994401931763 1.3956327438354492 0.0344865657389164 7.099191134329885e-05
0.5019850134849548 1.394850730895996 0.1594305783510208 0.00039779365761205554
