0.5381590723991394 0.41154977679252625 -0.17163172364234924 0.9992355108261108
0.5446616411209106 0.3934534788131714 -0.14469893276691437 0.999188244342804
0.5484035611152649 0.39442235231399536 -0.14464198052883148 0.9993478655815125
0.5522638559341431 0.39588314294815063 -0.14465700089931488 0.999254047870636
0.5305389761924744 0.3912760317325592 -0.14810845255851746 0.9989483952522278
0.5242420434951782 0.39085298776626587 -0.14823444187641144 0.9991446733474731
0.5184710025787354 0.39115992188453674 -0.148362934589386 0.9990838766098022
0.5550249218940735 0.408977746963501 -0.020340438932180405 0.9996002316474915
0.5077841877937317 0.4029492735862732 -0.03413690999150276 0.9996447563171387
0.5427431464195251 0.4403517246246338 -0.12683865427970886 0.9993281364440918
0.5253233313560486 0.4374118447303772 -0.13141995668411255 0.9992088675498962
0.5850445628166199 0.5435967445373535 0.006410239264369011 0.9993516802787781
0.4627249538898468 0.5325379967689514 -0.017298473045229912 0.9988757967948914
0.6305686831474304 0.6961714029312134 -0.18761827051639557 0.9995912909507751
0.40853482484817505 0.6795496344566345 -0.22439835965633392 0.9995524287223816
0.5581281185150146 0.5714417695999146 -0.3814552426338196 0.9995332956314087
0.5075551271438599 0.5880757570266724 -0.38595008850097656 0.9997606873512268
0.5483097434043884 0.5225379467010498 -0.41887420415878296 0.9972272515296936
0.5214694142341614 0.5359472036361694 -0.41459131240844727 0.9977846741676331
0.5472066402435303 0.5203249454498291 -0.3691228926181793 0.9967568516731262
0.522188127040863 0.5295048356056213 -0.37520402669906616 0.9971975088119507
0.548167884349823 0.5404776930809021 -0.36551809310913086 0.9980150461196899
0.5209341645240784 0.5483568906784058 -0.3722188174724579 0.9980073571205139
0.5626107454299927 0.818684458732605 0.011587025597691536 0.9999549388885498
0.4823821783065796 0.823546826839447 -0.010545196942985058 0.9999356269836426
0.5631411075592041 1.0567333698272705 0.0017653401009738445 0.13007663190364838
0.4756728708744049 1.0444653034210205 0.04969223961234093 0.18666617572307587
0.5560938715934753 1.2387027740478516 0.3271630108356476 1.346590943285264e-05
0.4771096408367157 1.2347760200500488 0.32715198397636414 5.389932630350813e-05
0.5587992072105408 1.2709168195724487 0.35716956853866577 0.00011796609760494903
0.47329357266426086 1.271300196647644 0.35197576880455017 8.694123971508816e-05
0.5438722968101501 1.3170039653778076 0.24910449981689453 1.0594066225166898e-05
0.4859437644481659 1.3056883811950684 0.2217601239681244 6.017105988576077e-05
