0.5379794239997864 0.41156259179115295 -0.30077439546585083 0.9980307221412659
0.5436199903488159 0.3926202952861786 -0.2735484838485718 0.9975042939186096
0.5475466251373291 0.39397624135017395 -0.2736010253429413 0.9972612857818604
0.5512160062789917 0.39568835496902466 -0.27371734380722046 0.9962499737739563
0.5295672416687012 0.38907647132873535 -0.27960655093193054 0.9978618025779724
0.5233613848686218 0.3882676661014557 -0.27979418635368347 0.9981502294540405
0.5175537467002869 0.3881416916847229 -0.2799537777900696 0.9981322884559631
0.5521301627159119 0.40764570236206055 -0.13183417916297913 0.9983100891113281
0.5055155754089355 0.4016339182853699 -0.15843145549297333 0.9992554783821106
0.5418234467506409 0.4386490285396576 -0.24754425883293152 0.9994398951530457
0.5259327292442322 0.4352434277534485 -0.2557443380355835 0.999632716178894
0.5795543789863586 0.5423471927642822 -0.08390998840332031 0.9982330799102783
0.4558067321777344 0.5355859994888306 -0.09852433204650879 0.9988487958908081
0.618081271648407 0.694840133190155 -0.2294667661190033 0.974234938621521
0.41043129563331604 0.6935474872589111 -0.2723015248775482 0.9966247081756592
0.5590298175811768 0.6555787920951843 -0.46425682306289673 0.9212632775306702
0.5029944777488708 0.6505023241043091 -0.4778515100479126 0.9933799505233765
0.5440201163291931 0.6359436511993408 -0.5144506096839905 0.8264206051826477
0.525844395160675 0.6370946168899536 -0.5209831595420837 0.9711352586746216
0.5433173775672913 0.6196413040161133 -0.4851929843425751 0.8221160173416138
0.5304070115089417 0.6074703931808472 -0.48973968625068665 0.968086838722229
0.5451357364654541 0.625349223613739 -0.45679089426994324 0.8472524285316467
0.5239793658256531 0.6193342804908752 -0.46752646565437317 0.9670599699020386
0.5667617917060852 0.8286411166191101 -0.007285432890057564 0.9977413415908813
0.4809474050998688 0.8386967778205872 0.007953854277729988 0.9974330067634583
0.5767202377319336 1.0737438201904297 -0.14700467884540558 0.45093032717704773
0.4733976423740387 1.0755285024642944 -0.026192881166934967 0.514857292175293
0.5670157074928284 1.25466787815094 0.2582755386829376 0.003033472690731287
0.48269903659820557 1.252943992614746 0.3142454922199249 0.010610289871692657
0.5650285482406616 1.2842178344726562 0.29480651021003723 0.00866384245455265
0.4851091504096985 1.2847561836242676 0.3448805809020996 0.011076708324253559
0.565851628780365 1.3417675495147705 0.17796286940574646 0.0016746598994359374
0.4794575273990631 1.3317593336105347 0.21157076954841614 0.006777247879654169
