0.5466492772102356 0.41077691316604614 -0.36697879433631897 0.9998431205749512
0.5502581000328064 0.3906072974205017 -0.33707067370414734 0.999751627445221
0.5537893772125244 0.39169150590896606 -0.3372555673122406 0.9998348951339722
0.5572474002838135 0.3930377960205078 -0.3374253213405609 0.9997748732566833
0.5374535322189331 0.3874291777610779 -0.34320154786109924 0.9997082352638245
0.5311107039451599 0.3866758942604065 -0.343279093503952 0.9997474551200867
0.5247538089752197 0.38641607761383057 -0.3434135615825653 0.9995622038841248
0.5549785494804382 0.4036812484264374 -0.16492928564548492 0.999889612197876
0.5087371468544006 0.3998313248157501 -0.19019408524036407 0.9997277855873108
0.5499120950698853 0.4394223690032959 -0.30223435163497925 0.9999470710754395
0.5343016982078552 0.4386306703090668 -0.3098432719707489 0.9999140501022339
0.5931372046470642 0.5495321750640869 -0.07983460277318954 0.9999496936798096
0.45260679721832275 0.5385231375694275 -0.08030574768781662 0.9993182420730591
0.6330422759056091 0.6919571161270142 -0.18730828166007996 0.9892123937606812
0.40895435214042664 0.6825751066207886 -0.1340375542640686 0.9789239764213562
0.6296204924583435 0.7493544220924377 -0.5355692505836487 0.9471745491027832
0.4231555163860321 0.79407799243927 -0.3595041334629059 0.7613191604614258
0.6353985071182251 0.7779183387756348 -0.6115821003913879 0.9001063108444214
0.422023206949234 0.8386866450309753 -0.4066907465457916 0.6338495016098022
0.6247850060462952 0.755395770072937 -0.6282771229743958 0.9171360731124878
0.4355583190917969 0.8241716027259827 -0.43135568499565125 0.6700683236122131
0.6202032566070557 0.7437258362770081 -0.5500147342681885 0.8992962837219238
0.43761810660362244 0.8139861226081848 -0.3731288015842438 0.6480830311775208
0.5694915056228638 0.8567734360694885 -0.003371394006535411 0.9940230250358582
0.47498810291290283 0.8668060302734375 0.004231414757668972 0.9835516810417175
0.5903728008270264 1.0787229537963867 -0.3873078525066376 0.8204783797264099
0.47747719287872314 1.1059757471084595 -0.08166497200727463 0.5341746807098389
0.5861928462982178 1.2959685325622559 -0.09490606933832169 0.10736173391342163
0.4785517454147339 1.3121337890625 0.21504928171634674 0.08208465576171875
0.5828336477279663 1.3277641534805298 -0.07190141826868057 0.1509915143251419
0.47826138138771057 1.345202088356018 0.23697219789028168 0.1030246689915657
0.5847567915916443 1.3756253719329834 -0.25272035598754883 0.05525210499763489
0.4818372130393982 1.3828270435333252 0.0549999475479126 0.032889317721128464
