0.5482169389724731 0.31979432702064514 -0.25439533591270447 0.9999862909317017
0.5552589893341064 0.29714375734329224 -0.2231566160917282 0.9999901056289673
0.5600143074989319 0.2967366576194763 -0.22327357530593872 0.9999873638153076
0.5644373297691345 0.2965056896209717 -0.22350837290287018 0.999988317489624
0.5382464528083801 0.29952430725097656 -0.223887100815773 0.9999892711639404
0.5314165949821472 0.30103570222854614 -0.2239132672548294 0.9999867677688599
0.5253634452819824 0.30281347036361694 -0.22403164207935333 0.9999901056289673
0.5705683827400208 0.30935150384902954 -0.07115671038627625 0.9999904632568359
0.5161898732185364 0.31934288144111633 -0.07464248687028885 0.999992847442627
0.5574097037315369 0.34634941816329956 -0.199598491191864 0.9999978542327881
0.536338210105896 0.347291499376297 -0.200714111328125 0.9999984502792358
0.6095835566520691 0.4749632775783539 -0.008950100280344486 0.9999123811721802
0.4801146686077118 0.4688366651535034 -0.015573077835142612 0.999941349029541
0.6407946944236755 0.6681204438209534 -0.10051880031824112 0.9430259466171265
0.4462561011314392 0.6464650630950928 -0.10516652464866638 0.9342157244682312
0.6400712132453918 0.7079176902770996 -0.3718002736568451 0.7722886204719543
0.4532105326652527 0.7155195474624634 -0.3702320158481598 0.8061729669570923
0.6524177193641663 0.7327527403831482 -0.42808660864830017 0.7185257077217102
0.45904335379600525 0.7391356825828552 -0.4205767512321472 0.7573148012161255
0.6345923542976379 0.7047669887542725 -0.44369038939476013 0.7364587187767029
0.46217089891433716 0.7152208089828491 -0.4366793632507324 0.7707094550132751
0.6308019757270813 0.6922569870948792 -0.38322022557258606 0.7136110067367554
0.4630417227745056 0.7087710499763489 -0.3809560537338257 0.7552840709686279
0.5918067693710327 0.7680961489677429 0.01107318140566349 0.9994692206382751
0.5050433874130249 0.7741561532020569 -0.01073496975004673 0.9995787739753723
0.6249936819076538 0.986697256565094 -0.38047900795936584 0.8018028140068054
0.4935831129550934 0.9728109836578369 -0.3952532708644867 0.7504828572273254
0.626538097858429 1.0174983739852905 -0.0058684018440544605 0.026779290288686752
0.4933149218559265 1.0654629468917847 -0.07097207754850388 0.028747329488396645
0.6247662305831909 1.018509864807129 0.03082953579723835 0.06634146720170975
0.4943825900554657 1.0792343616485596 -0.03863172233104706 0.03980042785406113
0.6309054493904114 1.064618468284607 -0.038479480892419815 0.018249034881591797
0.4958484470844269 1.1196554899215698 -0.13511674106121063 0.02010274864733219
