0.5458762049674988 0.3279208540916443 -0.49380019307136536 0.9982179999351501
0.5553222894668579 0.30528855323791504 -0.4643000662326813 0.9988648891448975
0.5598763227462769 0.3056451678276062 -0.4643133282661438 0.9985248446464539
0.5648730397224426 0.3065038323402405 -0.4645380973815918 0.9985623955726624
0.5370871424674988 0.30505239963531494 -0.46685945987701416 0.9991057515144348
0.5311906337738037 0.3052688241004944 -0.46689173579216003 0.9990063309669495
0.5253539085388184 0.30611175298690796 -0.46698471903800964 0.9991146922111511
0.5725105404853821 0.31874120235443115 -0.2975424826145172 0.9989515542984009
0.5173089504241943 0.3204805850982666 -0.30714067816734314 0.9994698166847229
0.5568872690200806 0.3575690686702728 -0.4309289753437042 0.9997654557228088
0.5355909466743469 0.3564452528953552 -0.434092253446579 0.9998290538787842
0.6090677976608276 0.47084876894950867 -0.2256014049053192 0.9991740584373474
0.4731500744819641 0.47190791368484497 -0.2591701149940491 0.9994768500328064
0.6861436367034912 0.6113225221633911 -0.4940341114997864 0.9881283640861511
0.40726202726364136 0.6152058243751526 -0.5543809533119202 0.982882022857666
0.6126056909561157 0.5372805595397949 -0.8281950354576111 0.9134557843208313
0.4826388657093048 0.5290055274963379 -0.8551995158195496 0.9247323870658875
0.5864450931549072 0.5250880122184753 -0.8900304436683655 0.805511474609375
0.5252360701560974 0.5162407159805298 -0.9148706793785095 0.8257583379745483
0.5779586434364319 0.5106871724128723 -0.8488254547119141 0.781960666179657
0.5211338996887207 0.5031365752220154 -0.8744503259658813 0.7944481372833252
0.5850661396980286 0.5159181356430054 -0.8177415132522583 0.7324756383895874
0.5270777940750122 0.5036628246307373 -0.8437002897262573 0.7459181547164917
0.5928618311882019 0.780893862247467 0.016762208193540573 0.9988528490066528
0.4981992840766907 0.7833033800125122 -0.016820842400193214 0.998694121837616
0.6327633261680603 0.9804826378822327 -0.2721659243106842 0.745513916015625
0.5103258490562439 0.9408643245697021 -0.25761091709136963 0.6338375210762024
0.6098877191543579 0.9830849170684814 0.2693505883216858 0.011535797268152237
0.4867379069328308 0.9998021721839905 0.21167364716529846 0.011552190408110619
0.6060987114906311 0.9621966481208801 0.32859939336776733 0.01578957587480545
0.48783692717552185 1.0016766786575317 0.2636395990848541 0.014811553992331028
0.5929234027862549 1.038707971572876 0.31577274203300476 0.010044830851256847
0.4844883680343628 1.0487388372421265 0.23021815717220306 0.011146888136863708
