0.5460935831069946 0.3247339129447937 -0.24357540905475616 0.9991757273674011
0.5546959042549133 0.3034707307815552 -0.21456947922706604 0.9994317889213562
0.5591323971748352 0.3035210371017456 -0.21456177532672882 0.9992320537567139
0.5631763935089111 0.3039388656616211 -0.21473029255867004 0.9992936849594116
0.538063108921051 0.30248475074768066 -0.21651655435562134 0.9993454813957214
0.5317710041999817 0.3018121123313904 -0.2165726125240326 0.9990523457527161
0.526256263256073 0.3013198971748352 -0.2166435420513153 0.9990246295928955
0.5695561170578003 0.3137957453727722 -0.060069382190704346 0.9993510842323303
0.5174040198326111 0.3127822279930115 -0.06865142285823822 0.9990123510360718
0.5542231798171997 0.34995919466018677 -0.18523921072483063 0.9996734857559204
0.5338107347488403 0.34869593381881714 -0.1882580816745758 0.9996249675750732
0.5990631580352783 0.44409388303756714 -0.010664680041372776 0.99950110912323
0.4750916361808777 0.43821802735328674 -0.027704672887921333 0.998581051826477
0.6481688022613525 0.5803021788597107 -0.2854463458061218 0.989496648311615
0.4395579993724823 0.6405977010726929 -0.2745722234249115 0.9779485464096069
0.5960215926170349 0.39517050981521606 -0.6108074188232422 0.9934449195861816
0.47008731961250305 0.4873644709587097 -0.5596615672111511 0.9937735795974731
0.5955038070678711 0.3433906137943268 -0.675204873085022 0.9778835773468018
0.47493141889572144 0.43708550930023193 -0.6090285778045654 0.9805430769920349
0.5932264924049377 0.33482682704925537 -0.6290158033370972 0.9750980734825134
0.4755896031856537 0.42279383540153503 -0.5825570225715637 0.9785683751106262
0.5887285470962524 0.3547353446483612 -0.5994877219200134 0.9704234600067139
0.47912973165512085 0.436141699552536 -0.5542281866073608 0.97196364402771
0.5880250930786133 0.7583820223808289 0.015168016776442528 0.999847412109375
0.49488675594329834 0.7664893865585327 -0.014889051206409931 0.9994465708732605
0.6317036151885986 0.9754372835159302 -0.3177841901779175 0.788313090801239
0.5105227828025818 0.9784321188926697 -0.09235337376594543 0.46201643347740173
0.6086459755897522 1.101003646850586 0.0644424706697464 0.012433103285729885
0.4855536222457886 1.127853274345398 0.3173176348209381 0.006051940843462944
0.6042259335517883 1.110306978225708 0.10551712661981583 0.04174073785543442
0.48587939143180847 1.1413201093673706 0.3591105341911316 0.007777826860547066
0.598368227481842 1.1756749153137207 0.028696294873952866 0.01693461276590824
0.4818524122238159 1.210615873336792 0.2863166034221649 0.006521050352603197
