0.5510837435722351 0.33044320344924927 -0.14685994386672974 0.9999510049819946
0.5579922199249268 0.3066387176513672 -0.1199619397521019 0.9999279975891113
0.5621194243431091 0.306698203086853 -0.12005821615457535 0.9999721050262451
0.5668579936027527 0.3071940541267395 -0.12012297660112381 0.9999340772628784
0.54046630859375 0.3062249422073364 -0.125895157456398 0.9998959302902222
0.5342104434967041 0.3066864609718323 -0.1260218620300293 0.9999517202377319
0.528637170791626 0.30731886625289917 -0.1261354237794876 0.9998834133148193
0.573584794998169 0.31885796785354614 0.028475796803832054 0.9999805688858032
0.5180497765541077 0.32031041383743286 -0.0017450141021981835 0.9999723434448242
0.5624369382858276 0.36042648553848267 -0.08969393372535706 0.9998824596405029
0.5402907133102417 0.3570305109024048 -0.09877233952283859 0.9998736381530762
0.60425865650177 0.46042248606681824 0.07466992735862732 0.9999383687973022
0.47247785329818726 0.46292176842689514 0.04689987376332283 0.9997078776359558
0.6401531100273132 0.6023211479187012 -0.14814481139183044 0.9995914101600647
0.4385245442390442 0.6555019617080688 -0.15874195098876953 0.9972320199012756
0.5864359736442566 0.43127167224884033 -0.4454566538333893 0.9996564388275146
0.48581162095069885 0.5608206391334534 -0.417728066444397 0.9991306662559509
0.5838183164596558 0.38434523344039917 -0.5075669288635254 0.9992719292640686
0.5058259963989258 0.5324468612670898 -0.4638746380805969 0.9975444674491882
0.58408123254776 0.36727768182754517 -0.46891316771507263 0.999269425868988
0.5057532787322998 0.5056360363960266 -0.44052654504776 0.9974246025085449
0.5805835723876953 0.38687822222709656 -0.4369663596153259 0.9993190765380859
0.503829836845398 0.5130728483200073 -0.4122542440891266 0.9977253079414368
0.5898168683052063 0.7655928730964661 0.02021264098584652 0.9999629259109497
0.4962994456291199 0.7712277173995972 -0.019431550055742264 0.9998644590377808
0.6343135237693787 0.9919543266296387 -0.1340593695640564 0.8533679842948914
0.5156216621398926 0.9948309063911438 -0.038365911692380905 0.709620475769043
0.6222506165504456 1.248945951461792 0.25689777731895447 0.0015904882457107306
0.4928847849369049 1.2373071908950806 0.3930782973766327 0.001248917425982654
0.6238141655921936 1.2750370502471924 0.29672151803970337 0.006816829089075327
0.48501908779144287 1.2647041082382202 0.4375511705875397 0.007411428261548281
0.606532633304596 1.3401426076889038 0.2040065973997116 0.0003508749941829592
0.5004467368125916 1.3060802221298218 0.34554699063301086 0.00046724738785997033
