0.5470273494720459 0.33239397406578064 -0.36633118987083435 0.9997126460075378
0.5556594729423523 0.3096582293510437 -0.342246949672699 0.999729335308075
0.5607690811157227 0.3097347021102905 -0.34228411316871643 0.9996953010559082
0.5652711987495422 0.30990689992904663 -0.3424314260482788 0.9995999932289124
0.5384052395820618 0.3098357915878296 -0.3486814498901367 0.999718964099884
0.5318094491958618 0.31018298864364624 -0.3487219214439392 0.999666690826416
0.5261673927307129 0.31050896644592285 -0.34886521100997925 0.9996355772018433
0.5712954998016357 0.32119694352149963 -0.18909865617752075 0.9995753169059753
0.5169510841369629 0.3228593170642853 -0.2222374975681305 0.9998859167098999
0.5560118556022644 0.35892796516418457 -0.3064088225364685 0.9999188184738159
0.535466730594635 0.3564552962779999 -0.3163054883480072 0.9999662637710571
0.6018091440200806 0.4611999988555908 -0.09482350945472717 0.9997890591621399
0.4756227433681488 0.46438339352607727 -0.13954006135463715 0.999747097492218
0.6433480978012085 0.6195762753486633 -0.2770961821079254 0.9938257932662964
0.44503524899482727 0.6495960354804993 -0.25051945447921753 0.9708291888237
0.6074549555778503 0.45987576246261597 -0.5992471575737 0.9968500733375549
0.49537530541419983 0.6659955382347107 -0.4875902831554413 0.9706714749336243
0.602584958076477 0.4065825045108795 -0.6641882061958313 0.9907369017601013
0.5153606534004211 0.6775925755500793 -0.5342435240745544 0.9388502240180969
0.6021396517753601 0.3915853798389435 -0.6338302493095398 0.9896379709243774
0.5207816958427429 0.655392587184906 -0.526931643486023 0.9372847676277161
0.5980278849601746 0.412624716758728 -0.5939012765884399 0.9854158759117126
0.5157463550567627 0.6455352306365967 -0.48637381196022034 0.9246909618377686
0.591138482093811 0.7641388177871704 0.014920630492269993 0.998798131942749
0.4991194009780884 0.7707250714302063 -0.01461057923734188 0.9989585876464844
0.6330604553222656 0.9899682998657227 -0.12224386632442474 0.4433255195617676
0.5040279626846313 0.9719662070274353 -0.20754089951515198 0.46445339918136597
0.6120943427085876 1.0995073318481445 0.2954680621623993 0.00523763382807374
0.48822250962257385 1.1369823217391968 0.17990979552268982 0.009755303151905537
0.6056702733039856 1.1062370538711548 0.33586978912353516 0.016989832744002342
0.49088338017463684 1.1549122333526611 0.2187109887599945 0.013651074841618538
0.6120660901069641 1.1843955516815186 0.2647743821144104 0.005107978358864784
0.4931294322013855 1.219258189201355 0.12204959243535995 0.01002477016299963
