0.5337692499160767 0.4116446375846863 -0.1304149031639099 0.9995589852333069
0.540206253528595 0.39030423760414124 -0.10200952738523483 0.9996427297592163
0.5445163249969482 0.39140555262565613 -0.10201095044612885 0.9995759129524231
0.5490818619728088 0.3925761282444 -0.10213626176118851 0.9996395111083984
0.5254638195037842 0.3878297805786133 -0.10614161938428879 0.9995031356811523
0.519514799118042 0.38784122467041016 -0.1062173843383789 0.9994382262229919
0.5141371488571167 0.3888177275657654 -0.10633151978254318 0.9995937943458557
0.5537496209144592 0.4045848548412323 0.02541922777891159 0.9997205138206482
0.504180371761322 0.4032224714756012 0.007518146652728319 0.9997214674949646
0.5397403836250305 0.43722739815711975 -0.08430226892232895 0.9997250437736511
0.5221293568611145 0.43430671095848083 -0.09002022445201874 0.9996976852416992
0.5796862244606018 0.5371617674827576 0.05374090000987053 0.9993711113929749
0.4637032449245453 0.5345261096954346 0.033777832984924316 0.9988222718238831
0.6221104860305786 0.7101508378982544 -0.12578698992729187 0.9961118102073669
0.4391128420829773 0.6991136074066162 -0.15510986745357513 0.9909015893936157
0.5734162926673889 0.5985184907913208 -0.3250107169151306 0.9947654008865356
0.4991154372692108 0.586391806602478 -0.34950047731399536 0.9978931546211243
0.5607964396476746 0.5591515302658081 -0.36155974864959717 0.9732637405395508
0.510873556137085 0.5492846965789795 -0.38348624110221863 0.9863870143890381
0.558820903301239 0.5442758798599243 -0.316945880651474 0.9721367359161377
0.5109200477600098 0.5354176163673401 -0.3529614806175232 0.9838942885398865
0.5593293905258179 0.5555921792984009 -0.31102779507637024 0.9761560559272766
0.5098350048065186 0.5484036207199097 -0.3403119146823883 0.984279215335846
0.5639616250991821 0.8174163699150085 0.0069191730581223965 0.9993706345558167
0.48573511838912964 0.821286141872406 -0.006193326786160469 0.9995067119598389
0.5756170749664307 1.0230097770690918 -0.06842932850122452 0.25961291790008545
0.46816346049308777 0.9997726082801819 -0.14059488475322723 0.5086648464202881
0.5625700354576111 1.1846064329147339 0.2551973760128021 0.00040290580363944173
0.4782240688800812 1.187619924545288 0.12154972553253174 0.00311343208886683
0.5610185861587524 1.211290955543518 0.2841959595680237 0.0017545593436807394
0.47974854707717896 1.2209315299987793 0.14483340084552765 0.002209472469985485
0.5565887093544006 1.2629354000091553 0.17739418148994446 0.0003747911541722715
0.47961539030075073 1.2575740814208984 0.011175324209034443 0.002730665495619178
