0.536503791809082 0.41316595673561096 -0.19118808209896088 0.9953446984291077
0.5417868494987488 0.3929746150970459 -0.16063958406448364 0.9928754568099976
0.5451638102531433 0.3934228718280792 -0.1606699675321579 0.9943789839744568
0.5488727688789368 0.3941868245601654 -0.16072668135166168 0.9938457608222961
0.5287383794784546 0.3907879590988159 -0.16493120789527893 0.9925899505615234
0.5232690572738647 0.3897431492805481 -0.16509762406349182 0.9943047165870667
0.5181825757026672 0.38924697041511536 -0.16532279551029205 0.9943874478340149
0.5517210364341736 0.40446314215660095 -0.017225930467247963 0.9955443739891052
0.507452130317688 0.40072888135910034 -0.032024431973695755 0.997870922088623
0.5423218011856079 0.437353253364563 -0.13836710155010223 0.9929711222648621
0.526136577129364 0.4352530539035797 -0.1433936059474945 0.9926753640174866
0.5902429819107056 0.5431268215179443 0.01708504743874073 0.9961297512054443
0.46342071890830994 0.5316310524940491 -0.02346973679959774 0.9940405488014221
0.6413153409957886 0.6748303174972534 -0.214609757065773 0.9980621933937073
0.42234769463539124 0.663661003112793 -0.24796752631664276 0.9980833530426025
0.5580963492393494 0.5440806150436401 -0.4237181544303894 0.9960734844207764
0.5249736905097961 0.551142692565918 -0.40470632910728455 0.9976404905319214
0.5504278540611267 0.4961722493171692 -0.4666309952735901 0.9829310774803162
0.5351721048355103 0.509213924407959 -0.4426281154155731 0.9824357032775879
0.5480067133903503 0.4846743047237396 -0.41283124685287476 0.9807968139648438
0.5330519080162048 0.49830326437950134 -0.40279632806777954 0.9789413213729858
0.5465453267097473 0.5054753422737122 -0.4075361490249634 0.9851179122924805
0.5321412682533264 0.5236237049102783 -0.39190757274627686 0.9831545352935791
0.5723565220832825 0.8365416526794434 0.008673912845551968 0.9992076754570007
0.4892650544643402 0.836789071559906 -0.007821633480489254 0.999518632888794
0.5779968500137329 1.0895535945892334 -0.07691337913274765 0.23238514363765717
0.48034122586250305 1.062846302986145 -0.16722099483013153 0.3907051384449005
0.5676891207695007 1.284705638885498 0.25218483805656433 0.0001549049629829824
0.4923115074634552 1.2846014499664307 0.11802918463945389 0.0010134093463420868
0.5704869031906128 1.3163244724273682 0.2806331217288971 0.0004990334273315966
0.49236905574798584 1.323000431060791 0.143277108669281 0.0010369033552706242
0.5545815229415894 1.3656857013702393 0.15472261607646942 8.950258052209392e-05
0.49524083733558655 1.3586581945419312 -0.0014219816075637937 0.0007842193590477109
