0.536553680896759 0.41546547412872314 -0.24120286107063293 0.9771987199783325
0.5419644713401794 0.3946608901023865 -0.21048769354820251 0.979586660861969
0.5455596446990967 0.395167738199234 -0.21054579317569733 0.976895809173584
0.5491622090339661 0.39608073234558105 -0.21068111062049866 0.9793257713317871
0.5289331078529358 0.39248111844062805 -0.2131514698266983 0.9754668474197388
0.5234284400939941 0.3915325999259949 -0.2132834494113922 0.9738433957099915
0.5180501937866211 0.39110758900642395 -0.2134794145822525 0.9790998101234436
0.5515105128288269 0.4065559506416321 -0.06339585781097412 0.984135091304779
0.5063394904136658 0.4027712941169739 -0.07145870476961136 0.9902170896530151
0.5419728755950928 0.44070976972579956 -0.18663455545902252 0.9874008297920227
0.5257700681686401 0.43956074118614197 -0.18960849940776825 0.98609459400177
0.5903810858726501 0.545211136341095 -0.0338975191116333 0.994208812713623
0.46115076541900635 0.5368927717208862 -0.04960466921329498 0.9831902980804443
0.6375789642333984 0.6604704856872559 -0.2712385952472687 0.9930487871170044
0.41627514362335205 0.6717427372932434 -0.2890996038913727 0.9926103949546814
0.5527235269546509 0.5416924953460693 -0.4836505949497223 0.9865970015525818
0.5055711269378662 0.5622556209564209 -0.4719633460044861 0.9893655776977539
0.543631374835968 0.4880962371826172 -0.5305328369140625 0.9495218992233276
0.5309587717056274 0.5330377817153931 -0.5147460103034973 0.9382591247558594
0.5423668026924133 0.4769507944583893 -0.47752103209495544 0.9447946548461914
0.534500777721405 0.5152443647384644 -0.4737424850463867 0.9272918701171875
0.5423281788825989 0.49605220556259155 -0.4676031470298767 0.9518483281135559
0.5278917551040649 0.5316247940063477 -0.4597247242927551 0.9331555962562561
0.5702369809150696 0.8401437997817993 -0.00039285141974687576 0.9988686442375183
0.48625805974006653 0.8413450717926025 0.001096666674129665 0.9987955093383789
0.5727190375328064 1.099992036819458 -0.12463506311178207 0.265046089887619
0.46858862042427063 1.056904673576355 -0.18298082053661346 0.4518170654773712
0.5646867156028748 1.29217529296875 0.234651580452919 0.0009240875369869173
0.48036888241767883 1.2644151449203491 0.14504289627075195 0.004485949873924255
0.564342737197876 1.32218337059021 0.2664163112640381 0.002507574623450637
0.4834054708480835 1.2988107204437256 0.1755196750164032 0.0035447697155177593
0.5602656006813049 1.3773181438446045 0.1392754763364792 0.0007029437110759318
0.47900065779685974 1.343519926071167 0.03361603245139122 0.0035247060004621744
