0.5358234643936157 0.40909385681152344 -0.35561493039131165 0.9999855756759644
0.5425335764884949 0.3887142241001129 -0.3292660117149353 0.9999780654907227
0.5468796491622925 0.3898746371269226 -0.3293420076370239 0.9999853372573853
0.5512495040893555 0.39151468873023987 -0.32945504784584045 0.9999756813049316
0.5271494388580322 0.3865647315979004 -0.33261314034461975 0.9999759197235107
0.5207971334457397 0.3862490653991699 -0.33275318145751953 0.9999849796295166
0.5155521035194397 0.38646137714385986 -0.33288928866386414 0.9999775886535645
0.5542858839035034 0.402771919965744 -0.16832232475280762 0.9999897480010986
0.5053907632827759 0.4007531404495239 -0.18454480171203613 0.9999926090240479
0.5426522493362427 0.4361022710800171 -0.29436933994293213 0.9999947547912598
0.523949921131134 0.4347853362560272 -0.2995181381702423 0.9999949932098389
0.5907758474349976 0.538297176361084 -0.07361410558223724 0.9999620914459229
0.45577535033226013 0.5307369232177734 -0.09568552672863007 0.999920129776001
0.6402925848960876 0.6863055229187012 -0.18333183228969574 0.9985407590866089
0.41182655096054077 0.6820117235183716 -0.2231898307800293 0.9988409876823425
0.618061363697052 0.7075260877609253 -0.5005665421485901 0.9937014579772949
0.46482354402542114 0.7088161706924438 -0.5011199116706848 0.9970467686653137
0.608507513999939 0.724617600440979 -0.5708721280097961 0.9861657619476318
0.47614988684654236 0.7336995601654053 -0.5586362481117249 0.9913800358772278
0.5983946323394775 0.6991907358169556 -0.5671890377998352 0.9877426624298096
0.4877195358276367 0.7131953239440918 -0.5565789937973022 0.9919507503509521
0.598457396030426 0.6912303566932678 -0.5049353241920471 0.9876825213432312
0.48443883657455444 0.6997823715209961 -0.5035099983215332 0.9914814233779907
0.5749795436859131 0.8360103964805603 0.0033965185284614563 0.9996397495269775
0.482487291097641 0.8428807854652405 -0.002618778496980667 0.9993450045585632
0.5939115881919861 1.0525286197662354 -0.31988319754600525 0.8413313627243042
0.46671268343925476 1.0799685716629028 -0.16512329876422882 0.8077566027641296
0.5921513438224792 1.25917387008667 0.029665043577551842 0.009056693874299526
0.47221383452415466 1.274165391921997 0.17496135830879211 0.012922839261591434
0.591702401638031 1.2915329933166504 0.06072540953755379 0.023094406351447105
0.4714842438697815 1.3043171167373657 0.20510973036289215 0.017128709703683853
0.5859987139701843 1.3389410972595215 -0.08228382468223572 0.0033678768668323755
0.48279836773872375 1.3466955423355103 0.057329509407281876 0.00414288230240345
