0.5355751514434814 0.40460002422332764 -0.3507438600063324 0.9999507665634155
0.5425529479980469 0.3838743567466736 -0.32763803005218506 0.9999032020568848
0.5461031198501587 0.38498806953430176 -0.3277335464954376 0.9999221563339233
0.5498284697532654 0.38655734062194824 -0.3278226852416992 0.9998859167098999
0.5266937613487244 0.381310373544693 -0.3313780128955841 0.9999139308929443
0.5209067463874817 0.38135889172554016 -0.3314517140388489 0.9999312162399292
0.5152241587638855 0.3823254704475403 -0.3316222131252289 0.9999057054519653
0.5542793273925781 0.4000358581542969 -0.18583804368972778 0.9999428987503052
0.5058078765869141 0.39744821190834045 -0.19832031428813934 0.9999603033065796
0.5427735447883606 0.4301111102104187 -0.29720497131347656 0.9999831914901733
0.5226582288742065 0.4300598204135895 -0.3013231158256531 0.999984622001648
0.593323290348053 0.5449151992797852 -0.10229551792144775 0.9998965263366699
0.45538094639778137 0.5349950790405273 -0.1144537702202797 0.9997931122779846
0.6241670250892639 0.6963329315185547 -0.1742401272058487 0.9850130081176758
0.41400086879730225 0.6983081698417664 -0.20425285398960114 0.9928346872329712
0.6257631182670593 0.721957802772522 -0.4482995271682739 0.9589512348175049
0.4334107041358948 0.7586405873298645 -0.45294636487960815 0.9512162804603577
0.6376621723175049 0.7496994733810425 -0.5078823566436768 0.9040369987487793
0.44043397903442383 0.7840840816497803 -0.5040279626846313 0.8857971429824829
0.6300168633460999 0.7340626120567322 -0.5205004215240479 0.9150026440620422
0.45137637853622437 0.76514732837677 -0.514864444732666 0.8979845643043518
0.6223276257514954 0.7187135815620422 -0.4595847725868225 0.9286473393440247
0.44986823201179504 0.7525360584259033 -0.4620547890663147 0.9063992500305176
0.5710253119468689 0.8445466756820679 -0.0004142738180235028 0.9960822463035583
0.4819444417953491 0.8533462882041931 0.001481580431573093 0.9948374629020691
0.5771692395210266 1.0796325206756592 -0.17502683401107788 0.28951355814933777
0.4738081097602844 1.0892354249954224 0.016660701483488083 0.20311877131462097
0.5721094608306885 1.2665774822235107 0.16561134159564972 0.0026112759951502085
0.48234230279922485 1.282334804534912 0.3444513976573944 0.007661929354071617
0.571608304977417 1.2972733974456787 0.19340158998966217 0.005320258904248476
0.48272189497947693 1.3161461353302002 0.37176281213760376 0.008805464021861553
0.5623036623001099 1.3523598909378052 0.04199441894888878 0.0016280249692499638
0.48790568113327026 1.3615409135818481 0.2167232781648636 0.005372611340135336
