0.5578753352165222 0.343894898891449 -0.37294724583625793 0.9999814033508301
0.5677158236503601 0.32516080141067505 -0.345191091299057 0.9999542236328125
0.5724596381187439 0.326457142829895 -0.3452780842781067 0.9999549388885498
0.5778665542602539 0.32803577184677124 -0.3454553782939911 0.9999383687973022
0.5483142733573914 0.3243955969810486 -0.3453267216682434 0.9999523162841797
0.5414390563964844 0.32528483867645264 -0.3454265594482422 0.9999592304229736
0.5365347266197205 0.32690566778182983 -0.3455829620361328 0.999957799911499
0.5877018570899963 0.34999650716781616 -0.19823740422725677 0.9999414682388306
0.5278319120407104 0.34851425886154175 -0.1982591450214386 0.9999736547470093
0.5694947838783264 0.3785015046596527 -0.3186081647872925 0.9999970197677612
0.5443478226661682 0.37659287452697754 -0.3188239634037018 0.9999980926513672
0.6259904503822327 0.49142494797706604 -0.1272439807653427 0.9998989105224609
0.4876807928085327 0.4985548257827759 -0.15464037656784058 0.99982750415802
0.6583367586135864 0.6784530878067017 -0.17804096639156342 0.9893359541893005
0.4805300533771515 0.7088930010795593 -0.18736308813095093 0.9940218329429626
0.6352196931838989 0.7866408824920654 -0.3635896146297455 0.961811363697052
0.5389513373374939 0.8855561017990112 -0.3090556263923645 0.9737181067466736
0.6273974776268005 0.8407342433929443 -0.42063263058662415 0.9159958958625793
0.5486876368522644 0.9411371350288391 -0.3556140661239624 0.9418293833732605
0.6158196330070496 0.8173255920410156 -0.43093252182006836 0.9219560623168945
0.5666142106056213 0.9285677075386047 -0.3686181306838989 0.9442963004112244
0.6135368347167969 0.8016368746757507 -0.37044471502304077 0.920663595199585
0.5662668943405151 0.9097726345062256 -0.31419068574905396 0.9364708662033081
0.6069884896278381 0.8077937960624695 0.00574882747605443 0.9986887574195862
0.5143589377403259 0.8253685235977173 -0.00536526320502162 0.9984068274497986
0.6310781836509705 0.9563741087913513 -0.46402838826179504 0.8094345927238464
0.5072168111801147 0.9865534901618958 -0.4964367151260376 0.8435090184211731
0.6372822523117065 1.1505810022354126 -0.08107784390449524 0.09011873602867126
0.5496001839637756 1.16524338722229 -0.11448755115270615 0.09820477664470673
0.6344075798988342 1.181822657585144 -0.04680875316262245 0.20370730757713318
0.5577989816665649 1.1867997646331787 -0.07756059616804123 0.09558899700641632
0.6504732370376587 1.2391958236694336 -0.1770741194486618 0.08343743532896042
0.5591320395469666 1.2550324201583862 -0.21863998472690582 0.06522876769304276
