0.5369981527328491 0.4042928218841553 -0.4505173861980438 0.9999831914901733
0.5449150204658508 0.3868735432624817 -0.42242351174354553 0.9999629259109497
0.5483816862106323 0.38767340779304504 -0.4225172996520996 0.9999786615371704
0.5530293583869934 0.38892123103141785 -0.42262738943099976 0.9999675750732422
0.528884768486023 0.3849252760410309 -0.42927441000938416 0.9999445676803589
0.5219728350639343 0.3850114047527313 -0.42934295535087585 0.9999570846557617
0.5162696838378906 0.3860192894935608 -0.42951127886772156 0.9999277591705322
0.5569183230400085 0.4016389846801758 -0.2505214214324951 0.9999765157699585
0.5065855979919434 0.39855486154556274 -0.2819143533706665 0.9999790191650391
0.5440777540206909 0.4313046336174011 -0.3853555917739868 0.999992847442627
0.5233699679374695 0.43069228529930115 -0.39497560262680054 0.9999935626983643
0.5918542742729187 0.5399942398071289 -0.11746878176927567 0.9999762773513794
0.4569378197193146 0.5294726490974426 -0.13901829719543457 0.9998992681503296
0.6368990540504456 0.7144294381141663 -0.24475306272506714 0.9965541362762451
0.4228711426258087 0.7168719172477722 -0.08728046715259552 0.9901881814002991
0.6696616411209106 0.6013848781585693 -0.5491208434104919 0.9922593235969543
0.40877240896224976 0.8747654557228088 -0.18663595616817474 0.9174652695655823
0.6800008416175842 0.5572402477264404 -0.6024333238601685 0.9635785818099976
0.3952842652797699 0.9297151565551758 -0.19766050577163696 0.7793450951576233
0.6768284440040588 0.5353773832321167 -0.5976969003677368 0.9666064381599426
0.40104344487190247 0.9350055456161499 -0.2348804771900177 0.8114305734634399
0.6719553470611572 0.55245041847229 -0.5538343191146851 0.9560394883155823
0.4099917411804199 0.9227398633956909 -0.20066307485103607 0.8025346398353577
0.5765285491943359 0.8454941511154175 0.006114502437412739 0.9933852553367615
0.4801783859729767 0.8459925651550293 -0.005224393215030432 0.9882655143737793
0.5775490999221802 1.0947647094726562 -0.42150548100471497 0.6977323889732361
0.480654239654541 1.0842583179473877 -0.37220150232315063 0.6375029683113098
0.5820786952972412 1.3265990018844604 -0.20611029863357544 0.026725376024842262
0.47326573729515076 1.3282002210617065 -0.27074241638183594 0.06281974166631699
0.582560122013092 1.3649101257324219 -0.19394135475158691 0.07422873377799988
0.47011566162109375 1.3722394704818726 -0.2704103887081146 0.06659042090177536
0.5714129209518433 1.4069173336029053 -0.3941921293735504 0.029506342485547066
0.4841723144054413 1.3968831300735474 -0.49092987179756165 0.05782949551939964
