0.53448486328125 0.40739020705223083 -0.40609997510910034 0.99994957447052
0.5439043641090393 0.3884430527687073 -0.38293856382369995 0.9998842477798462
0.547846794128418 0.3889148235321045 -0.3829437792301178 0.9999233484268188
0.5517433285713196 0.3897099494934082 -0.3829956650733948 0.9998940229415894
0.527003288269043 0.387457013130188 -0.3902606666088104 0.9998751878738403
0.520730197429657 0.3879251480102539 -0.39028653502464294 0.99989914894104
0.5150460004806519 0.38881540298461914 -0.39048007130622864 0.9998596906661987
0.5564879179000854 0.4022780656814575 -0.2275053858757019 0.9999051094055176
0.5055779218673706 0.40097776055336 -0.26014792919158936 0.9999638795852661
0.5431999564170837 0.4343344569206238 -0.3462730944156647 0.9999775886535645
0.5221454501152039 0.4349047839641571 -0.35627830028533936 0.9999843835830688
0.5929088592529297 0.5338263511657715 -0.10428411513566971 0.9999810457229614
0.45639050006866455 0.5291417837142944 -0.1231100782752037 0.9999446868896484
0.6421610713005066 0.7021406888961792 -0.21304726600646973 0.998831570148468
0.4233793616294861 0.7209869623184204 -0.008313683792948723 0.9939233660697937
0.6540268659591675 0.5308385491371155 -0.47440680861473083 0.997117280960083
0.407960444688797 0.8800286650657654 -0.03285757079720497 0.9641229510307312
0.6513950824737549 0.47227874398231506 -0.5212627649307251 0.9835423231124878
0.3943791389465332 0.9305052757263184 -0.03431422635912895 0.893364429473877
0.647923469543457 0.46113818883895874 -0.5061678290367126 0.9822622537612915
0.4036041796207428 0.9415763020515442 -0.07054585963487625 0.9050197601318359
0.6474865674972534 0.4755922555923462 -0.4749675691127777 0.9795149564743042
0.41193753480911255 0.9260823726654053 -0.04533025994896889 0.9103586673736572
0.5790040493011475 0.8540796637535095 0.002260365290567279 0.9931187629699707
0.48067203164100647 0.8559193015098572 -0.0010845365468412638 0.991657018661499
0.5783417224884033 1.1357561349868774 -0.1359114944934845 0.14767862856388092
0.48897117376327515 1.1159420013427734 -0.15857380628585815 0.1286173164844513
0.5773254632949829 1.371541976928711 0.10044136643409729 0.0016973974416032434
0.4861125946044922 1.3654345273971558 -0.02012358233332634 0.004250695928931236
0.5789937973022461 1.40653395652771 0.11532896012067795 0.004679056815803051
0.48205047845840454 1.406804084777832 -0.014535048976540565 0.008004826493561268
0.560763418674469 1.4615929126739502 -0.06505526602268219 0.0017904702108353376
0.5017704963684082 1.445846676826477 -0.220778226852417 0.00512406462803483
