0.5345931649208069 0.41325294971466064 -0.4738840162754059 0.9999932050704956
0.5427281856536865 0.39316004514694214 -0.44895491003990173 0.9999812841415405
0.5475418567657471 0.394092321395874 -0.44899657368659973 0.9999905824661255
0.5518465042114258 0.3945525288581848 -0.44906550645828247 0.9999831914901733
0.5266342163085938 0.3910561203956604 -0.4524589478969574 0.9999798536300659
0.5215364694595337 0.3908398151397705 -0.4525276720523834 0.9999872446060181
0.5156508684158325 0.39049410820007324 -0.4527023732662201 0.999976396560669
0.5555633306503296 0.40479519963264465 -0.27795737981796265 0.9999926090240479
0.5050665736198425 0.4016680121421814 -0.29374220967292786 0.9999964237213135
0.5428420305252075 0.4399432837963104 -0.4082393944263458 0.9999961853027344
0.5222657322883606 0.4361189007759094 -0.4135086238384247 0.9999972581863403
0.5911363959312439 0.5272995233535767 -0.1593569815158844 0.9999939203262329
0.4542123079299927 0.5297814607620239 -0.12440312653779984 0.9999641180038452
0.6604183912277222 0.6465681195259094 -0.3195670247077942 0.9997777342796326
0.4204079508781433 0.7218375205993652 0.012448104098439217 0.9957083463668823
0.6623659133911133 0.4584541618824005 -0.6309786438941956 0.9991204142570496
0.3998739421367645 0.8804721832275391 -0.013469720259308815 0.9773476123809814
0.660832405090332 0.3964713215827942 -0.6914142966270447 0.9943891167640686
0.38751861453056335 0.9305344223976135 -0.013318566605448723 0.9291016459465027
0.6552286744117737 0.3856339454650879 -0.6706041693687439 0.9942730069160461
0.3971925973892212 0.9416956901550293 -0.05398515239357948 0.9376989603042603
0.6540886163711548 0.408255010843277 -0.6300772428512573 0.9922048449516296
0.4043174088001251 0.9278636574745178 -0.027066141366958618 0.9373039603233337
0.5783239006996155 0.8577955961227417 -0.009830563329160213 0.9965639710426331
0.48191723227500916 0.8610382080078125 0.010659262537956238 0.9955602884292603
0.5948171019554138 1.1320714950561523 -0.27710485458374023 0.5611570477485657
0.4831896722316742 1.1153658628463745 -0.26321396231651306 0.5860493779182434
0.5902115106582642 1.372488260269165 -0.03784776106476784 0.018957167863845825
0.4933245778083801 1.3779425621032715 -0.11672183871269226 0.04932152479887009
0.5907528400421143 1.4056577682495117 -0.021757494658231735 0.05208228528499603
0.49281245470046997 1.4188613891601562 -0.10980387777090073 0.09664751589298248
0.5737969279289246 1.4645378589630127 -0.20812317728996277 0.013377088122069836
0.5058732628822327 1.4583337306976318 -0.306023508310318 0.027383439242839813
