0.5354331135749817 0.4046860933303833 -0.4026018977165222 0.9999712705612183
0.5445009469985962 0.3851587772369385 -0.37473103404045105 0.9999409914016724
0.5486997365951538 0.38556551933288574 -0.3748036324977875 0.9999611377716064
0.5536623597145081 0.3863283395767212 -0.3748904764652252 0.9999508857727051
0.5267340540885925 0.3840268850326538 -0.3803104758262634 0.9999321699142456
0.519916296005249 0.3843238353729248 -0.38036638498306274 0.9999438524246216
0.5141286253929138 0.3854706287384033 -0.38056308031082153 0.9999266862869263
0.5572059154510498 0.3994486331939697 -0.20795249938964844 0.9999649524688721
0.5035929083824158 0.39873504638671875 -0.23280082643032074 0.9999823570251465
0.54352205991745 0.4336358904838562 -0.339889794588089 0.9999887943267822
0.5212758183479309 0.4345865249633789 -0.34770435094833374 0.999991774559021
0.5930740237236023 0.5332701802253723 -0.09875243157148361 0.9999797344207764
0.4542296528816223 0.53150475025177 -0.09073788672685623 0.9999186992645264
0.651563286781311 0.6753172874450684 -0.23910516500473022 0.9992693066596985
0.42116719484329224 0.7311883568763733 -0.0007088835700415075 0.9918147921562195
0.6726573705673218 0.4955857992172241 -0.5026894807815552 0.9975845813751221
0.40124645829200745 0.8943607807159424 -0.0656515434384346 0.9550819396972656
0.6725547313690186 0.4388231337070465 -0.5524814128875732 0.9844241738319397
0.3877013027667999 0.9437326788902283 -0.07205404341220856 0.8693659901618958
0.6680099368095398 0.4235847592353821 -0.5343690514564514 0.9838814735412598
0.39746567606925964 0.9565333724021912 -0.11100862920284271 0.8873065710067749
0.6655746698379517 0.44556254148483276 -0.501728355884552 0.979268491268158
0.40585753321647644 0.9436295032501221 -0.08056057244539261 0.8878219723701477
0.5807974338531494 0.8621842265129089 -0.004534886684268713 0.9941439032554626
0.4809532165527344 0.8659161925315857 0.005489228758960962 0.9941873550415039
0.584665060043335 1.1352356672286987 -0.31838321685791016 0.3426777720451355
0.4796135723590851 1.10316801071167 -0.3522687256336212 0.3869170844554901
0.5857334136962891 1.3742307424545288 -0.11164304614067078 0.005769511219114065
0.4886046350002289 1.3694119453430176 -0.23467133939266205 0.019019344821572304
0.5870839953422546 1.4102387428283691 -0.09990528970956802 0.01861582137644291
0.4878024458885193 1.4132521152496338 -0.2310064435005188 0.0308242030441761
0.5701502561569214 1.4620763063430786 -0.29576021432876587 0.007229919079691172
0.4999178946018219 1.4463448524475098 -0.44023793935775757 0.020885122939944267
