0.5378219485282898 0.40696781873703003 -0.4274037778377533 0.9999986886978149
0.5442786812782288 0.38729724287986755 -0.4070645272731781 0.9999966621398926
0.5489435195922852 0.3880878686904907 -0.40704235434532166 0.9999979734420776
0.5533707141876221 0.3891032636165619 -0.4070512056350708 0.999995231628418
0.529646098613739 0.38572725653648376 -0.4095807671546936 0.999996542930603
0.5230361223220825 0.38590991497039795 -0.4096868634223938 0.9999979734420776
0.5175305604934692 0.3870401382446289 -0.4098110496997833 0.9999958276748657
0.5567142963409424 0.39878201484680176 -0.2560313940048218 0.9999979734420776
0.5072433352470398 0.39783018827438354 -0.268698513507843 0.9999988079071045
0.544291615486145 0.4349336624145508 -0.3692864775657654 0.999998927116394
0.526391327381134 0.4354868531227112 -0.37351366877555847 0.9999990463256836
0.5927778482437134 0.5376437902450562 -0.12339861690998077 0.9999926090240479
0.4587620496749878 0.5246082544326782 -0.14915728569030762 0.9999916553497314
0.6348447799682617 0.7193512320518494 -0.18682853877544403 0.9995032548904419
0.40970638394355774 0.7060717940330505 -0.26241335272789 0.9997842907905579
0.6669151186943054 0.6713643670082092 -0.49522101879119873 0.9996862411499023
0.4307674467563629 0.6873843669891357 -0.5749300718307495 0.999887228012085
0.674212634563446 0.6478095054626465 -0.548383891582489 0.9986580610275269
0.4463788568973541 0.6917119026184082 -0.6223410964012146 0.9994605183601379
0.6717312335968018 0.6270790100097656 -0.5492904186248779 0.9987152814865112
0.44642528891563416 0.6578630805015564 -0.6196610331535339 0.9994632601737976
0.6680265665054321 0.6349247097969055 -0.5012702345848083 0.9987603425979614
0.44301173090934753 0.6539056897163391 -0.5771973133087158 0.9994389414787292
0.5762125849723816 0.8315120339393616 0.004410177934914827 0.9994035959243774
0.48126620054244995 0.8324500918388367 -0.0031824023462831974 0.9992032647132874
0.5908546447753906 1.0676206350326538 -0.1964549422264099 0.26769372820854187
0.49218395352363586 1.0797456502914429 0.0003578188770916313 0.2174316793680191
0.5988088846206665 1.2783267498016357 0.08406271785497665 0.00019070076814386994
0.4928368926048279 1.2852232456207275 0.27928659319877625 0.00037641212111338973
0.6016233563423157 1.3132227659225464 0.10480039566755295 0.0008001229143701494
0.48819372057914734 1.3230829238891602 0.3008047342300415 0.0006691645248793066
0.5877821445465088 1.363614559173584 -0.05567428097128868 0.00010255644156131893
0.5070962309837341 1.3575928211212158 0.1302042007446289 0.00027925113681703806
