0.5347549915313721 0.409355103969574 -0.27740639448165894 0.9999862909317017
0.5434122681617737 0.38986390829086304 -0.25473833084106445 0.9999727010726929
0.5474832057952881 0.39076876640319824 -0.2546539306640625 0.9999791383743286
0.5528963208198547 0.3919558525085449 -0.25460371375083923 0.9999748468399048
0.5272757411003113 0.38814789056777954 -0.2600996196269989 0.9999768733978271
0.5199565887451172 0.3882308006286621 -0.26015567779541016 0.9999819993972778
0.5142723321914673 0.38919663429260254 -0.2602943480014801 0.9999780654907227
0.558477520942688 0.4036623239517212 -0.11349358409643173 0.9999814033508301
0.5051736831665039 0.4017482399940491 -0.1422409862279892 0.9999864101409912
0.5434619188308716 0.43797916173934937 -0.22364455461502075 0.9999849796295166
0.523101806640625 0.4350738227367401 -0.23261046409606934 0.999987006187439
0.5927755236625671 0.5361952781677246 -0.047174494713544846 0.9999656677246094
0.45588839054107666 0.5271403789520264 -0.07003853470087051 0.9999619722366333
0.6383241415023804 0.6831601858139038 -0.20408491790294647 0.9971381425857544
0.40705347061157227 0.6942355036735535 -0.26727330684661865 0.9968961477279663
0.6065399646759033 0.5074272155761719 -0.4619455635547638 0.999484658241272
0.4023903012275696 0.612504243850708 -0.5826857686042786 0.9995675683021545
0.6075771450996399 0.45341920852661133 -0.5064524412155151 0.9976043105125427
0.40224403142929077 0.578041672706604 -0.6373003721237183 0.9984068274497986
0.604705274105072 0.4444478154182434 -0.48966720700263977 0.9971916079521179
0.40661054849624634 0.5608818531036377 -0.6246283054351807 0.9982268214225769
0.600867509841919 0.4615679979324341 -0.46138447523117065 0.9968319535255432
0.41017845273017883 0.5699796676635742 -0.5868271589279175 0.9979376792907715
0.5770868062973022 0.8464999198913574 0.00822276622056961 0.9965705871582031
0.47851666808128357 0.8455997109413147 -0.0071992105804383755 0.9970910549163818
0.5779761672019958 1.1189403533935547 0.005370552185922861 0.14132998883724213
0.4846874177455902 1.1077783107757568 -0.00010314093378838152 0.0832054391503334
0.5785852670669556 1.3471622467041016 0.2418537735939026 0.0008051156182773411
0.47777366638183594 1.357031226158142 0.17135412991046906 0.002058027544990182
0.57939612865448 1.380595326423645 0.25935930013656616 0.004183441400527954
0.4742438495159149 1.3960984945297241 0.1823100447654724 0.0029342276975512505
0.5655969977378845 1.4362709522247314 0.09729059785604477 0.0009539528982713819
0.48662248253822327 1.4353020191192627 -0.009285409934818745 0.0016488925321027637
