0.5404783487319946 0.40916702151298523 -0.4045836329460144 0.9999954700469971
0.5466418862342834 0.38908836245536804 -0.37927666306495667 0.999976396560669
0.5499333143234253 0.3897583484649658 -0.3793589174747467 0.999984622001648
0.5537367463111877 0.3909565210342407 -0.3793836534023285 0.999968409538269
0.5319843888282776 0.3877805471420288 -0.3860117793083191 0.999972939491272
0.5257235169410706 0.38759806752204895 -0.3860667049884796 0.9999799728393555
0.5200728178024292 0.38774433732032776 -0.3862055838108063 0.9999579191207886
0.556121826171875 0.4019862711429596 -0.21980223059654236 0.9999798536300659
0.5094098448753357 0.3991911709308624 -0.2469358742237091 0.999987006187439
0.5460230708122253 0.4354373812675476 -0.3443097174167633 0.9999959468841553
0.5284278392791748 0.4342488944530487 -0.35240644216537476 0.9999961853027344
0.5905512571334839 0.5381808280944824 -0.08721262961626053 0.9999939203262329
0.4579480290412903 0.5294682383537292 -0.1461033672094345 0.9999685287475586
0.631409227848053 0.6919931173324585 -0.1422967165708542 0.9968363046646118
0.4219990074634552 0.7101559638977051 -0.17894554138183594 0.9988762736320496
0.6934026479721069 0.6790403127670288 -0.4067516326904297 0.9975419044494629
0.383877694606781 0.8533935546875 -0.34703388810157776 0.9945476651191711
0.724182665348053 0.6776108145713806 -0.4526345431804657 0.9903505444526672
0.3653210401535034 0.9049807786941528 -0.3678840100765228 0.9818273186683655
0.7217200994491577 0.655039370059967 -0.4707243740558624 0.9920896291732788
0.37782520055770874 0.9133285284042358 -0.4108935296535492 0.9854000210762024
0.7085325121879578 0.6538834571838379 -0.4207800626754761 0.9926877021789551
0.38632747530937195 0.8987768292427063 -0.36520445346832275 0.9871188402175903
0.5725216269493103 0.8336246013641357 0.01212914939969778 0.9985346794128418
0.48355942964553833 0.8402392268180847 -0.011076056398451328 0.9958939552307129
0.5808112025260925 1.0616118907928467 -0.28686073422431946 0.6575562357902527
0.49097317457199097 1.0862165689468384 -0.060918621718883514 0.38849106431007385
0.5804665088653564 1.2635256052017212 0.002712050685659051 0.014355498366057873
0.49190977215766907 1.283622145652771 0.19700132310390472 0.015054496005177498
0.5802878141403198 1.2948317527770996 0.02365139126777649 0.029917089268565178
0.4893778860569 1.318148136138916 0.2153785526752472 0.025578206405043602
0.5705770254135132 1.3491460084915161 -0.14271380007266998 0.007403301540762186
0.4999596178531647 1.3591337203979492 0.03748837485909462 0.011314217932522297
