0.5438414216041565 0.3363302946090698 -0.5758702158927917 0.9999794960021973
0.551538348197937 0.31552839279174805 -0.545918881893158 0.9999560117721558
0.5560905337333679 0.31624001264572144 -0.5460351705551147 0.9999741315841675
0.5608911514282227 0.31699174642562866 -0.5462607145309448 0.9999544620513916
0.5342952013015747 0.31505805253982544 -0.5467745661735535 0.9999245405197144
0.5286291241645813 0.3157641291618347 -0.5468392968177795 0.9999384880065918
0.5230779647827148 0.3166808485984802 -0.5469412207603455 0.9998810291290283
0.5678727030754089 0.3304474949836731 -0.3603920340538025 0.9999707937240601
0.5147122740745544 0.3324050307273865 -0.3665602505207062 0.9999712705612183
0.5540767312049866 0.36294445395469666 -0.5069343447685242 0.9999964237213135
0.5325566530227661 0.3620382845401764 -0.5091982483863831 0.9999960660934448
0.6088160276412964 0.4802806079387665 -0.24686779081821442 0.9999891519546509
0.4750402569770813 0.4782697856426239 -0.21843409538269043 0.9999492168426514
0.6381164789199829 0.668164849281311 -0.44879743456840515 0.996298611164093
0.4473316967487335 0.6769825220108032 -0.15950915217399597 0.9743475317955017
0.6276690363883972 0.5810841917991638 -0.8496031165122986 0.9924933314323425
0.4176363945007324 0.8549912571907043 -0.29750046133995056 0.902575671672821
0.6199707388877869 0.5484663248062134 -0.9249296188354492 0.9794062972068787
0.4078793525695801 0.9123151302337646 -0.32566413283348083 0.8375363349914551
0.6204198002815247 0.5253736972808838 -0.91117924451828 0.9787299036979675
0.41326993703842163 0.9176047444343567 -0.3658711314201355 0.8524510860443115
0.6199525594711304 0.5315818786621094 -0.851026713848114 0.9615992307662964
0.41808903217315674 0.9003565311431885 -0.314216285943985 0.8294386267662048
0.5852628946304321 0.7803977131843567 0.00668861111626029 0.9986932873725891
0.4922351539134979 0.7823745012283325 -0.0062797414138913155 0.9974639415740967
0.6206794381141663 0.9790011644363403 -0.4231284260749817 0.6700147986412048
0.49259355664253235 0.9937533736228943 -0.4776555299758911 0.7506796717643738
0.6184984445571899 1.1172397136688232 0.05965360626578331 0.05762628838419914
0.5205056071281433 1.1278505325317383 -0.014572691172361374 0.05689514800906181
0.615906834602356 1.1320761442184448 0.10215042531490326 0.12517490983009338
0.5242236256599426 1.1417752504348755 0.026394344866275787 0.06815565377473831
0.6203783750534058 1.1949608325958252 -0.053264107555150986 0.04342011362314224
0.5345692038536072 1.2071375846862793 -0.14545781910419464 0.04230671003460884
