0.5451110601425171 0.33375757932662964 -0.621313214302063 0.9999576807022095
0.552300751209259 0.3125078082084656 -0.593326985836029 0.9999051094055176
0.5566813349723816 0.31264936923980713 -0.5934122800827026 0.9999371767044067
0.5610970258712769 0.3131081461906433 -0.5936253666877747 0.9998970031738281
0.5352875590324402 0.3139544129371643 -0.5934175252914429 0.9998422861099243
0.5291063785552979 0.314974844455719 -0.5934803485870361 0.999845027923584
0.52337247133255 0.31578338146209717 -0.5935725569725037 0.9996970891952515
0.5666196346282959 0.3254523277282715 -0.4107106029987335 0.9999086856842041
0.5147877931594849 0.3303845226764679 -0.41463035345077515 0.9998984336853027
0.5543150305747986 0.3597533702850342 -0.5527428388595581 0.9999902248382568
0.5336294174194336 0.359720379114151 -0.5544067025184631 0.9999902248382568
0.604834258556366 0.46308979392051697 -0.29817554354667664 0.9999884366989136
0.4766896367073059 0.4810608923435211 -0.25010278820991516 0.9999343156814575
0.6406116485595703 0.6623126268386841 -0.4959048628807068 0.9968360662460327
0.4482787549495697 0.6813079118728638 -0.17182065546512604 0.9479537606239319
0.6213394403457642 0.5381783246994019 -0.8606134057044983 0.9949329495429993
0.4166575074195862 0.860693097114563 -0.2913702726364136 0.8433665633201599
0.6120107173919678 0.49718227982521057 -0.9285852313041687 0.9842714667320251
0.4054279327392578 0.9174997210502625 -0.3099402189254761 0.7650035619735718
0.6127905249595642 0.4736059308052063 -0.9116858243942261 0.9826576113700867
0.410366415977478 0.9231295585632324 -0.3512928783893585 0.7821440696716309
0.6126583218574524 0.48750847578048706 -0.859390139579773 0.9682506322860718
0.41544845700263977 0.9055972695350647 -0.307719349861145 0.7617924809455872
0.5829055905342102 0.7677961587905884 0.002195697510614991 0.9990690350532532
0.4948914349079132 0.7737743854522705 -0.001964149298146367 0.9985024929046631
0.6217731237411499 0.9730621576309204 -0.327480673789978 0.57832932472229
0.48238950967788696 0.9746500849723816 -0.3378775417804718 0.5958030223846436
0.6281101107597351 1.0266225337982178 0.1955612748861313 0.016368065029382706
0.5070245862007141 1.0789021253585815 0.13368412852287292 0.02556637115776539
0.6262474060058594 1.0275524854660034 0.245866060256958 0.053294602781534195
0.5099911093711853 1.0888659954071045 0.1773928552865982 0.03203076124191284
0.6291988492012024 1.0904697179794312 0.13602690398693085 0.017427217215299606
0.5217757225036621 1.152169108390808 0.03366636112332344 0.02376091480255127
