0.5461766719818115 0.33727988600730896 -0.6308451890945435 0.9999325275421143
0.552448570728302 0.31671610474586487 -0.6036289930343628 0.9997957348823547
0.556856095790863 0.31690412759780884 -0.6037055253982544 0.9998486042022705
0.5610466003417969 0.31722351908683777 -0.6039202809333801 0.9997764229774475
0.5359354615211487 0.3169619143009186 -0.6052902340888977 0.9997318387031555
0.5298691987991333 0.3174988329410553 -0.6053202748298645 0.9996987581253052
0.5238561630249023 0.3180849850177765 -0.6054204106330872 0.9994329810142517
0.5665144324302673 0.32875117659568787 -0.42311757802963257 0.9997949004173279
0.5144789218902588 0.3321368992328644 -0.43346282839775085 0.9998183846473694
0.5543462038040161 0.36288052797317505 -0.5621287822723389 0.9999828338623047
0.5346347689628601 0.36140456795692444 -0.5656652450561523 0.9999853372573853
0.6014586091041565 0.45699143409729004 -0.32158803939819336 0.9999860525131226
0.476097971200943 0.4832587242126465 -0.26918914914131165 0.9998890161514282
0.6515268683433533 0.6292716264724731 -0.544673502445221 0.9985440969467163
0.44763660430908203 0.6835936307907104 -0.21611815690994263 0.9378930926322937
0.6097972393035889 0.45073795318603516 -0.9019715785980225 0.9964642524719238
0.4171062111854553 0.8647350668907166 -0.34163522720336914 0.8221753239631653
0.5985204577445984 0.40829023718833923 -0.9733319878578186 0.9866428375244141
0.40418773889541626 0.9170480370521545 -0.3598608374595642 0.744340717792511
0.596537172794342 0.3928144872188568 -0.9470263719558716 0.9847538471221924
0.41165459156036377 0.922448456287384 -0.4014021158218384 0.7591214776039124
0.5965880751609802 0.4074377417564392 -0.8976090550422668 0.9731166362762451
0.41714370250701904 0.9069206714630127 -0.3582936227321625 0.7306283712387085
0.582622230052948 0.7619000673294067 -0.003137413412332535 0.9996782541275024
0.495817631483078 0.7663435339927673 0.0032901328522711992 0.999154806137085
0.6218904852867126 0.9737837910652161 -0.3455340266227722 0.7105315923690796
0.48147979378700256 0.9671527147293091 -0.2626150846481323 0.5772862434387207
0.6112244725227356 1.0032657384872437 0.1785920113325119 0.015574200078845024
0.5017170310020447 1.0633814334869385 0.23245514929294586 0.01634371653199196
0.6086887717247009 0.9996587634086609 0.23141837120056152 0.06146843358874321
0.5049527883529663 1.0727051496505737 0.27934858202934265 0.026135768741369247
0.6040973663330078 1.0617139339447021 0.14003443717956543 0.02051243931055069
0.5123314261436462 1.1368974447250366 0.16371987760066986 0.01637626625597477
