0.5391401648521423 0.3350834548473358 -0.5318411588668823 0.9998123049736023
0.5469626784324646 0.3141007423400879 -0.5033181309700012 0.9994490742683411
0.5515872240066528 0.31466853618621826 -0.50343257188797 0.9995574355125427
0.5554459691047668 0.31530290842056274 -0.5036338567733765 0.9993934631347656
0.5298289656639099 0.31554049253463745 -0.5035785436630249 0.9995146989822388
0.5236696600914001 0.31691569089889526 -0.5036764740943909 0.9995245933532715
0.5184686183929443 0.31868624687194824 -0.5038227438926697 0.9993959665298462
0.5620725750923157 0.3285480737686157 -0.3291293680667877 0.9993615746498108
0.5113788843154907 0.3347693681716919 -0.33047306537628174 0.9997881054878235
0.5496997237205505 0.36258381605148315 -0.46605557203292847 0.9999243021011353
0.527667760848999 0.36257287859916687 -0.4670235216617584 0.9999508857727051
0.5981877446174622 0.4676576256752014 -0.24411778151988983 0.9998341798782349
0.4759197533130646 0.4797799587249756 -0.1871829777956009 0.9997754693031311
0.643805742263794 0.6126102209091187 -0.4869493842124939 0.9980852603912354
0.44852665066719055 0.6784312129020691 -0.11971496045589447 0.9198227524757385
0.5857266187667847 0.47175365686416626 -0.814701497554779 0.9882712960243225
0.41802528500556946 0.8596317768096924 -0.2312687188386917 0.801401674747467
0.5657304525375366 0.4476732611656189 -0.8784226179122925 0.9550143480300903
0.408502459526062 0.9170844554901123 -0.25856250524520874 0.6830214262008667
0.560015857219696 0.43865522742271423 -0.843985915184021 0.9492087960243225
0.4145304262638092 0.9215790033340454 -0.2951466143131256 0.7095832228660583
0.5624167919158936 0.44756290316581726 -0.8065112233161926 0.9226170778274536
0.4195038974285126 0.9039552211761475 -0.2473333328962326 0.704437792301178
0.5811779499053955 0.7693013548851013 -0.0017691770335659385 0.995553195476532
0.4938853979110718 0.7759799361228943 0.0020415345206856728 0.9966902732849121
0.6207119226455688 0.9965042471885681 -0.18490086495876312 0.4827753007411957
0.4917033016681671 0.9717811942100525 -0.3794975280761719 0.7025517225265503
0.6316229701042175 1.0960559844970703 0.27663978934288025 0.016664406284689903
0.5127148032188416 1.135181188583374 0.06770537048578262 0.06260618567466736
0.6317957639694214 1.1089407205581665 0.31867390871047974 0.045412641018629074
0.5166975855827332 1.155235767364502 0.10902425646781921 0.06485161185264587
0.6368662714958191 1.1713155508041382 0.19172638654708862 0.01540609821677208
0.5221202373504639 1.2186319828033447 -0.055181968957185745 0.051217660307884216
