0.5428354740142822 0.3285476565361023 -0.42388421297073364 0.9999674558639526
0.5501999258995056 0.3094659447669983 -0.39237362146377563 0.9999477863311768
0.5543048977851868 0.3101372718811035 -0.3925308883190155 0.9999599456787109
0.5584445595741272 0.3110838532447815 -0.3927406072616577 0.999954104423523
0.5329890251159668 0.3105948567390442 -0.39414846897125244 0.9999290704727173
0.5269353985786438 0.31227511167526245 -0.39414164423942566 0.999923825263977
0.5213760137557983 0.31405550241470337 -0.39422401785850525 0.999893307685852
0.5652292966842651 0.32600927352905273 -0.21889998018741608 0.9999638795852661
0.5131527185440063 0.3308789134025574 -0.22690929472446442 0.9999475479125977
0.5530155301094055 0.35498046875 -0.3595172166824341 0.9999915361404419
0.5309983491897583 0.355671226978302 -0.3622547388076782 0.9999891519546509
0.6010004281997681 0.46209895610809326 -0.1495615392923355 0.9999867677688599
0.4747600853443146 0.48317453265190125 -0.09670939296483994 0.9998369216918945
0.6425192356109619 0.6259918212890625 -0.3622981905937195 0.9985042810440063
0.4459773898124695 0.6795130372047424 -0.036747466772794724 0.9532414674758911
0.5807035565376282 0.5214369297027588 -0.7069522738456726 0.9965324401855469
0.4188840091228485 0.8587706685066223 -0.1585935652256012 0.8805928230285645
0.5638324618339539 0.5161426067352295 -0.7787166833877563 0.9874312877655029
0.41005581617355347 0.9197104573249817 -0.1850283294916153 0.8097243905067444
0.5541712045669556 0.5032259225845337 -0.7517768740653992 0.9869144558906555
0.41489237546920776 0.9241944551467896 -0.22573114931583405 0.8304157853126526
0.557174563407898 0.5033097267150879 -0.7017703652381897 0.9774686098098755
0.41918277740478516 0.9045422077178955 -0.17564786970615387 0.8176748156547546
0.5824896097183228 0.77715003490448 -0.001432513352483511 0.9980223178863525
0.49342235922813416 0.7843461632728577 0.0017876130295917392 0.9956343770027161
0.6260868906974792 0.9656649827957153 -0.3503294587135315 0.6953263282775879
0.4983055889606476 0.9736431837081909 -0.3962310254573822 0.7128179669380188
0.6169863343238831 1.1242597103118896 0.03938364237546921 0.07109322398900986
0.5156118869781494 1.1554760932922363 -0.042119644582271576 0.0839451476931572
0.6119359135627747 1.1405844688415527 0.07459236681461334 0.12566128373146057
0.5186173319816589 1.1744933128356934 -0.010129675269126892 0.08947909623384476
0.622395932674408 1.2062292098999023 -0.06233265623450279 0.05293869972229004
0.5250187516212463 1.243572473526001 -0.16714024543762207 0.057074397802352905
