0.5417395830154419 0.3287804126739502 -0.43920013308525085 0.9999790191650391
0.5492403507232666 0.3100043535232544 -0.40823379158973694 0.9999650716781616
0.5534501671791077 0.31075525283813477 -0.40838325023651123 0.9999754428863525
0.557365357875824 0.31184470653533936 -0.40858858823776245 0.9999693632125854
0.5322483777999878 0.31104063987731934 -0.41004523634910583 0.9999454021453857
0.526218831539154 0.3125510811805725 -0.41004762053489685 0.9999430179595947
0.5206076502799988 0.31407415866851807 -0.41012200713157654 0.9999066591262817
0.5639596581459045 0.3267585039138794 -0.23476657271385193 0.999976634979248
0.5124341249465942 0.3304460644721985 -0.24305813014507294 0.999948263168335
0.551818311214447 0.35449376702308655 -0.37448152899742126 0.9999939203262329
0.5298060178756714 0.3550097644329071 -0.377181738615036 0.9999899864196777
0.5998138189315796 0.4592035412788391 -0.15870149433612823 0.9999940395355225
0.47508853673934937 0.4829181730747223 -0.10649856925010681 0.9998496770858765
0.6436374187469482 0.632108211517334 -0.35794419050216675 0.9985376596450806
0.44739237427711487 0.678930401802063 -0.04126296192407608 0.9537343978881836
0.5832429528236389 0.5408672094345093 -0.7173804640769958 0.9969557523727417
0.41955864429473877 0.8582581281661987 -0.15968722105026245 0.8757960200309753
0.5673809051513672 0.5442060232162476 -0.7923088073730469 0.9885528087615967
0.4110183119773865 0.9189884662628174 -0.18526233732700348 0.7900314927101135
0.5570103526115417 0.5293244123458862 -0.7682376503944397 0.9887746572494507
0.41607940196990967 0.9242724180221558 -0.22613473236560822 0.8177931308746338
0.5586031079292297 0.5286248922348022 -0.7132731080055237 0.9803506135940552
0.41983672976493835 0.9045913219451904 -0.1764797568321228 0.802656352519989
0.5825894474983215 0.7724319100379944 -0.003733621211722493 0.9987454414367676
0.4939039349555969 0.7806715369224548 0.004152287263423204 0.9961763620376587
0.6264104247093201 0.9740791320800781 -0.31393060088157654 0.7301638126373291
0.49801647663116455 1.0158729553222656 -0.2723662555217743 0.6298529505729675
0.6116141080856323 1.1631512641906738 0.06704080104827881 0.07930672913789749
0.5164473056793213 1.194335699081421 0.0926070585846901 0.05590198561549187
0.6062777638435364 1.1842989921569824 0.10174539685249329 0.13700973987579346
0.5187485814094543 1.2156671285629272 0.1248154491186142 0.059866342693567276
0.6164563298225403 1.249028205871582 -0.039935532957315445 0.06127544119954109
0.5296522974967957 1.279940128326416 -0.02865520305931568 0.038509126752614975
