0.5680803656578064 0.36468705534935 -0.270100474357605 0.9998936653137207
0.5770784020423889 0.3461759090423584 -0.23917746543884277 0.9997726082801819
0.5824906229972839 0.3478265106678009 -0.2392694354057312 0.9998087286949158
0.5873957276344299 0.34982675313949585 -0.23942288756370544 0.9996463060379028
0.5597610473632812 0.3444739580154419 -0.24587784707546234 0.9997488856315613
0.5530349612236023 0.34523922204971313 -0.24598506093025208 0.9998083710670471
0.5471110939979553 0.346605122089386 -0.2461455911397934 0.9997019171714783
0.5967247486114502 0.36892440915107727 -0.08706074208021164 0.999734103679657
0.5392142534255981 0.3652004301548004 -0.12244496494531631 0.9999431371688843
0.5772247910499573 0.396023154258728 -0.21363607048988342 0.9999618530273438
0.5552886724472046 0.39277827739715576 -0.22435730695724487 0.9999854564666748
0.6256434321403503 0.5148359537124634 -0.020524464547634125 0.9995112419128418
0.5026235580444336 0.5216736793518066 -0.06414882838726044 0.9994425177574158
0.6472586393356323 0.7452008724212646 -0.19854983687400818 0.9896382093429565
0.4993366301059723 0.7181934118270874 -0.16446760296821594 0.9061174392700195
0.6068097352981567 0.5778770446777344 -0.4503299593925476 0.9941164255142212
0.531112551689148 0.7829664945602417 -0.35387733578681946 0.874578058719635
0.5941131711006165 0.5258927941322327 -0.5067136287689209 0.9836050868034363
0.537400484085083 0.8335760235786438 -0.3953392803668976 0.8055756092071533
0.5982471108436584 0.4936409890651703 -0.4743342995643616 0.9835246801376343
0.5517165660858154 0.8244301080703735 -0.39631569385528564 0.8155012726783752
0.5993776917457581 0.5076500773429871 -0.4429694414138794 0.9765738248825073
0.5510170459747314 0.8061038851737976 -0.3565559685230255 0.8005719780921936
0.6139439940452576 0.826254665851593 0.009882728569209576 0.9922911524772644
0.5318018794059753 0.8251206278800964 -0.009287753142416477 0.9951046705245972
0.6316289901733398 1.0207691192626953 -0.29109224677085876 0.5823201537132263
0.5111509561538696 0.9745640754699707 -0.47040340304374695 0.6785200238227844
0.6156650185585022 1.1885099411010742 0.0516483336687088 0.019610028713941574
0.5244670510292053 1.2027270793914795 -0.19262026250362396 0.07394528388977051
0.6129876971244812 1.2139275074005127 0.07969453930854797 0.05818908289074898
0.5289984941482544 1.2380707263946533 -0.1702415645122528 0.07762272655963898
0.6079998016357422 1.274526596069336 -0.048793990164995193 0.016973236575722694
0.5234147310256958 1.2903721332550049 -0.33878621459007263 0.06220656633377075
