0.5669059157371521 0.36820727586746216 -0.1630719155073166 0.9999271631240845
0.5766722559928894 0.3519206643104553 -0.1379690319299698 0.9998960494995117
0.5815229415893555 0.3532631993293762 -0.13795913755893707 0.9999171495437622
0.5867485404014587 0.3548992872238159 -0.13789303600788116 0.9999130964279175
0.5589962005615234 0.34937429428100586 -0.1444617360830307 0.9998651742935181
0.5526931881904602 0.34997451305389404 -0.14452287554740906 0.9998724460601807
0.5466034412384033 0.3508697748184204 -0.14471368491649628 0.9998416900634766
0.5945376753807068 0.37154579162597656 -0.010165282525122166 0.9998703002929688
0.5382971167564392 0.37032026052474976 -0.040153902024030685 0.9999022483825684
0.5780556201934814 0.4006447196006775 -0.1159571036696434 0.9998559951782227
0.5552570819854736 0.39700669050216675 -0.12489673495292664 0.9998643398284912
0.624578595161438 0.5270268321037292 0.03682715818285942 0.9998236298561096
0.501555860042572 0.5203090906143188 -0.02197328954935074 0.9996300935745239
0.6447744369506836 0.7359226942062378 -0.12568403780460358 0.9983546137809753
0.5096719861030579 0.7261781692504883 -0.10992800444364548 0.9938979744911194
0.6028393507003784 0.5425245761871338 -0.3323710560798645 0.9993959665298462
0.563693642616272 0.7425415515899658 -0.1873341202735901 0.9888411164283752
0.6004622578620911 0.48199766874313354 -0.3770425021648407 0.9977464079856873
0.5847659707069397 0.7758665084838867 -0.21025939285755157 0.9690612554550171
0.6030701398849487 0.46912822127342224 -0.34927231073379517 0.9972368478775024
0.5933202505111694 0.7592678070068359 -0.20513664186000824 0.9670743346214294
0.6022078990936279 0.4872572124004364 -0.3267233967781067 0.9978634715080261
0.5857782363891602 0.7465290427207947 -0.1854492574930191 0.9744458794593811
0.6191556453704834 0.8642656803131104 0.017867889255285263 0.9996434450149536
0.5223752856254578 0.8807001113891602 -0.016577720642089844 0.9993613362312317
0.6245726346969604 1.152174949645996 0.030631842091679573 0.05434931442141533
0.5247586369514465 1.1509993076324463 0.08057334274053574 0.07033934444189072
0.6213257908821106 1.3879565000534058 0.3010152578353882 0.0001376064756186679
0.5307435989379883 1.3855018615722656 0.3054965138435364 0.0005112530197948217
0.6244262456893921 1.4266504049301147 0.3234093487262726 0.00045075968955643475
0.5268439054489136 1.4227240085601807 0.3239023983478546 0.0008887748699635267
0.6092729568481445 1.4748106002807617 0.19501632452011108 0.00018505168554838747
0.5479427576065063 1.472553014755249 0.17775379121303558 0.0005080129485577345
