0.5703715682029724 0.36924177408218384 -0.17390021681785583 0.9951196908950806
0.5777782201766968 0.349831223487854 -0.15040989220142365 0.9949317574501038
0.5823591351509094 0.3514282703399658 -0.15052977204322815 0.9955173134803772
0.5871849656105042 0.35341572761535645 -0.15067371726036072 0.995517909526825
0.5612881183624268 0.34839528799057007 -0.15757645666599274 0.9938133955001831
0.5548588037490845 0.3489869236946106 -0.15772992372512817 0.9939449429512024
0.5488401055335999 0.3499833345413208 -0.157877579331398 0.9927873015403748
0.5922201871871948 0.3704497814178467 -0.01642363891005516 0.9971755743026733
0.5386572480201721 0.36688119173049927 -0.04624683037400246 0.9934816360473633
0.5778330564498901 0.39868268370628357 -0.12161329388618469 0.9959867596626282
0.5568563342094421 0.39761582016944885 -0.13064926862716675 0.991954505443573
0.6179200410842896 0.5069313049316406 0.013987468555569649 0.9968937635421753
0.5053179264068604 0.5173134803771973 -0.04272092878818512 0.99334716796875
0.6309346556663513 0.6886667013168335 -0.13488253951072693 0.960288405418396
0.5317309498786926 0.6854425668716431 -0.2545892894268036 0.9728320240974426
0.5770679116249084 0.6277264952659607 -0.3253176808357239 0.9496848583221436
0.6087811589241028 0.5925920605659485 -0.4596949815750122 0.9860414862632751
0.5561841726303101 0.6196955442428589 -0.37348511815071106 0.914963960647583
0.6326885223388672 0.5805244445800781 -0.5092621445655823 0.9625328779220581
0.5552417635917664 0.5974584221839905 -0.352590948343277 0.9186822772026062
0.6273775696754456 0.5589081048965454 -0.4853722155094147 0.9610303640365601
0.5607330203056335 0.5968111753463745 -0.32115545868873596 0.930455207824707
0.609215497970581 0.555560290813446 -0.4543363153934479 0.9607067704200745
0.616680920124054 0.8416463136672974 0.008616896346211433 0.9992873072624207
0.5230655670166016 0.8518264293670654 -0.007913634181022644 0.9989416003227234
0.6267873048782349 1.0883945226669312 -0.02956887148320675 0.716688871383667
0.5244847536087036 1.1169848442077637 0.024715865030884743 0.701536238193512
0.6167332530021667 1.270328164100647 0.36567020416259766 0.0031281269621104
0.520656406879425 1.26932692527771 0.4545751214027405 0.0037216448690742254
0.6140516400337219 1.3010514974594116 0.4047417938709259 0.00785236619412899
0.5202645063400269 1.2971997261047363 0.4982708990573883 0.0050706104375422
0.6125271916389465 1.3531055450439453 0.3128589987754822 0.001940388698130846
0.5247528553009033 1.338739275932312 0.4104650616645813 0.002359371166676283
