0.5454139113426208 0.34673845767974854 -0.19292066991329193 0.9996199607849121
0.553942859172821 0.32534584403038025 -0.15934062004089355 0.9997040629386902
0.5592066645622253 0.32576271891593933 -0.15950147807598114 0.9997174143791199
0.5638887882232666 0.32696378231048584 -0.15970581769943237 0.9996505975723267
0.5361455678939819 0.3276204466819763 -0.1613440364599228 0.9994909763336182
0.5302968621253967 0.32989683747291565 -0.16133753955364227 0.9994587302207947
0.525650680065155 0.33198490738868713 -0.16142725944519043 0.9993879795074463
0.5734158158302307 0.3434709906578064 0.005293190013617277 0.9997774958610535
0.518447995185852 0.34954744577407837 -0.0037205421831458807 0.9998074173927307
0.5581541061401367 0.3743896484375 -0.13341201841831207 0.9999306201934814
0.5359925627708435 0.3765278458595276 -0.13642247021198273 0.9999055862426758
0.6133449673652649 0.47463294863700867 0.07194369286298752 0.9994021654129028
0.48619312047958374 0.4909907579421997 0.049034807831048965 0.9983007311820984
0.6564901471138 0.6308426260948181 -0.14748215675354004 0.9267501831054688
0.4683232307434082 0.6550862789154053 -0.165893092751503 0.8999826908111572
0.6608794331550598 0.6199058294296265 -0.5157040357589722 0.9346526861190796
0.4907083809375763 0.6161489486694336 -0.5032281279563904 0.9479170441627502
0.6604259014129639 0.6136229038238525 -0.5826086401939392 0.8994133472442627
0.4901084303855896 0.6119941473007202 -0.5628825426101685 0.9212144017219543
0.6554876565933228 0.5902960300445557 -0.5761311650276184 0.9028241038322449
0.49349385499954224 0.5856438279151917 -0.5527786016464233 0.9145797491073608
0.651675820350647 0.5915897488594055 -0.5209339261054993 0.8677517175674438
0.4987638592720032 0.5853211879730225 -0.5049623250961304 0.8798270225524902
0.6042722463607788 0.7808773517608643 0.0032589745242148638 0.9851837158203125
0.5105049014091492 0.7885308861732483 -0.0028380416333675385 0.9860222339630127
0.6168211102485657 0.9634954333305359 -0.3638973534107208 0.6729405522346497
0.49892908334732056 0.9514126181602478 -0.4230889678001404 0.728602945804596
0.6252151727676392 1.1389553546905518 -0.23879922926425934 0.030641380697488785
0.5117311477661133 1.147775650024414 -0.262438029050827 0.019619014114141464
0.6221458911895752 1.1752984523773193 -0.23663125932216644 0.05095488578081131
0.5193138718605042 1.1751596927642822 -0.2556925415992737 0.02430557645857334
0.6313085556030273 1.1973161697387695 -0.38580769300460815 0.021665437147021294
0.5124712586402893 1.2175953388214111 -0.408243864774704 0.013140179216861725
