0.536725640296936 0.4031486511230469 -0.4416106045246124 0.9999926090240479
0.5456554293632507 0.38500308990478516 -0.4157358407974243 0.9999744892120361
0.5498993396759033 0.385763943195343 -0.4157446026802063 0.9999865293502808
0.5542894601821899 0.3868637681007385 -0.415764719247818 0.9999743700027466
0.5282670855522156 0.38400107622146606 -0.4215105175971985 0.9999728202819824
0.521556556224823 0.38470596075057983 -0.4215887486934662 0.9999828338623047
0.5155826210975647 0.38599270582199097 -0.42177554965019226 0.9999661445617676
0.55833500623703 0.4002659022808075 -0.25288230180740356 0.9999860525131226
0.5059861540794373 0.39949533343315125 -0.2780502140522003 0.9999932050704956
0.545373260974884 0.43140748143196106 -0.380283921957016 0.9999940395355225
0.5230755805969238 0.4315187633037567 -0.3881726861000061 0.9999948740005493
0.5939816832542419 0.534331202507019 -0.12852199375629425 0.999985933303833
0.4567846953868866 0.5293570756912231 -0.14904525876045227 0.9999415874481201
0.6602065563201904 0.6677953600883484 -0.2613472640514374 0.9996947050094604
0.42052122950553894 0.7229587435722351 -0.062131982296705246 0.9970384836196899
0.6631731390953064 0.48152583837509155 -0.5346013307571411 0.9986181259155273
0.40693679451942444 0.8859196305274963 -0.10202161222696304 0.9769008159637451
0.6592093706130981 0.42536237835884094 -0.5835176110267639 0.990871250629425
0.3926849663257599 0.9391971826553345 -0.10147018730640411 0.9287851452827454
0.6539121270179749 0.4127449095249176 -0.5618122220039368 0.9902691841125488
0.4022168219089508 0.9537591934204102 -0.13644155859947205 0.9364113807678223
0.6528448462486267 0.4355272948741913 -0.5317040681838989 0.9891905784606934
0.4110269546508789 0.9345617294311523 -0.11296399682760239 0.9422405362129211
0.5757330060005188 0.8537104725837708 0.005047464743256569 0.9979760050773621
0.47834986448287964 0.8536566495895386 -0.004038195591419935 0.9962210655212402
0.5808058977127075 1.117133617401123 -0.2843813896179199 0.4203926920890808
0.4816538989543915 1.1133298873901367 -0.14606128633022308 0.3029078543186188
0.5729362964630127 1.3464572429656982 -0.02758696675300598 0.004555250983685255
0.48455020785331726 1.346892237663269 0.03822248801589012 0.007677850779145956
0.5729960799217224 1.3815523386001587 -0.009319525212049484 0.016615750268101692
0.48144131898880005 1.386768102645874 0.04852454736828804 0.01928647793829441
0.5578921437263489 1.4357998371124268 -0.18701906502246857 0.003540189703926444
0.4969802796840668 1.427243947982788 -0.13822714984416962 0.006512505002319813
