0.5459447503089905 0.33762145042419434 -0.39269939064979553 0.9999815225601196
0.554096519947052 0.31794077157974243 -0.3696383535861969 0.9998992681503296
0.5596029162406921 0.3184322118759155 -0.3695133328437805 0.9999474287033081
0.5643112659454346 0.3192577064037323 -0.36947277188301086 0.9998577833175659
0.5372331142425537 0.31977415084838867 -0.37417227029800415 0.9999241828918457
0.5311199426651001 0.3220745623111725 -0.3742293417453766 0.9999569654464722
0.5258998274803162 0.3243998885154724 -0.374421626329422 0.9999113082885742
0.5731762647628784 0.33389347791671753 -0.22617799043655396 0.9998965263366699
0.5189927816390991 0.3419850170612335 -0.2448025494813919 0.9999897480010986
0.5586135983467102 0.36509597301483154 -0.337958425283432 0.9999600648880005
0.5365934371948242 0.3656308352947235 -0.3438016176223755 0.9999829530715942
0.6115684509277344 0.47116386890411377 -0.11690156161785126 0.9999264478683472
0.4818406105041504 0.4895767271518707 -0.17575086653232574 0.99996018409729
0.6725685000419617 0.6030449867248535 -0.27172914147377014 0.9998787641525269
0.48153451085090637 0.707507848739624 -0.21990150213241577 0.9995021820068359
0.6313803195953369 0.444735586643219 -0.5011311173439026 0.9998272061347961
0.531989336013794 0.8712201714515686 -0.33572739362716675 0.9995248317718506
0.6262942552566528 0.3903390169143677 -0.5453064441680908 0.9988294243812561
0.5401222705841064 0.9237494468688965 -0.35338741540908813 0.997118353843689
0.6233407258987427 0.3743136525154114 -0.5061342120170593 0.9986506104469299
0.5559686422348022 0.9112496972084045 -0.36043956875801086 0.997432291507721
0.6185314059257507 0.39974844455718994 -0.48928847908973694 0.9989369511604309
0.555948793888092 0.8953311443328857 -0.3359563946723938 0.9980218410491943
0.6071947813034058 0.7860305905342102 0.017573542892932892 0.9999048709869385
0.5161483883857727 0.8019089698791504 -0.016532910987734795 0.9999091625213623
0.6149539947509766 1.0585328340530396 0.016376269981265068 0.10183335095643997
0.5124016404151917 1.0522255897521973 -0.0499861054122448 0.12199220061302185
0.6197556853294373 1.2657830715179443 0.37075158953666687 2.118327029165812e-05
0.5229013562202454 1.264927864074707 0.2505914568901062 7.015552546363324e-05
0.625443696975708 1.306195855140686 0.399865984916687 0.00015358348900917917
0.5215053558349609 1.30808424949646 0.27435776591300964 0.00015096821880433708
0.6078047156333923 1.3481910228729248 0.2623389959335327 3.402332367841154e-05
0.5400974154472351 1.3429744243621826 0.11401137709617615 0.00011684946366585791
