0.5449488162994385 0.3327333927154541 -0.4048416018486023 0.999561607837677
0.5537823438644409 0.3143312931060791 -0.3750686049461365 0.9987493753433228
0.5590554475784302 0.3149148225784302 -0.37510669231414795 0.9988160133361816
0.5648027062416077 0.3157695531845093 -0.37520793080329895 0.9979269504547119
0.5349633693695068 0.3158349394798279 -0.37958112359046936 0.9992140531539917
0.5286186933517456 0.3172851800918579 -0.37976470589637756 0.9994575381278992
0.5235105156898499 0.319452166557312 -0.380026638507843 0.9994650483131409
0.5752384066581726 0.3358866572380066 -0.21063682436943054 0.9979332685470581
0.5162147283554077 0.34181469678878784 -0.22866393625736237 0.9998738765716553
0.5580241680145264 0.36738961935043335 -0.3428496718406677 0.9998410940170288
0.533487856388092 0.36896267533302307 -0.34844598174095154 0.9999504089355469
0.6207636594772339 0.4877350926399231 -0.1194637268781662 0.9983264803886414
0.4786900281906128 0.4925526976585388 -0.17310820519924164 0.9997691512107849
0.6517232656478882 0.654669463634491 -0.2885328233242035 0.9832720160484314
0.4822843372821808 0.7031985521316528 -0.2509106993675232 0.9952937960624695
0.6161349415779114 0.6244121193885803 -0.6023657917976379 0.967431366443634
0.5305492281913757 0.856313169002533 -0.4269162118434906 0.9939800500869751
0.6041722893714905 0.6329813003540039 -0.6723222732543945 0.915303647518158
0.5392258167266846 0.9150962829589844 -0.48301222920417786 0.977741003036499
0.5971584916114807 0.6027441024780273 -0.6565768718719482 0.9227004051208496
0.5574600100517273 0.9018369317054749 -0.48675745725631714 0.9801825284957886
0.5980954766273499 0.6054811477661133 -0.6031118631362915 0.9252094626426697
0.5571129322052002 0.8819173574447632 -0.42962509393692017 0.977685809135437
0.6064544320106506 0.8113003373146057 0.009217815473675728 0.9981200098991394
0.5117228627204895 0.8189727067947388 -0.008567878045141697 0.9993263483047485
0.6173048615455627 1.0827977657318115 -0.12583905458450317 0.446267306804657
0.48977166414260864 1.0488674640655518 -0.29973241686820984 0.8187519311904907
0.6333900690078735 1.2459020614624023 0.36016979813575745 0.0024621847551316023
0.5094583034515381 1.2659722566604614 0.1158086359500885 0.04060917720198631
0.637620210647583 1.2776918411254883 0.4016280174255371 0.00895098689943552
0.5144391655921936 1.3035507202148438 0.15240927040576935 0.022655252367258072
0.6287365555763245 1.3381450176239014 0.25339385867118835 0.0025628400035202503
0.5173834562301636 1.3576903343200684 -0.03043729066848755 0.03349857032299042
