0.5448440313339233 0.33132725954055786 -0.3304828703403473 0.99988853931427
0.5542497634887695 0.31336653232574463 -0.3046814501285553 0.9997356534004211
0.559744119644165 0.31381869316101074 -0.3047575056552887 0.9996904134750366
0.5653062462806702 0.3145723342895508 -0.30494943261146545 0.9996647834777832
0.5349820256233215 0.315438449382782 -0.3040713369846344 0.9997650980949402
0.5281374454498291 0.31710630655288696 -0.3041306138038635 0.9997424483299255
0.5226541757583618 0.3194980025291443 -0.3042927384376526 0.9997838139533997
0.5761865973472595 0.33344554901123047 -0.17047548294067383 0.9997227787971497
0.5151509642601013 0.3419635593891144 -0.16373559832572937 0.9998194575309753
0.5580400228500366 0.3655690550804138 -0.2807352840900421 0.9999780654907227
0.5333395004272461 0.3668604791164398 -0.2788839042186737 0.9999842643737793
0.6174335479736328 0.47553563117980957 -0.1039629876613617 0.9997150301933289
0.4787379205226898 0.49170002341270447 -0.11616571992635727 0.9997089505195618
0.6597619652748108 0.6444482803344727 -0.1485184133052826 0.9814198613166809
0.47893205285072327 0.6996210813522339 -0.15144604444503784 0.9917970895767212
0.6345126032829285 0.7523427605628967 -0.3454740345478058 0.9081279635429382
0.5280942916870117 0.8621622323989868 -0.2861674129962921 0.9732768535614014
0.6335839629173279 0.802566409111023 -0.402200311422348 0.82234787940979
0.5387055277824402 0.9184438586235046 -0.32743752002716064 0.9426164627075195
0.6208888292312622 0.7891058921813965 -0.4111960232257843 0.8315531015396118
0.5570570826530457 0.9012587070465088 -0.34352657198905945 0.944986879825592
0.6159530878067017 0.7676512002944946 -0.35223767161369324 0.8441669940948486
0.5564791560173035 0.881954550743103 -0.2924855351448059 0.9375953078269958
0.6042349934577942 0.7893829345703125 -0.00011082332639489323 0.998948872089386
0.5105909705162048 0.8124750852584839 0.00047572393668815494 0.9987354874610901
0.6359519362449646 0.9727038145065308 -0.45045334100723267 0.8547948598861694
0.49417051672935486 1.0164902210235596 -0.33102816343307495 0.8684237003326416
0.6358249187469482 1.122206211090088 -0.04645776376128197 0.05854743346571922
0.5281698107719421 1.1837589740753174 0.04565386474132538 0.05648783594369888
0.6314381957054138 1.146192193031311 -0.008840628899633884 0.14086799323558807
0.5374923348426819 1.2075676918029785 0.08090994507074356 0.048161737620830536
0.648594081401825 1.2089729309082031 -0.11567746847867966 0.05440741404891014
0.5291346907615662 1.2760815620422363 -0.030646903440356255 0.03210506960749626
