0.5456922650337219 0.3663165271282196 -0.22684288024902344 0.999735414981842
0.5495622158050537 0.34407782554626465 -0.1958104521036148 0.9998061060905457
0.5531526207923889 0.3451520800590515 -0.19593732059001923 0.999789297580719
0.557550311088562 0.34650325775146484 -0.19616326689720154 0.9998094439506531
0.53443843126297 0.34220045804977417 -0.20189861953258514 0.9998190999031067
0.5279436111450195 0.34191465377807617 -0.20183154940605164 0.9997816681861877
0.5218057036399841 0.34194666147232056 -0.20190976560115814 0.9998051524162292
0.5603983402252197 0.3605027496814728 -0.03708209469914436 0.9998496770858765
0.508847177028656 0.3577292859554291 -0.06257417052984238 0.9998654127120972
0.5517339110374451 0.39653071761131287 -0.1677306443452835 0.9999226331710815
0.5335291624069214 0.39534640312194824 -0.1751209944486618 0.9999363422393799
0.6009538173675537 0.49916890263557434 0.022975003346800804 0.9997842907905579
0.46427303552627563 0.4978439211845398 -0.025839706882834435 0.9994887113571167
0.6407254338264465 0.6791002750396729 -0.11380928009748459 0.9839019179344177
0.4395151138305664 0.6690563559532166 -0.19604338705539703 0.9897444844245911
0.5597740411758423 0.6471972465515137 -0.37778860330581665 0.9616758227348328
0.5396063923835754 0.6425213813781738 -0.3972931504249573 0.9812554717063904
0.542992889881134 0.6195453405380249 -0.43515095114707947 0.9195501208305359
0.5558804869651794 0.6188458204269409 -0.44356033205986023 0.9493781924247742
0.5449537634849548 0.5971353054046631 -0.4068760871887207 0.917030394077301
0.552674412727356 0.598648190498352 -0.4208517372608185 0.9427217841148376
0.5489784479141235 0.6017206311225891 -0.3700887858867645 0.8827557563781738
0.5481451749801636 0.6033427119255066 -0.3887437582015991 0.9221848249435425
0.5900951027870178 0.8135239481925964 0.013073607347905636 0.9864452481269836
0.492587149143219 0.824006974697113 -0.012655212543904781 0.9787846207618713
0.6821151971817017 0.9624114036560059 -0.2743430733680725 0.9724084734916687
0.4312683343887329 1.0097377300262451 -0.23209887742996216 0.9413763284683228
0.6056594848632812 1.130746841430664 0.05333283916115761 0.40042006969451904
0.4796406924724579 1.1298472881317139 0.10344215482473373 0.14142127335071564
0.5869078040122986 1.1333039999008179 0.08744890242815018 0.3270191252231598
0.4876610338687897 1.1367099285125732 0.13859687745571136 0.11434436589479446
0.5981965661048889 1.2231910228729248 0.015356983058154583 0.1911442130804062
0.48196345567703247 1.1905908584594727 0.07254569977521896 0.047185614705085754
