0.5480439066886902 0.36562082171440125 -0.27556076645851135 0.9996801614761353
0.5527976751327515 0.3449564576148987 -0.25113847851753235 0.9997876286506653
0.5562012195587158 0.34593456983566284 -0.2511964440345764 0.999737560749054
0.5603479743003845 0.34678953886032104 -0.251359224319458 0.9997722506523132
0.5379754304885864 0.3422003984451294 -0.25458693504333496 0.9998503923416138
0.5311671495437622 0.34205198287963867 -0.25458067655563354 0.9998193383216858
0.524474561214447 0.34243065118789673 -0.254671573638916 0.9998577833175659
0.5628947019577026 0.35848474502563477 -0.12102606147527695 0.9997121691703796
0.51059490442276 0.35548877716064453 -0.13518346846103668 0.9998332262039185
0.5526737570762634 0.3962096571922302 -0.2268727868795395 0.9998711347579956
0.5336266160011292 0.3952880799770355 -0.23107001185417175 0.99989914894104
0.607187807559967 0.50298011302948 -0.07833489775657654 0.9995341300964355
0.46294039487838745 0.4958201050758362 -0.10679353028535843 0.9995926022529602
0.6518425345420837 0.6867560744285583 -0.19307146966457367 0.9912097454071045
0.43468010425567627 0.6752113699913025 -0.2618752419948578 0.9895306825637817
0.5585247874259949 0.6266357898712158 -0.3982221484184265 0.9720679521560669
0.533823549747467 0.6193755269050598 -0.43799322843551636 0.9842260479927063
0.5412831902503967 0.5858768224716187 -0.4335796535015106 0.9271796941757202
0.550943911075592 0.5796393156051636 -0.47248727083206177 0.9523830413818359
0.5427753925323486 0.5613025426864624 -0.4058997333049774 0.9191586971282959
0.5466752648353577 0.5608881711959839 -0.44315391778945923 0.94312983751297
0.5457001328468323 0.5719384551048279 -0.3872905969619751 0.8875199556350708
0.5421473383903503 0.5726603269577026 -0.4258299767971039 0.9266805648803711
0.589469313621521 0.8029301166534424 0.012055316008627415 0.9928387999534607
0.49030786752700806 0.8135669231414795 -0.012071320787072182 0.992957353591919
0.6823530197143555 0.9720008969306946 -0.13550445437431335 0.9677905440330505
0.4153050184249878 1.017845630645752 -0.15422211587429047 0.952557384967804
0.6082172989845276 0.941715657711029 0.21900711953639984 0.11298153549432755
0.4979207217693329 0.947912335395813 0.17199383676052094 0.06656292080879211
0.5945894718170166 0.9110245704650879 0.261832594871521 0.0800899788737297
0.5100494027137756 0.92698734998703 0.21263457834720612 0.05403469502925873
0.5862281322479248 0.9911442399024963 0.28305694460868835 0.061811015009880066
0.5087696313858032 0.9677110314369202 0.22572217881679535 0.03389090672135353
