0.5445366501808167 0.3728277385234833 -0.2924897372722626 0.9992019534111023
0.5512524843215942 0.3505050539970398 -0.26871582865715027 0.9994768500328064
0.5547577142715454 0.35138899087905884 -0.268813818693161 0.9993773102760315
0.5583380460739136 0.35203492641448975 -0.2689926326274872 0.9995081424713135
0.5351243615150452 0.3473992943763733 -0.27158722281455994 0.9995673298835754
0.5285477638244629 0.3468249440193176 -0.27157098054885864 0.999421238899231
0.5219211578369141 0.3467155694961548 -0.271685391664505 0.999505877494812
0.5631000995635986 0.36131197214126587 -0.13202689588069916 0.9993488192558289
0.510727047920227 0.35773587226867676 -0.14300577342510223 0.9993359446525574
0.5507699847221375 0.4009380042552948 -0.2401634305715561 0.9996802806854248
0.5311416983604431 0.40051785111427307 -0.243633434176445 0.9996844530105591
0.6034669280052185 0.49541088938713074 -0.08787371218204498 0.9995717406272888
0.46742233633995056 0.49365246295928955 -0.11236990988254547 0.9993607401847839
0.6381224989891052 0.6828812956809998 -0.2189451903104782 0.9882484674453735
0.4514835476875305 0.6614740490913391 -0.2830788195133209 0.9780548214912415
0.5635853409767151 0.6108713150024414 -0.4560503661632538 0.9794504046440125
0.5454699993133545 0.5981184244155884 -0.48166027665138245 0.9791592359542847
0.5515960454940796 0.5791691541671753 -0.4994942545890808 0.9541914463043213
0.559894323348999 0.5663493871688843 -0.522374153137207 0.9456847906112671
0.5522119402885437 0.5512944459915161 -0.4785277545452118 0.9503533840179443
0.5570418834686279 0.5466890335083008 -0.49731168150901794 0.9364156723022461
0.5539259314537048 0.5607126951217651 -0.4487316906452179 0.9281212687492371
0.55275958776474 0.5552207231521606 -0.47244706749916077 0.9201777577400208
0.5921838879585266 0.8124096393585205 0.010190045461058617 0.992952287197113
0.49100005626678467 0.8229143619537354 -0.010233442299067974 0.9931827187538147
0.6861892342567444 0.9834669232368469 -0.1306677609682083 0.9615761637687683
0.4362644553184509 1.0211107730865479 -0.1400907039642334 0.9356828331947327
0.6144139766693115 0.9421504735946655 0.26980382204055786 0.07008902728557587
0.4972931742668152 0.9734388589859009 0.21236909925937653 0.05088984966278076
0.5996572375297546 0.9084643125534058 0.3175956606864929 0.053125061094760895
0.507573664188385 0.9559918642044067 0.25579866766929626 0.04191294312477112
0.593261182308197 0.9865410923957825 0.34285369515419006 0.039367109537124634
0.5071557760238647 0.993606448173523 0.2662186920642853 0.027039185166358948
