0.5468700528144836 0.3711031675338745 -0.3416426479816437 0.9997283816337585
0.5522652864456177 0.34992262721061707 -0.3193230926990509 0.999818742275238
0.5567087531089783 0.3506672978401184 -0.31937721371650696 0.999769389629364
0.5613420605659485 0.3514746129512787 -0.3195185661315918 0.9997861981391907
0.5372506976127625 0.34808433055877686 -0.32332947850227356 0.9998669624328613
0.5299501419067383 0.34794288873672485 -0.32332950830459595 0.9998291730880737
0.5229370594024658 0.34828829765319824 -0.32341301441192627 0.9998542070388794
0.5646576285362244 0.36320599913597107 -0.1833123415708542 0.9997988343238831
0.510536789894104 0.3620857298374176 -0.1997249722480774 0.9998785257339478
0.5521136522293091 0.40102505683898926 -0.2894977927207947 0.9999440908432007
0.5331893563270569 0.4001995623111725 -0.2944065034389496 0.9999567270278931
0.6039584875106812 0.49921342730522156 -0.1256042867898941 0.9997236132621765
0.46449941396713257 0.4956139028072357 -0.16656120121479034 0.9997827410697937
0.6408196687698364 0.6810718774795532 -0.24737240374088287 0.9898608922958374
0.45056086778640747 0.662899374961853 -0.3268283009529114 0.9923543930053711
0.5658585429191589 0.6368623971939087 -0.488960862159729 0.9686461091041565
0.5415506958961487 0.6336479187011719 -0.5154405236244202 0.9872257113456726
0.5524713397026062 0.6053163409233093 -0.5316843390464783 0.9326733946800232
0.5589749813079834 0.6030502319335938 -0.5548780560493469 0.9638824462890625
0.5529070496559143 0.5816245675086975 -0.5114153027534485 0.925873875617981
0.5562858581542969 0.5827367901802063 -0.530394971370697 0.9575358629226685
0.5549618601799011 0.5857737064361572 -0.482171893119812 0.8999680876731873
0.5517183542251587 0.5890743732452393 -0.5056685209274292 0.9444365501403809
0.5891502499580383 0.8100288510322571 0.013495435938239098 0.9946404099464417
0.49030551314353943 0.8197827339172363 -0.013502339832484722 0.9950042366981506
0.6842340230941772 0.9713347554206848 -0.1619337499141693 0.9674188494682312
0.4385783076286316 1.0251433849334717 -0.1961260288953781 0.9558990597724915
0.6030701994895935 0.960309624671936 0.20376873016357422 0.09550515562295914
0.5035716891288757 0.9833240509033203 0.14843732118606567 0.05590492859482765
0.5879772901535034 0.934050977230072 0.24685172736644745 0.08176212757825851
0.513760507106781 0.9650362133979797 0.19008532166481018 0.050333425402641296
0.586209237575531 1.0109719038009644 0.258390873670578 0.05547381192445755
0.5167144536972046 1.0095109939575195 0.19350877404212952 0.030266985297203064
