0.5333271026611328 0.4056645631790161 -0.38219863176345825 0.9997912049293518
0.5384972095489502 0.38625478744506836 -0.35437625646591187 0.9993096590042114
0.5420283079147339 0.3873629570007324 -0.3544434905052185 0.9995598196983337
0.5456505417823792 0.38878393173217773 -0.35456082224845886 0.9993346333503723
0.5258608460426331 0.38356733322143555 -0.3607233464717865 0.9994279742240906
0.5203800797462463 0.3831033706665039 -0.3607197105884552 0.9995367527008057
0.5149235129356384 0.3831314444541931 -0.36094149947166443 0.999325156211853
0.5489928722381592 0.4023911952972412 -0.18659816682338715 0.9994215965270996
0.5035423636436462 0.39762425422668457 -0.21582598984241486 0.9997699856758118
0.539598286151886 0.4336574673652649 -0.31778255105018616 0.9998410940170288
0.5227551460266113 0.4319441318511963 -0.32711178064346313 0.9999014139175415
0.5890220403671265 0.5316990613937378 -0.11135788261890411 0.9997531771659851
0.4511687159538269 0.5423758029937744 -0.06547392904758453 0.9997398257255554
0.6428311467170715 0.6280131340026855 -0.3315066397190094 0.9940185546875
0.4145916998386383 0.73519366979599 0.023290691897273064 0.9719064235687256
0.5759696960449219 0.4668254554271698 -0.6507082581520081 0.9685945510864258
0.4011893570423126 0.912058413028717 -0.03991338983178139 0.8671962022781372
0.5556709170341492 0.42990750074386597 -0.7139794826507568 0.8473700284957886
0.3886166214942932 0.9701361656188965 -0.050559867173433304 0.6549355983734131
0.5527829527854919 0.4252854585647583 -0.6722387671470642 0.8418984413146973
0.3971242308616638 0.9766727089881897 -0.08926846086978912 0.6963188052177429
0.5554082989692688 0.438507616519928 -0.6420056819915771 0.8221826553344727
0.4035232663154602 0.9604272842407227 -0.05502547323703766 0.7067254781723022
0.5799275040626526 0.8700189590454102 -0.008538782596588135 0.9907549023628235
0.48680588603019714 0.883614718914032 0.00939974281936884 0.9873756170272827
0.597301721572876 1.1165266036987305 -0.23688369989395142 0.6435567736625671
0.48678454756736755 1.1281801462173462 -0.10872378945350647 0.5133490562438965
0.6070404648780823 1.3415485620498657 0.01985156163573265 0.016424503177404404
0.5008168816566467 1.362913727760315 0.16202740371227264 0.032851215451955795
0.6088417768478394 1.3829686641693115 0.03982500731945038 0.04401707649230957
0.5040684342384338 1.4061247110366821 0.1815754920244217 0.04952459782361984
0.5985640287399292 1.4273953437805176 -0.14651533961296082 0.013966969214379787
0.5104253888130188 1.4386482238769531 -0.00777958519756794 0.0171054694801569
