0.5326623916625977 0.41090312600135803 -0.44289907813072205 0.9999861717224121
0.5380404591560364 0.3903588652610779 -0.41902825236320496 0.9999650716781616
0.5420820713043213 0.3906583786010742 -0.4189792573451996 0.9999798536300659
0.5463158488273621 0.39138734340667725 -0.41908225417137146 0.9999662637710571
0.5235781669616699 0.38965922594070435 -0.4257422089576721 0.9999572038650513
0.516912043094635 0.38982588052749634 -0.42569029331207275 0.9999672174453735
0.5111047029495239 0.39073842763900757 -0.4258323907852173 0.9999403953552246
0.5499854683876038 0.40375804901123047 -0.2580339312553406 0.9999808073043823
0.5000174641609192 0.4045473337173462 -0.2895376980304718 0.9999884366989136
0.5394397377967834 0.4368603825569153 -0.38101422786712646 0.999995231628418
0.5217087268829346 0.43887996673583984 -0.3909822404384613 0.9999953508377075
0.5897783637046814 0.5466692447662354 -0.16237880289554596 0.9999938011169434
0.45265379548072815 0.5445265769958496 -0.1410292536020279 0.999954104423523
0.6629457473754883 0.6590124368667603 -0.32039403915405273 0.9996165037155151
0.40965965390205383 0.7392654418945312 -0.032211657613515854 0.9933290481567383
0.6295091509819031 0.4971497058868408 -0.5977616906166077 0.9974985718727112
0.3975394368171692 0.9110754132270813 -0.06035907566547394 0.947126567363739
0.6119489073753357 0.4610256552696228 -0.6485781073570251 0.9764338731765747
0.38474491238594055 0.9727061986923218 -0.059782590717077255 0.8311180472373962
0.6063292622566223 0.450716495513916 -0.6167246699333191 0.9747178554534912
0.39881032705307007 0.9772440791130066 -0.09392032772302628 0.8566814661026001
0.6077573299407959 0.4623543620109558 -0.5904982089996338 0.9726841449737549
0.4047596752643585 0.9598527550697327 -0.07186639308929443 0.8729743957519531
0.5794175863265991 0.8639711737632751 -0.00607541436329484 0.9981802701950073
0.48459187150001526 0.8798292279243469 0.0072745163924992085 0.9964068531990051
0.5829646587371826 1.125266432762146 -0.20570416748523712 0.2380310446023941
0.48116782307624817 1.1235318183898926 -0.07378295809030533 0.15721623599529266
0.5879166126251221 1.3335464000701904 0.11283517628908157 0.000501505914144218
0.4960346221923828 1.3384114503860474 0.21350012719631195 0.0010168353328481317
0.5903120636940002 1.3699122667312622 0.13953018188476562 0.002426908351480961
0.4950956404209137 1.3772813081741333 0.2360222190618515 0.0021508580539375544
0.5768455266952515 1.4274216890335083 -0.030747121199965477 0.0006079707527533174
0.5149122476577759 1.4218074083328247 0.060358185321092606 0.001054055173881352
