0.5306745171546936 0.41048556566238403 -0.4981671869754791 0.9999957084655762
0.5368750095367432 0.3898167610168457 -0.47342824935913086 0.9999817609786987
0.5408378839492798 0.3904503583908081 -0.4733749032020569 0.9999908208847046
0.5454094409942627 0.3914722204208374 -0.4734245836734772 0.9999814033508301
0.5216832756996155 0.3888588547706604 -0.4804808795452118 0.9999802112579346
0.5151776075363159 0.3892401456832886 -0.48053619265556335 0.9999874830245972
0.5097920894622803 0.3904077410697937 -0.48068130016326904 0.9999722242355347
0.550245463848114 0.404815673828125 -0.3043094575405121 0.9999891519546509
0.49950793385505676 0.4039009213447571 -0.33792078495025635 0.9999945163726807
0.5382381677627563 0.43710169196128845 -0.43300488591194153 0.9999967813491821
0.519471287727356 0.4382537603378296 -0.44350770115852356 0.9999972581863403
0.5890997648239136 0.5434040427207947 -0.18794216215610504 0.9999939203262329
0.45140784978866577 0.5455468893051147 -0.184038445353508 0.9999681711196899
0.6619832515716553 0.6622509956359863 -0.3363643288612366 0.9998513460159302
0.40845826268196106 0.740105152130127 -0.10587171465158463 0.9984112977981567
0.6331623196601868 0.5016088485717773 -0.6230936050415039 0.9990801811218262
0.3972574472427368 0.9173123240470886 -0.17502860724925995 0.988063633441925
0.6167639493942261 0.4644984006881714 -0.6750989556312561 0.9927988052368164
0.3816188871860504 0.9755328297615051 -0.18129053711891174 0.9522075057029724
0.6102703213691711 0.4524422585964203 -0.6449124217033386 0.9923876523971558
0.39817875623703003 0.9814110398292542 -0.21458105742931366 0.9599285125732422
0.6119457483291626 0.46458521485328674 -0.6159340143203735 0.9918848276138306
0.4048207402229309 0.9646742343902588 -0.18620565533638 0.9658279418945312
0.5782056450843811 0.8595669865608215 -0.0009309681481681764 0.999390721321106
0.48617613315582275 0.8750966787338257 0.0019221189431846142 0.9988240599632263
0.5892847776412964 1.1173807382583618 -0.22801972925662994 0.5434285998344421
0.49000903964042664 1.1228199005126953 -0.07167000323534012 0.3953767716884613
0.5959598422050476 1.328914761543274 0.11325586587190628 0.0012957779690623283
0.5070763230323792 1.337258219718933 0.253557026386261 0.0024165038485080004
0.598802387714386 1.3653026819229126 0.14194545149803162 0.005119472276419401
0.5057590007781982 1.3748160600662231 0.2795138955116272 0.00633609015494585
0.5853641629219055 1.4194509983062744 -0.02654331363737583 0.0008853593608364463
0.5243638157844543 1.4188785552978516 0.10690949857234955 0.0017281790496781468
