0.5518658757209778 0.34169530868530273 -0.4233422577381134 0.9988309741020203
0.5602816343307495 0.31816616654396057 -0.39368578791618347 0.9988225102424622
0.5645817518234253 0.3180713653564453 -0.39373451471328735 0.9987064599990845
0.5687751173973083 0.3182215988636017 -0.39395973086357117 0.9986559152603149
0.5437788367271423 0.3187619745731354 -0.3974122405052185 0.9981092214584351
0.5377886891365051 0.31869158148765564 -0.3974442183971405 0.9976359605789185
0.5321680307388306 0.3186758756637573 -0.3975318372249603 0.9974954724311829
0.574635922908783 0.3290281891822815 -0.2203637808561325 0.9987108707427979
0.523705780506134 0.33089563250541687 -0.23750130832195282 0.9982826709747314
0.559871256351471 0.36443030834198 -0.3572269082069397 0.9995726943016052
0.5405849814414978 0.3659241497516632 -0.3627476990222931 0.9994723200798035
0.604796826839447 0.4578464925289154 -0.11788041889667511 0.9991304278373718
0.48499318957328796 0.45009422302246094 -0.1562463939189911 0.9964436888694763
0.6401470899581909 0.6416635513305664 -0.377199649810791 0.9954665899276733
0.4465639889240265 0.6274690628051758 -0.3972264528274536 0.9890145659446716
0.6004348993301392 0.4732705354690552 -0.7108836770057678 0.9967089891433716
0.49241772294044495 0.46706604957580566 -0.6996043920516968 0.9957026839256287
0.5873884558677673 0.43506190180778503 -0.773767352104187 0.9842193722724915
0.5045197606086731 0.42256635427474976 -0.7533919215202332 0.9831128716468811
0.5878710150718689 0.41861918568611145 -0.7271996140480042 0.9817944765090942
0.5048291087150574 0.41096875071525574 -0.7220662236213684 0.9784546494483948
0.5891035795211792 0.4274451434612274 -0.6995136141777039 0.9714844822883606
0.5037891268730164 0.42270103096961975 -0.6919310688972473 0.9638254046440125
0.5869127511978149 0.7533314228057861 0.025934899225831032 0.9937612414360046
0.49671295285224915 0.752616822719574 -0.0255307387560606 0.9906534552574158
0.6383873820304871 0.9434587955474854 -0.3830215334892273 0.8315315842628479
0.5022420287132263 0.9436156153678894 -0.3853696882724762 0.6941068172454834
0.6015723347663879 1.1234228610992432 -0.08660352230072021 0.02712627500295639
0.4834205210208893 1.1493918895721436 -0.09748278558254242 0.030390586704015732
0.590878427028656 1.147080421447754 -0.061300743371248245 0.07102326303720474
0.48534461855888367 1.1794822216033936 -0.0739884078502655 0.023530693724751472
0.601258397102356 1.2106270790100098 -0.1975550353527069 0.024902265518903732
0.4847649335861206 1.2374022006988525 -0.23470830917358398 0.02253415249288082
