0.5520569086074829 0.3426703214645386 -0.5168314576148987 0.9986993074417114
0.5613114237785339 0.31951460242271423 -0.4862040877342224 0.9983749389648438
0.5657938718795776 0.3196081817150116 -0.4862477481365204 0.9983012080192566
0.5698359608650208 0.32006725668907166 -0.4864857494831085 0.9979187846183777
0.5447534322738647 0.31983524560928345 -0.4897273778915405 0.9974225759506226
0.5388559103012085 0.3194398581981659 -0.489766389131546 0.9971230626106262
0.5333327651023865 0.31909292936325073 -0.489841103553772 0.9966440200805664
0.5754873752593994 0.3300517201423645 -0.2994440793991089 0.9984949827194214
0.5247089862823486 0.3296273946762085 -0.31561926007270813 0.9983890056610107
0.5602825284004211 0.36503592133522034 -0.4449368417263031 0.9995942711830139
0.5407852530479431 0.3658044636249542 -0.4501689672470093 0.9995529055595398
0.6053329110145569 0.4576669931411743 -0.18915623426437378 0.9992144107818604
0.48568958044052124 0.44734621047973633 -0.2183925360441208 0.9976781010627747
0.6383438110351562 0.6456698179244995 -0.481012761592865 0.9965481162071228
0.44845855236053467 0.6310715675354004 -0.47099095582962036 0.9922055602073669
0.5988832116127014 0.47332051396369934 -0.8463836908340454 0.996996283531189
0.4960411787033081 0.4697411060333252 -0.7941097617149353 0.9971752166748047
0.5855149626731873 0.43490245938301086 -0.9150494933128357 0.9859505295753479
0.5084510445594788 0.42645132541656494 -0.8521124124526978 0.989359974861145
0.5856055021286011 0.41808322072029114 -0.8651304841041565 0.9834948182106018
0.507754385471344 0.4131578505039215 -0.8166037201881409 0.9864063858985901
0.5866363644599915 0.42670920491218567 -0.8346278071403503 0.9726269841194153
0.5074023008346558 0.4248775541782379 -0.7851579785346985 0.9748169779777527
0.5880835652351379 0.752933919429779 0.022104399278759956 0.9943307638168335
0.49711188673973083 0.7504546642303467 -0.02169322967529297 0.9937980771064758
0.6376615166664124 0.9643275737762451 -0.4294081926345825 0.8313309550285339
0.48828479647636414 0.9431763887405396 -0.4566276967525482 0.7192056179046631
0.5969610214233398 1.1256871223449707 -0.07790306955575943 0.02089187130331993
0.4898645579814911 1.1619926691055298 -0.15603895485401154 0.04552152007818222
0.5884959697723389 1.1433719396591187 -0.047132525593042374 0.0624854750931263
0.49118301272392273 1.1937085390090942 -0.1318371742963791 0.030974019318819046
0.5884791612625122 1.208461046218872 -0.18824072182178497 0.021314384415745735
0.49831119179725647 1.2474253177642822 -0.3128865361213684 0.035579487681388855
