0.5538973212242126 0.32904595136642456 -0.37239331007003784 0.9998345375061035
0.5618430376052856 0.30795127153396606 -0.3409093916416168 0.9998584985733032
0.5667358636856079 0.3088003993034363 -0.3409697711467743 0.9998733997344971
0.571746289730072 0.3097802996635437 -0.3411884009838104 0.999823272228241
0.5445414185523987 0.30644744634628296 -0.3443000614643097 0.9997926354408264
0.5382821559906006 0.30616599321365356 -0.3443130552768707 0.9997819066047668
0.5328681468963623 0.30637431144714355 -0.34436360001564026 0.9996825456619263
0.5778630971908569 0.3248143196105957 -0.16864793002605438 0.9998816251754761
0.5232651829719543 0.3221825659275055 -0.18661648035049438 0.9998284578323364
0.5622449517250061 0.3576542139053345 -0.30840232968330383 0.9999750852584839
0.541606605052948 0.35629352927207947 -0.31408512592315674 0.9999730587005615
0.6111285090446472 0.4705480933189392 -0.08049094676971436 0.9998542070388794
0.47858569025993347 0.4630244970321655 -0.10499712079763412 0.9993531107902527
0.6469514966011047 0.6764086484909058 -0.291411817073822 0.9955690503120422
0.43896225094795227 0.6525799036026001 -0.330464243888855 0.9824825525283813
0.6256030797958374 0.5423108339309692 -0.6233735680580139 0.9973465204238892
0.4712519347667694 0.5289187431335449 -0.6671925187110901 0.9963976740837097
0.6121504306793213 0.5090895295143127 -0.6822565793991089 0.990588903427124
0.4869377911090851 0.4952561557292938 -0.7224369049072266 0.9884746670722961
0.6156571507453918 0.4817717373371124 -0.6490110754966736 0.9898322820663452
0.4867044687271118 0.47134003043174744 -0.6958643198013306 0.9856998324394226
0.6157967448234558 0.49177438020706177 -0.6153702139854431 0.9827240109443665
0.4854578673839569 0.48096832633018494 -0.6610720157623291 0.9749947190284729
0.5895446538925171 0.7765633463859558 0.023515457287430763 0.9968908429145813
0.49476271867752075 0.7731291651725769 -0.023204900324344635 0.9955997467041016
0.6317295432090759 0.9507735371589661 -0.393656462430954 0.899101197719574
0.4767144024372101 0.9362609386444092 -0.41195353865623474 0.7584899663925171
0.6044409871101379 1.053856372833252 0.0029972377233207226 0.02418791688978672
0.483121395111084 1.086973786354065 -0.01455664075911045 0.01692623272538185
0.5932202935218811 1.0624445676803589 0.041418418288230896 0.0443241149187088
0.48613783717155457 1.106680154800415 0.02193666808307171 0.0139014245942235
0.6017372012138367 1.1285357475280762 -0.044280391186475754 0.016293112188577652
0.4913204312324524 1.165330171585083 -0.09288161247968674 0.010553211905062199
