0.5553929209709167 0.3259126543998718 -0.29338616132736206 0.9999735355377197
0.5613049864768982 0.30449241399765015 -0.2616741955280304 0.999982476234436
0.5666418075561523 0.30493760108947754 -0.2617436945438385 0.999981164932251
0.5709351897239685 0.3054314851760864 -0.2619449198246002 0.9999761581420898
0.544378399848938 0.3033140301704407 -0.266463041305542 0.9999754428863525
0.5374295711517334 0.3033141493797302 -0.26646870374679565 0.9999703168869019
0.5318195223808289 0.30365896224975586 -0.2664872109889984 0.9999628067016602
0.576158344745636 0.31892484426498413 -0.10150661319494247 0.9999825954437256
0.521314799785614 0.3201710283756256 -0.12525008618831635 0.9999680519104004
0.562595546245575 0.3540095090866089 -0.23519869148731232 0.9999960660934448
0.542568564414978 0.35356250405311584 -0.24217043817043304 0.999995231628418
0.6121847033500671 0.4751966595649719 -0.032117921859025955 0.9999669790267944
0.4771052598953247 0.47315970063209534 -0.05435652285814285 0.9998136162757874
0.6470203399658203 0.6625251173973083 -0.19005607068538666 0.9914644360542297
0.43740203976631165 0.6588388681411743 -0.22847595810890198 0.9868344664573669
0.6640016436576843 0.5950384140014648 -0.5250975489616394 0.9960231781005859
0.4370160400867462 0.5722417831420898 -0.5706058144569397 0.997405469417572
0.6547870635986328 0.557477593421936 -0.5876947045326233 0.9906209707260132
0.44294318556785583 0.5358022451400757 -0.628726065158844 0.9938170313835144
0.6564916968345642 0.5320383310317993 -0.5786699056625366 0.9902336597442627
0.4430754482746124 0.5138498544692993 -0.6226055026054382 0.9929875731468201
0.6556919813156128 0.5417958498001099 -0.5276023149490356 0.9843064546585083
0.44452840089797974 0.5200523138046265 -0.573675811290741 0.9882809519767761
0.5906765460968018 0.7813100814819336 0.01747029647231102 0.9996523857116699
0.4961507022380829 0.7773576378822327 -0.017237452790141106 0.999263346195221
0.6286411881446838 0.9553960561752319 -0.3732931911945343 0.924448549747467
0.49822643399238586 0.9428929686546326 -0.35319119691848755 0.7812281847000122
0.5997961163520813 1.004805088043213 0.060970086604356766 0.03353330120444298
0.4847163259983063 1.0248843431472778 0.12762993574142456 0.011394991539418697
0.5901790261268616 1.003922939300537 0.10625164210796356 0.06355872005224228
0.48629310727119446 1.0311487913131714 0.17662383615970612 0.013470747508108616
0.5931175351142883 1.0661360025405884 0.0439920611679554 0.029168913140892982
0.4968114495277405 1.0805071592330933 0.11039651185274124 0.009355668909847736
