0.5549011826515198 0.326926052570343 -0.18835841119289398 0.9999939203262329
0.5611090064048767 0.30545955896377563 -0.1567632555961609 0.9999958276748657
0.5662768483161926 0.30562764406204224 -0.15687929093837738 0.999995231628418
0.5706650614738464 0.3058263063430786 -0.15708540380001068 0.9999947547912598
0.544511616230011 0.30493128299713135 -0.16085082292556763 0.9999942779541016
0.5378961563110352 0.3049885630607605 -0.16083674132823944 0.9999922513961792
0.5326238870620728 0.3051375150680542 -0.1608344465494156 0.9999916553497314
0.575637936592102 0.319364458322525 -0.004735119640827179 0.9999959468841553
0.5226380228996277 0.32105210423469543 -0.025189807638525963 0.9999927282333374
0.5625274181365967 0.35374030470848083 -0.1333569586277008 0.9999988079071045
0.5423025488853455 0.35318127274513245 -0.13929127156734467 0.9999985694885254
0.6096242070198059 0.47105899453163147 0.04957345500588417 0.9999905824661255
0.4791080057621002 0.4698779582977295 0.03841782733798027 0.9999202489852905
0.6483581066131592 0.652769923210144 -0.0825033038854599 0.992628812789917
0.4380289912223816 0.6487563848495483 -0.1044643446803093 0.9877728819847107
0.6693563461303711 0.6159835457801819 -0.40392744541168213 0.9970603585243225
0.43479377031326294 0.5858116149902344 -0.42741402983665466 0.9981389045715332
0.6646298170089722 0.5798801183700562 -0.4639911353588104 0.9932646751403809
0.4392181932926178 0.5566070079803467 -0.4824126064777374 0.9952947497367859
0.6639803647994995 0.5548073053359985 -0.461122989654541 0.9933966398239136
0.44069704413414 0.5283626914024353 -0.48088493943214417 0.9948038458824158
0.6615045666694641 0.5655879378318787 -0.4084288775920868 0.9895787835121155
0.4429064989089966 0.5336923599243164 -0.43207502365112305 0.9918129444122314
0.5910459160804749 0.7762566804885864 0.012966915965080261 0.9996416568756104
0.4974425733089447 0.7743942737579346 -0.012730617076158524 0.9993072748184204
0.6293509602546692 0.9612706899642944 -0.3639605939388275 0.924258828163147
0.5018293857574463 0.9502873420715332 -0.38236454129219055 0.8219612240791321
0.6046846508979797 1.0261696577072144 0.03569842502474785 0.045029204338788986
0.49815234541893005 1.0458006858825684 0.04583781212568283 0.0199753250926733
0.5945835709571838 1.0294336080551147 0.07673892378807068 0.08201605826616287
0.5017232298851013 1.053868293762207 0.0894230306148529 0.0207584910094738
0.6045467853546143 1.0936304330825806 0.01192876324057579 0.032451897859573364
0.5072037577629089 1.1126281023025513 0.011540308594703674 0.01297137513756752
