0.5534482598304749 0.3239375948905945 -0.2812288999557495 0.9999916553497314
0.5595651268959045 0.3034328818321228 -0.2513168454170227 0.9999948740005493
0.564667284488678 0.30440759658813477 -0.2514074146747589 0.999994158744812
0.5696041584014893 0.30573683977127075 -0.2516055703163147 0.9999935626983643
0.5435426235198975 0.3014100193977356 -0.25408709049224854 0.9999920129776001
0.5371512174606323 0.3014907240867615 -0.2540913224220276 0.9999890327453613
0.532170295715332 0.3020208477973938 -0.25408220291137695 0.999987006187439
0.5750485062599182 0.32106897234916687 -0.0910024344921112 0.9999947547912598
0.522305965423584 0.32072967290878296 -0.1053319200873375 0.9999840259552002
0.5613993406295776 0.35324013233184814 -0.22224590182304382 0.9999985694885254
0.5412424802780151 0.3505682945251465 -0.22650207579135895 0.9999978542327881
0.6092386245727539 0.472919762134552 -0.012508111074566841 0.9999898672103882
0.47958695888519287 0.4704039990901947 -0.017935406416654587 0.9998728036880493
0.6432908177375793 0.6546754837036133 -0.13596247136592865 0.9925379157066345
0.43852677941322327 0.6533727049827576 -0.156287282705307 0.9821992516517639
0.6742416620254517 0.628221333026886 -0.4854864776134491 0.9966005682945251
0.4352000057697296 0.5966309905052185 -0.5081508755683899 0.9965912103652954
0.6714959740638733 0.5979151725769043 -0.5542320013046265 0.9925026893615723
0.4406031370162964 0.5680097341537476 -0.5698635578155518 0.9930962920188904
0.6698535680770874 0.5743997097015381 -0.5595352053642273 0.9927654266357422
0.4412775933742523 0.5404573678970337 -0.5737506747245789 0.9928855299949646
0.6676560640335083 0.5820474624633789 -0.4939713180065155 0.988750159740448
0.44222572445869446 0.5452916622161865 -0.5158740282058716 0.9890803694725037
0.5881991982460022 0.7742814421653748 0.009838116355240345 0.9997676014900208
0.4969944953918457 0.7729983329772949 -0.009610510431230068 0.9992902278900146
0.6291444301605225 0.9618281722068787 -0.33729642629623413 0.9246607422828674
0.506861686706543 0.9624843001365662 -0.1971188187599182 0.7450724840164185
0.6039735674858093 1.0215421915054321 0.0673065334558487 0.054542865604162216
0.4937376081943512 1.0567817687988281 0.26521480083465576 0.013856296427547932
0.5938401818275452 1.0229763984680176 0.10929413884878159 0.09383868426084518
0.49658870697021484 1.0631253719329834 0.311864972114563 0.017077935859560966
0.5989745259284973 1.0947567224502563 0.03416326269507408 0.04672636091709137
0.4988941550254822 1.1177269220352173 0.23879815638065338 0.009718049317598343
