0.5335167646408081 0.4004301428794861 -0.14710591733455658 0.9956674575805664
0.5381687879562378 0.38250988721847534 -0.1219349056482315 0.9949947595596313
0.5416929721832275 0.3832958936691284 -0.12206418067216873 0.9962692260742188
0.5455219745635986 0.38440173864364624 -0.1221843808889389 0.9957771301269531
0.5251668095588684 0.380585253238678 -0.13557162880897522 0.9945595860481262
0.5189343690872192 0.38012856245040894 -0.13572123646736145 0.995900571346283
0.512782871723175 0.38041919469833374 -0.135914608836174 0.9954513907432556
0.545785129070282 0.39540261030197144 0.008851470425724983 0.9970608353614807
0.4996170699596405 0.39142951369285583 -0.05180656909942627 0.9970603585243225
0.5368708968162537 0.42507466673851013 -0.09640815854072571 0.9933462142944336
0.5212701559066772 0.42642727494239807 -0.11463680863380432 0.9923576712608337
0.5752502083778381 0.5202230215072632 0.051298703998327255 0.9970719814300537
0.45014140009880066 0.531700074672699 -0.04277298226952553 0.9968039989471436
0.622782826423645 0.6680518388748169 -0.1434093564748764 0.9865604639053345
0.4292583167552948 0.6864717602729797 -0.24418367445468903 0.9944390058517456
0.5605319738388062 0.5476064682006836 -0.3996833562850952 0.9755426049232483
0.5098036527633667 0.5513890385627747 -0.41802772879600525 0.9979159235954285
0.5524362921714783 0.5078200101852417 -0.448636919260025 0.9523002505302429
0.5197607278823853 0.5028653144836426 -0.46088987588882446 0.9920801520347595
0.546005129814148 0.49753305315971375 -0.41373196244239807 0.9495930075645447
0.514503002166748 0.4898184835910797 -0.4256342053413391 0.9910881519317627
0.5448266863822937 0.5153323411941528 -0.392556756734848 0.9593657851219177
0.5127509832382202 0.5116833448410034 -0.40669018030166626 0.99029541015625
0.5675855875015259 0.8284397125244141 0.023450804874300957 0.9993090629577637
0.4781019985675812 0.8370484709739685 -0.02297833189368248 0.9990717172622681
0.6037049889564514 1.0760064125061035 -0.014169183559715748 0.698534369468689
0.48763176798820496 1.0921307802200317 0.004828495439141989 0.696456789970398
0.6067212224006653 1.2623721361160278 0.3901210427284241 0.002738066716119647
0.489510715007782 1.3040995597839355 0.29386070370674133 0.013380303978919983
0.6067985892295837 1.286907434463501 0.4300902187824249 0.006997149437665939
0.48725277185440063 1.3366649150848389 0.32187578082084656 0.012750986032187939
0.6036590933799744 1.3490256071090698 0.3354114592075348 0.001305476762354374
0.5046237707138062 1.3833831548690796 0.18875299394130707 0.005052616819739342
