0.5298835635185242 0.4139517545700073 -0.2365695834159851 0.9998315572738647
0.5363008379936218 0.3893791139125824 -0.21334917843341827 0.9996455907821655
0.5407568216323853 0.38957759737968445 -0.2133178412914276 0.9998161196708679
0.544933557510376 0.3899511992931366 -0.21332117915153503 0.9996936321258545
0.5207605361938477 0.38888028264045715 -0.21835045516490936 0.9995537400245667
0.5145865082740784 0.3893827497959137 -0.21857772767543793 0.9997650980949402
0.5086880326271057 0.3902236223220825 -0.2186681628227234 0.9996103644371033
0.5497525930404663 0.4020405113697052 -0.08190519362688065 0.9999055862426758
0.4993458092212677 0.40366271138191223 -0.10346980392932892 0.9998724460601807
0.5385861992835999 0.4399736225605011 -0.18559306859970093 0.9997631907463074
0.5186046957969666 0.4404943585395813 -0.19248761236667633 0.9997146725654602
0.5864595770835876 0.5359021425247192 -0.0246781837195158 0.99982750415802
0.4573875963687897 0.5317604541778564 -0.06857485324144363 0.9996548891067505
0.6231909990310669 0.6857944130897522 -0.21908974647521973 0.9993699193000793
0.419200599193573 0.7058988809585571 -0.26710671186447144 0.9991136193275452
0.5638220906257629 0.5335913300514221 -0.4528757929801941 0.9997350573539734
0.5029439926147461 0.5780625343322754 -0.4623885750770569 0.9998940229415894
0.5508486032485962 0.4867166578769684 -0.4998599886894226 0.9989596605300903
0.5139514207839966 0.5185388326644897 -0.5053321123123169 0.99943608045578
0.548130989074707 0.47507262229919434 -0.4601174294948578 0.9987523555755615
0.5101512670516968 0.5068105459213257 -0.4655952453613281 0.9992982149124146
0.5483758449554443 0.48668721318244934 -0.44197043776512146 0.9990140199661255
0.5089789032936096 0.5262462496757507 -0.4499684274196625 0.9992830157279968
0.569539487361908 0.8358793258666992 0.023076647892594337 0.9998342990875244
0.4733707308769226 0.8348046541213989 -0.022100243717432022 0.9996994733810425
0.6084264516830444 1.0271613597869873 -0.0953914076089859 0.7359563112258911
0.4741097688674927 1.0947126150131226 -0.03060736134648323 0.7394004464149475
0.5873607397079468 1.2976559400558472 0.2746414542198181 0.0007567508146166801
0.4735609292984009 1.3165618181228638 0.22368134558200836 0.00396373076364398
0.5872755646705627 1.33201265335083 0.30902373790740967 0.004445282742381096
0.4701521694660187 1.3564724922180176 0.24576236307621002 0.005138499196618795
0.5801845788955688 1.3899179697036743 0.19128309190273285 0.0003590291307773441
0.4863317310810089 1.3965636491775513 0.09202904999256134 0.0018325861310586333
