0.5360297560691833 0.40309008955955505 -0.2956050634384155 0.999902606010437
0.5419079661369324 0.38475677371025085 -0.27476149797439575 0.9998044371604919
0.5458500385284424 0.3858376145362854 -0.2747742533683777 0.9998378753662109
0.5495985746383667 0.38714665174484253 -0.2748342752456665 0.999784529209137
0.5274843573570251 0.3821428120136261 -0.2848040759563446 0.9998273849487305
0.5211570262908936 0.3818720877170563 -0.2849280536174774 0.9998528957366943
0.515454888343811 0.382310688495636 -0.28511297702789307 0.9998179078102112
0.5518569946289062 0.4007285237312317 -0.14474084973335266 0.9997634291648865
0.5034400224685669 0.39760103821754456 -0.19306863844394684 0.9999480247497559
0.542378842830658 0.4304311275482178 -0.2451888471841812 0.9999340772628784
0.5226188898086548 0.42780905961990356 -0.2598381042480469 0.9999656677246094
0.5838012099266052 0.5377010107040405 -0.06417562067508698 0.9999074935913086
0.45389053225517273 0.5339277982711792 -0.0906420648097992 0.999876856803894
0.6189852356910706 0.6878685355186462 -0.17971518635749817 0.9989570379257202
0.42110559344291687 0.6876872777938843 -0.035206060856580734 0.9930807948112488
0.5743392109870911 0.5242787599563599 -0.41354331374168396 0.999245285987854
0.4387931227684021 0.8052650094032288 -0.09192918986082077 0.9861578941345215
0.5624264478683472 0.469732403755188 -0.46319735050201416 0.9965624213218689
0.42839860916137695 0.841755211353302 -0.10628979653120041 0.9628654718399048
0.5616457462310791 0.4561021029949188 -0.4391716718673706 0.9958510398864746
0.43463972210884094 0.8363771438598633 -0.1219850406050682 0.9643584489822388
0.5612149834632874 0.47159886360168457 -0.40939825773239136 0.9960953593254089
0.44075876474380493 0.8244919776916504 -0.09702163189649582 0.9711273908615112
0.5743600726127625 0.835137665271759 0.00902271643280983 0.9992807507514954
0.4871044456958771 0.8498337864875793 -0.008097785525023937 0.9991316199302673
0.6105417609214783 1.0300135612487793 0.048676904290914536 0.13512194156646729
0.4747024178504944 1.0333688259124756 0.028623230755329132 0.16006147861480713
0.5908793210983276 1.2953678369522095 0.39723309874534607 0.0003406265750527382
0.4885103404521942 1.298470139503479 0.29104551672935486 0.002014809986576438
0.5927597284317017 1.3299567699432373 0.4281204044818878 0.0010653177741914988
0.48665013909339905 1.3347830772399902 0.3127598166465759 0.003031935775652528
0.5813310146331787 1.3777852058410645 0.3034971356391907 0.0004775009583681822
0.5058596134185791 1.3763370513916016 0.15841366350650787 0.0016063681105151772
