0.5400532484054565 0.39734530448913574 -0.3387678563594818 0.9999573230743408
0.545074999332428 0.38164860010147095 -0.31736743450164795 0.9999339580535889
0.5489214658737183 0.3826383352279663 -0.31739845871925354 0.9999401569366455
0.5525922775268555 0.3837927579879761 -0.31751373410224915 0.9999330043792725
0.5316326022148132 0.37908512353897095 -0.32782045006752014 0.9999239444732666
0.5251882672309875 0.3789218068122864 -0.327908456325531 0.9999246597290039
0.5188029408454895 0.3798627257347107 -0.3280714750289917 0.9999140501022339
0.5546157360076904 0.39765816926956177 -0.17719672620296478 0.9999232292175293
0.5045675039291382 0.39558231830596924 -0.22707989811897278 0.999968409538269
0.5459142923355103 0.42492032051086426 -0.2841595709323883 0.9999818801879883
0.5269365906715393 0.42298147082328796 -0.29925039410591125 0.999987006187439
0.5840479135513306 0.5298120975494385 -0.0967569574713707 0.9999668598175049
0.4558648467063904 0.5316175222396851 -0.1077636107802391 0.9998925924301147
0.6177688837051392 0.6859071254730225 -0.2312658131122589 0.9991413354873657
0.42373916506767273 0.6858280301094055 -0.007865973748266697 0.9933453798294067
0.5769588947296143 0.5331554412841797 -0.5071976780891418 0.9992202520370483
0.438418984413147 0.8109248280525208 -0.024556778371334076 0.9856733083724976
0.5663195848464966 0.47994813323020935 -0.5662270188331604 0.9965242743492126
0.4278624355792999 0.8442279100418091 -0.037695564329624176 0.9591422080993652
0.5668851733207703 0.4661700129508972 -0.5483232140541077 0.9961239695549011
0.4335125684738159 0.8419368863105774 -0.06058264151215553 0.9616028666496277
0.5660579204559326 0.47938135266304016 -0.5065099596977234 0.9955486059188843
0.44007357954978943 0.8304359912872314 -0.03159436956048012 0.9642479419708252
0.5746406316757202 0.838502824306488 5.1149425416952e-05 0.9990529417991638
0.4874594509601593 0.8562995791435242 0.0006835402455180883 0.9985431432723999
0.5907595753669739 1.0963095426559448 0.017262490466237068 0.23719532787799835
0.48061349987983704 1.0950154066085815 0.02894730679690838 0.24437372386455536
0.5955727696418762 1.2955844402313232 0.3987731337547302 0.0019553950987756252
0.48454198241233826 1.301509141921997 0.3092973530292511 0.009607070125639439
0.5964301824569702 1.3250291347503662 0.43335792422294617 0.0042802076786756516
0.48426103591918945 1.334633708000183 0.3330546021461487 0.011079602874815464
0.5885695815086365 1.3837847709655762 0.30384254455566406 0.0019295867532491684
0.5003040432929993 1.3815369606018066 0.17286650836467743 0.006424485705792904
