0.5595054030418396 0.3289916515350342 -0.6269235014915466 0.9998897314071655
0.5647391080856323 0.3126682937145233 -0.5937537550926208 0.9997062087059021
0.5685073733329773 0.31425508856773376 -0.5936645269393921 0.9997665286064148
0.5726253390312195 0.3161543905735016 -0.5938352942466736 0.9995909333229065
0.5511430501937866 0.3088196814060211 -0.5946937799453735 0.9995166063308716
0.544826090335846 0.3081631660461426 -0.5949218273162842 0.9996345043182373
0.5386277437210083 0.30862587690353394 -0.5948736667633057 0.9993515610694885
0.5763309001922607 0.32946082949638367 -0.40707293152809143 0.9998863935470581
0.5234376788139343 0.3266262412071228 -0.4124581217765808 0.9997199177742004
0.5651960372924805 0.3597911298274994 -0.5583704710006714 0.9999631643295288
0.5485981702804565 0.3589647114276886 -0.5606514811515808 0.9998838901519775
0.608612060546875 0.46497809886932373 -0.33226993680000305 0.9998455047607422
0.4866563379764557 0.461490660905838 -0.2928942143917084 0.9985646605491638
0.6777177453041077 0.591111958026886 -0.671710729598999 0.9986767172813416
0.44566917419433594 0.6187092661857605 -0.5890655517578125 0.9968120455741882
0.6248300075531006 0.427943617105484 -1.0108263492584229 0.9994303584098816
0.4991646409034729 0.43600791692733765 -0.9453287720680237 0.9998207688331604
0.6067681908607483 0.37882187962532043 -1.079230785369873 0.9962269067764282
0.5043264627456665 0.38248905539512634 -1.0060960054397583 0.9992258548736572
0.6037840247154236 0.36596351861953735 -1.0299699306488037 0.9949995279312134
0.5028514862060547 0.3743038773536682 -0.9609152674674988 0.998955249786377
0.6043422818183899 0.37798792123794556 -0.9978997111320496 0.992994487285614
0.5037140846252441 0.39256176352500916 -0.935165286064148 0.9976257681846619
0.5987314581871033 0.7470048666000366 -0.01423020288348198 0.9979740977287292
0.5087597370147705 0.7601842880249023 0.014472530223429203 0.996994137763977
0.6297389268875122 0.8977713584899902 -0.5529394745826721 0.8389596939086914
0.5061103701591492 0.977226972579956 -0.2159065455198288 0.6857374310493469
0.6161326766014099 1.089346170425415 -0.17095160484313965 0.016622016206383705
0.5087807774543762 1.1352511644363403 0.20431190729141235 0.028451891615986824
0.6131004691123962 1.12176513671875 -0.13812045753002167 0.0718313455581665
0.5139551162719727 1.1612548828125 0.23821194469928741 0.045337699353694916
0.614071786403656 1.1779547929763794 -0.2992914021015167 0.02665935456752777
0.49664291739463806 1.2279119491577148 0.08471720665693283 0.030076945200562477
