0.5529661774635315 0.33275002241134644 -0.5697078704833984 0.9996961355209351
0.5597578883171082 0.3152598738670349 -0.5322688817977905 0.999575674533844
0.5648862719535828 0.3168100118637085 -0.5322813987731934 0.9993649125099182
0.5704657435417175 0.31876277923583984 -0.5325049161911011 0.9993703961372375
0.5437532067298889 0.3135719895362854 -0.544990599155426 0.999618649482727
0.5373374819755554 0.31448692083358765 -0.5451940894126892 0.9994794726371765
0.530896008014679 0.31613093614578247 -0.5453449487686157 0.9995241165161133
0.5782240629196167 0.3377542495727539 -0.3253040015697479 0.9989438652992249
0.5187982320785522 0.3357745409011841 -0.3846287131309509 0.999671220779419
0.5619850158691406 0.36395084857940674 -0.4916629195213318 0.9995622038841248
0.5415554642677307 0.36222684383392334 -0.5095950365066528 0.9996739625930786
0.6137387752532959 0.4760254919528961 -0.1941043883562088 0.9942417144775391
0.4780952036380768 0.4793631136417389 -0.30756810307502747 0.9978294968605042
0.6644823551177979 0.6051598787307739 -0.4406876862049103 0.9847015142440796
0.45727014541625977 0.6237782835960388 -0.6154707074165344 0.9900676012039185
0.6704647541046143 0.415067583322525 -0.7571715712547302 0.9915675520896912
0.45658934116363525 0.4145282804965973 -0.9881124496459961 0.9977679252624512
0.681131899356842 0.3585595488548279 -0.8135705590248108 0.9606096148490906
0.4484996795654297 0.36426764726638794 -1.060933232307434 0.9900785684585571
0.6778157353401184 0.340681254863739 -0.7819321155548096 0.9559884071350098
0.4533883333206177 0.3530605435371399 -1.0296708345413208 0.9886593818664551
0.672135591506958 0.36848676204681396 -0.7531917691230774 0.9470611214637756
0.4578875005245209 0.3716050386428833 -0.9847442507743835 0.9815365672111511
0.604041337966919 0.7821390628814697 0.034338224679231644 0.9951251149177551
0.5072192549705505 0.7890084981918335 -0.0340895913541317 0.9991899132728577
0.6272349953651428 1.0388908386230469 -0.10282328724861145 0.5507200360298157
0.5065476894378662 1.0084168910980225 -0.38754796981811523 0.5724733471870422
0.6233209371566772 1.1505099534988403 0.40402746200561523 0.0029219617135822773
0.5074471831321716 1.1992733478546143 0.01649579592049122 0.02638346329331398
0.6219428181648254 1.168816089630127 0.4507681429386139 0.012430303730070591
0.5109344720840454 1.223211646080017 0.05130138248205185 0.017957763746380806
0.6202266216278076 1.2287335395812988 0.33338573575019836 0.0051966398023068905
0.5105303525924683 1.2938971519470215 -0.13097453117370605 0.03643300384283066
