0.5556138753890991 0.33124426007270813 -0.4528407156467438 0.9988530874252319
0.5641075372695923 0.3114439845085144 -0.422303706407547 0.9964620471000671
0.5699371099472046 0.3128008544445038 -0.4223324656486511 0.9974706172943115
0.5748414993286133 0.31428778171539307 -0.42250126600265503 0.9953076243400574
0.5458123683929443 0.31054043769836426 -0.43225136399269104 0.9970494508743286
0.5396011471748352 0.31204017996788025 -0.4324374496936798 0.9979773163795471
0.534907341003418 0.3138272762298584 -0.4326346218585968 0.9971590042114258
0.5817545652389526 0.3303331732749939 -0.2566305994987488 0.9971266388893127
0.5265591740608215 0.33336126804351807 -0.2996848225593567 0.9996534585952759
0.5683359503746033 0.36251726746559143 -0.38974887132644653 0.9993143081665039
0.5441180467605591 0.3617851436138153 -0.402577668428421 0.9997052550315857
0.6213093996047974 0.4691184461116791 -0.1548023521900177 0.9975932240486145
0.4836749732494354 0.48983412981033325 -0.23213134706020355 0.9968492388725281
0.6864068508148193 0.5931493043899536 -0.4166105389595032 0.9978029131889343
0.45431599020957947 0.7021031975746155 -0.43381819128990173 0.992104172706604
0.6711744070053101 0.39612075686454773 -0.7372492551803589 0.9978664517402649
0.5036826729774475 0.6724989414215088 -0.7166640162467957 0.9964481592178345
0.6758838891983032 0.32171300053596497 -0.8017470836639404 0.9888322353363037
0.5188336372375488 0.6585923433303833 -0.7725223302841187 0.9856836199760437
0.6652832627296448 0.3127218782901764 -0.7542176842689514 0.9870265126228333
0.5195292234420776 0.6247926950454712 -0.7493451833724976 0.9843102693557739
0.6569299697875977 0.34345847368240356 -0.7265840172767639 0.9851768016815186
0.5178179144859314 0.6247280240058899 -0.7116152048110962 0.9776464104652405
0.6074745655059814 0.786688506603241 0.015769250690937042 0.9915255904197693
0.5110087394714355 0.7928853631019592 -0.014988397248089314 0.9963589310646057
0.6185855865478516 1.0396393537521362 -0.18304620683193207 0.2038668543100357
0.4921809434890747 1.00771164894104 -0.3800506591796875 0.3182925879955292
0.6213658452033997 1.2121458053588867 0.2132447212934494 0.00045826920541003346
0.4951585531234741 1.207004427909851 0.015381643548607826 0.0034832668025046587
0.6229072213172913 1.2445793151855469 0.2433422952890396 0.0024846286978572607
0.49675604701042175 1.2443764209747314 0.04745303839445114 0.00393469724804163
0.6118490695953369 1.3018298149108887 0.09113829582929611 0.0004528432618826628
0.497604101896286 1.2866404056549072 -0.13086149096488953 0.003716051811352372
