0.5476217865943909 0.32750481367111206 -0.27983447909355164 0.9992389678955078
0.5559899210929871 0.310085654258728 -0.25299137830734253 0.9993993043899536
0.5599364042282104 0.31096845865249634 -0.25309860706329346 0.9994986057281494
0.564933180809021 0.3124089241027832 -0.25328633189201355 0.9994511008262634
0.5382382273674011 0.30837011337280273 -0.25546756386756897 0.9991610050201416
0.5315603613853455 0.3089480400085449 -0.2555435597896576 0.9991592168807983
0.525741457939148 0.310258150100708 -0.2556489408016205 0.9990565180778503
0.5708038806915283 0.3277079463005066 -0.10690650343894958 0.9996979236602783
0.5170072913169861 0.32604050636291504 -0.11870409548282623 0.9993694424629211
0.5563074946403503 0.35688281059265137 -0.2244347184896469 0.9996243715286255
0.5346015691757202 0.35296618938446045 -0.2280687540769577 0.9995148181915283
0.6019347906112671 0.4698319435119629 -0.05904531106352806 0.9994663596153259
0.4769771993160248 0.47345277667045593 -0.06031837686896324 0.9983495473861694
0.6272798180580139 0.6600735187530518 -0.2462405562400818 0.9935377240180969
0.45363369584083557 0.6607280969619751 -0.27829790115356445 0.9704289436340332
0.559717059135437 0.5197012424468994 -0.49118998646736145 0.9946421384811401
0.4955148994922638 0.5385074615478516 -0.5504496097564697 0.9906432032585144
0.5429697632789612 0.4759291410446167 -0.5411443114280701 0.9857725501060486
0.506310224533081 0.49965476989746094 -0.6007835268974304 0.9712192416191101
0.5453786849975586 0.45729300379753113 -0.503688395023346 0.9850479364395142
0.5057927966117859 0.481204628944397 -0.5722848176956177 0.966959536075592
0.5489258170127869 0.46805763244628906 -0.48018553853034973 0.9819861650466919
0.506460964679718 0.48863485455513 -0.5445780158042908 0.9610434174537659
0.5881005525588989 0.7818851470947266 0.016051756218075752 0.998297393321991
0.4927375912666321 0.7808904051780701 -0.015558894723653793 0.9978333115577698
0.627328634262085 1.0229238271713257 -0.229971244931221 0.8829402923583984
0.49044883251190186 1.0339059829711914 -0.2781253755092621 0.8118932843208313
0.5985087156295776 1.1926898956298828 0.144434854388237 0.01886597089469433
0.5006598830223083 1.2274967432022095 0.04737136885523796 0.02887626364827156
0.5932547450065613 1.2111163139343262 0.1800631731748581 0.03369433060288429
0.5020520687103271 1.2538821697235107 0.07764136791229248 0.022218916565179825
0.5880928039550781 1.2856773138046265 0.08181366324424744 0.00940709188580513
0.5101473927497864 1.3083972930908203 -0.05127020180225372 0.0141415074467659
