0.5504122972488403 0.32898175716400146 -0.21978066861629486 0.9997391104698181
0.5563939809799194 0.31158727407455444 -0.18556319177150726 0.999821126461029
0.5604223608970642 0.31211549043655396 -0.18575988709926605 0.9998513460159302
0.5643669366836548 0.3128870129585266 -0.18603508174419403 0.9998687505722046
0.5401198863983154 0.30992311239242554 -0.1854257583618164 0.999739944934845
0.5336329340934753 0.31032097339630127 -0.18539755046367645 0.9996950626373291
0.5282988548278809 0.3119981288909912 -0.18551316857337952 0.9996646642684937
0.5686051249504089 0.32567930221557617 -0.021671423688530922 0.9998910427093506
0.5193650722503662 0.3293025493621826 -0.02422660030424595 0.9998025298118591
0.5591872334480286 0.3567308783531189 -0.15963496267795563 0.9999151229858398
0.5383508205413818 0.3575901389122009 -0.16097904741764069 0.9999203681945801
0.605358362197876 0.46364572644233704 -0.005574600771069527 0.9998747110366821
0.47930097579956055 0.4805328845977783 0.06038708612322807 0.9991253018379211
0.6276351809501648 0.6356222033500671 -0.21056097745895386 0.984420120716095
0.45601436495780945 0.6540675759315491 0.00013484460941981524 0.5254760980606079
0.5704244375228882 0.4842357039451599 -0.47882965207099915 0.9807657599449158
0.463185578584671 0.7031814455986023 -0.19441041350364685 0.2733522653579712
0.5569127202033997 0.444703072309494 -0.5410155653953552 0.9614315032958984
0.4608120620250702 0.7409942150115967 -0.23290064930915833 0.2474551498889923
0.5592700839042664 0.4308029115200043 -0.517930805683136 0.9604536294937134
0.4644094407558441 0.7242854833602905 -0.24794618785381317 0.25260475277900696
0.5625383853912354 0.4428822100162506 -0.4749012291431427 0.9345014095306396
0.46822065114974976 0.7172860503196716 -0.2054712176322937 0.24484644830226898
0.5902897715568542 0.7814950942993164 -0.0008517734240740538 0.9985933899879456
0.4989897906780243 0.7859703302383423 0.0013629173627123237 0.9979742169380188
0.6422722935676575 1.0177141427993774 -0.31405869126319885 0.8461410999298096
0.4751834273338318 0.9140657186508179 -0.4306827187538147 0.7753917574882507
0.6218488216400146 1.084011435508728 0.14727850258350372 0.061428867280483246
0.49218064546585083 1.1004716157913208 -0.08805777877569199 0.16610929369926453
0.6181644201278687 1.0784249305725098 0.19361215829849243 0.08876597136259079
0.4959884583950043 1.120253562927246 -0.05365397408604622 0.14858292043209076
0.6093823909759521 1.1546317338943481 0.0939035639166832 0.038909103721380234
0.5028355717658997 1.1762140989303589 -0.20941750705242157 0.10327905416488647
