0.547254741191864 0.32945555448532104 -0.3242512345314026 0.999988317489624
0.553987443447113 0.30883538722991943 -0.29517945647239685 0.999987006187439
0.5584151148796082 0.3090342879295349 -0.2953048646450043 0.99998939037323
0.5630078911781311 0.3091691732406616 -0.29550594091415405 0.9999881982803345
0.5380625128746033 0.30944812297821045 -0.2962120473384857 0.999976634979248
0.5316317677497864 0.3103148341178894 -0.29617664217948914 0.9999712705612183
0.5258862972259521 0.311357319355011 -0.2962222397327423 0.99996018409729
0.5674430131912231 0.3215673565864563 -0.1374288946390152 0.9999908208847046
0.5158149003982544 0.3255276679992676 -0.1448587328195572 0.9999792575836182
0.555122971534729 0.35449478030204773 -0.26588913798332214 0.9999983310699463
0.535083532333374 0.35355493426322937 -0.2682756781578064 0.9999977350234985
0.601155161857605 0.46237578988075256 -0.08502279222011566 0.9999971389770508
0.4737880527973175 0.4753686487674713 -0.0357079841196537 0.9999604225158691
0.6275320053100586 0.6570056676864624 -0.2532423138618469 0.9985463619232178
0.4501275420188904 0.6533269882202148 0.019129153341054916 0.9756715297698975
0.5867966413497925 0.5619059801101685 -0.5774739384651184 0.9991044402122498
0.4257364273071289 0.8063923120498657 -0.10199837386608124 0.9590027332305908
0.5732384920120239 0.5294286608695984 -0.6462417244911194 0.9970020651817322
0.4114494323730469 0.8579726815223694 -0.12682683765888214 0.925683856010437
0.5747565031051636 0.5008926391601562 -0.6301062703132629 0.9970046877861023
0.4156351089477539 0.8616037964820862 -0.16335521638393402 0.9337300062179565
0.5769529342651367 0.5089997053146362 -0.5764261484146118 0.9947068095207214
0.42291441559791565 0.8463988304138184 -0.11789636313915253 0.9273021221160889
0.5837823748588562 0.7778645753860474 0.003691191552206874 0.9996962547302246
0.4918902516365051 0.7872627973556519 -0.00341213820502162 0.9991664886474609
0.6210505962371826 0.9631917476654053 -0.356094628572464 0.8630687594413757
0.48474445939064026 0.9988553524017334 -0.34528741240501404 0.7989702224731445
0.6172838807106018 1.072054147720337 0.10830654948949814 0.04490216448903084
0.5099115371704102 1.1030739545822144 0.08037041872739792 0.024319743737578392
0.6140391826629639 1.0802257061004639 0.156433567404747 0.10022120922803879
0.5133150815963745 1.1136409044265747 0.12368207424879074 0.03202779218554497
0.6185352802276611 1.143783450126648 0.07492366433143616 0.03903286159038544
0.5227371454238892 1.1694986820220947 0.02772795595228672 0.019656768068671227
