0.5405515432357788 0.37258678674697876 -0.3573259711265564 0.9999551773071289
0.5483533143997192 0.3489640951156616 -0.32631760835647583 0.9999632835388184
0.5526111125946045 0.3499342203140259 -0.3264600336551666 0.9999725818634033
0.5573099851608276 0.3509730100631714 -0.32680585980415344 0.9999724626541138
0.5305324196815491 0.34745776653289795 -0.3317919075489044 0.9999328851699829
0.523253858089447 0.3476521372795105 -0.3317173719406128 0.999907374382019
0.5166325569152832 0.34856218099594116 -0.3317665755748749 0.9998760223388672
0.5621507167816162 0.3625065088272095 -0.14452610909938812 0.9999885559082031
0.5061178803443909 0.3619126081466675 -0.17156781256198883 0.9999784231185913
0.5487140417098999 0.40168121457099915 -0.2874816954135895 0.9999876022338867
0.5272178053855896 0.3987872898578644 -0.29577380418777466 0.9999880790710449
0.5966342091560364 0.4925506114959717 -0.06549064069986343 0.9999874830245972
0.4579896628856659 0.5014641284942627 -0.01886507123708725 0.9997788071632385
0.6329576373100281 0.6308898329734802 -0.24556197226047516 0.9950704574584961
0.4288099706172943 0.6921689510345459 0.10328329354524612 0.811305046081543
0.6146628260612488 0.42163383960723877 -0.5650165677070618 0.995187520980835
0.4223898947238922 0.8584102392196655 0.09070172160863876 0.5064539313316345
0.6161820292472839 0.37020593881607056 -0.6376680731773376 0.9854288697242737
0.41659343242645264 0.9043505191802979 0.08678672462701797 0.3915172815322876
0.6155330538749695 0.35780322551727295 -0.6163011789321899 0.9843334555625916
0.4235921800136566 0.9101552367210388 0.047639016062021255 0.4028937816619873
0.610458493232727 0.37838757038116455 -0.5646442770957947 0.9721439480781555
0.42942336201667786 0.9009572267532349 0.07619701325893402 0.40884873270988464
0.586516797542572 0.8053126335144043 -0.00265839253552258 0.9979212880134583
0.48511478304862976 0.8247782588005066 0.003250236390158534 0.9963311553001404
0.6892145872116089 0.9766101837158203 -0.2886064350605011 0.947108268737793
0.4185118079185486 1.002914547920227 -0.27644434571266174 0.9191962480545044
0.6196779608726501 1.1517415046691895 0.14567075669765472 0.3100284934043884
0.5039007663726807 1.2156453132629395 0.11430241912603378 0.29338380694389343
0.6002516150474548 1.1648738384246826 0.18869495391845703 0.4217895567417145
0.518875241279602 1.2330050468444824 0.15111404657363892 0.3629225492477417
0.6216021776199341 1.2534875869750977 0.06551184505224228 0.16840453445911407
0.507808268070221 1.3067833185195923 0.010672115720808506 0.1127089262008667
