0.5378323197364807 0.36851388216018677 -0.18021072447299957 0.999760091304779
0.5467350482940674 0.344245970249176 -0.14404386281967163 0.9997926354408264
0.5518527626991272 0.34497207403182983 -0.1442340463399887 0.9998108744621277
0.5550745129585266 0.3457150459289551 -0.1445762664079666 0.9998476505279541
0.5268253684043884 0.3435472846031189 -0.15052202343940735 0.9997430443763733
0.5199859738349915 0.34467315673828125 -0.15042535960674286 0.999671220779419
0.5136426687240601 0.34586048126220703 -0.15046538412570953 0.999681830406189
0.5603017210960388 0.35939711332321167 0.024093862622976303 0.9998956918716431
0.5057964324951172 0.36052316427230835 -0.005403583403676748 0.9998053908348083
0.5475104451179504 0.40032991766929626 -0.11940932273864746 0.9999122619628906
0.524776041507721 0.400706946849823 -0.128006711602211 0.9998966455459595
0.5991292595863342 0.5138713717460632 0.07730849832296371 0.9999361038208008
0.4591273367404938 0.5034644603729248 0.07419970631599426 0.9996322393417358
0.6381247639656067 0.6478424668312073 -0.05332888290286064 0.95870441198349
0.4318324625492096 0.6881285905838013 0.09534810483455658 0.7653095722198486
0.6283150911331177 0.6338499784469604 -0.34834328293800354 0.8640018105506897
0.42105627059936523 0.8508490920066833 -0.007777075283229351 0.35351327061653137
0.6160432696342468 0.6236233711242676 -0.4169589877128601 0.7805466055870056
0.4143715798854828 0.8922529816627502 -0.03615008294582367 0.30180689692497253
0.6093893647193909 0.5852736234664917 -0.4053337872028351 0.7821245193481445
0.42248931527137756 0.8912814855575562 -0.07024181634187698 0.31464651226997375
0.6095835566520691 0.5863348245620728 -0.3510649502277374 0.7225875854492188
0.427164763212204 0.8760738372802734 -0.023775244131684303 0.3195749819278717
0.5846642255783081 0.8046891689300537 0.013685052283108234 0.9947481751441956
0.4847166836261749 0.8152561783790588 -0.013071844354271889 0.9906129837036133
0.6821029782295227 0.9572572112083435 -0.301712304353714 0.843711793422699
0.4270011782646179 0.9926129579544067 -0.2446131706237793 0.7191017270088196
0.6291013956069946 1.0942267179489136 0.0646943524479866 0.15053758025169373
0.4882219135761261 1.1711125373840332 0.07645413279533386 0.12699906527996063
0.6124128103256226 1.103574275970459 0.10185642540454865 0.21883022785186768
0.4985116124153137 1.1887612342834473 0.10637286305427551 0.14231540262699127
0.6311140060424805 1.1825692653656006 -0.0015211057616397738 0.06717729568481445
0.48957327008247375 1.2553844451904297 -0.026855265721678734 0.04462038725614548
