0.537476658821106 0.3698285222053528 -0.4049787223339081 0.9995366334915161
0.5466144680976868 0.3462774157524109 -0.3728167712688446 0.9996826648712158
0.551387369632721 0.3469480872154236 -0.3730059564113617 0.9997217059135437
0.5548272728919983 0.34759384393692017 -0.37337806820869446 0.999757707118988
0.5273171067237854 0.3453758955001831 -0.37730586528778076 0.9994851350784302
0.5202522873878479 0.34637510776519775 -0.37724825739860535 0.9992881417274475
0.5137906074523926 0.3475388288497925 -0.3773375153541565 0.9992249011993408
0.5611198544502258 0.3605228662490845 -0.19081109762191772 0.9998724460601807
0.5058499574661255 0.36122995615005493 -0.2101513296365738 0.9996742010116577
0.5471373796463013 0.40074416995048523 -0.3367745280265808 0.9999303817749023
0.5247665643692017 0.40031251311302185 -0.34246718883514404 0.9999034404754639
0.5986695885658264 0.5128053426742554 -0.08867420256137848 0.9999126195907593
0.4598868191242218 0.502912163734436 -0.080826535820961 0.9994045495986938
0.6373015642166138 0.6718882918357849 -0.20699162781238556 0.9594385027885437
0.4285731911659241 0.6928262710571289 -0.04780029132962227 0.8511565923690796
0.6338271498680115 0.667873740196228 -0.5387598872184753 0.8326554894447327
0.42121851444244385 0.8525974750518799 -0.18661174178123474 0.40034762024879456
0.6310800909996033 0.6640242338180542 -0.6120141744613647 0.732304036617279
0.41086068749427795 0.8977411389350891 -0.21970568597316742 0.3206094801425934
0.6269969940185547 0.642303466796875 -0.6120492815971375 0.739106297492981
0.41996267437934875 0.8991202116012573 -0.2614664137363434 0.3374866545200348
0.6207777261734009 0.6411693692207336 -0.5462474226951599 0.6606407761573792
0.4269683063030243 0.8817493319511414 -0.20604340732097626 0.3379712700843811
0.585840106010437 0.8004032373428345 0.009840959683060646 0.9929261803627014
0.4852510690689087 0.8151599764823914 -0.009202945046126842 0.9842894673347473
0.6762650012969971 0.9503039121627808 -0.3903568983078003 0.8712461590766907
0.4248947501182556 1.0015100240707397 -0.28508350253105164 0.7974937558174133
0.6274427771568298 1.1152749061584473 -0.014273800887167454 0.19906851649284363
0.5043947100639343 1.1590317487716675 0.11097686737775803 0.09920506179332733
0.609795331954956 1.1344878673553467 0.021006476134061813 0.3045659363269806
0.5168367028236389 1.174824833869934 0.14756055176258087 0.15636055171489716
0.6399003267288208 1.2055621147155762 -0.11985652893781662 0.0915110781788826
0.5038473606109619 1.2342538833618164 0.008660813793540001 0.03619829937815666
