0.553428053855896 0.3496222198009491 -0.237587109208107 0.9945933222770691
0.5610719323158264 0.32780855894088745 -0.21277661621570587 0.9936916828155518
0.5660755634307861 0.3283156752586365 -0.21288758516311646 0.9954121708869934
0.569747269153595 0.32876938581466675 -0.2130192667245865 0.9945711493492126
0.5440050363540649 0.3264002799987793 -0.2157466858625412 0.9902859330177307
0.5381221175193787 0.32629847526550293 -0.21596117317676544 0.9924334287643433
0.5323614478111267 0.3264807462692261 -0.21610240638256073 0.9909670948982239
0.5776916742324829 0.3420059084892273 -0.06970806419849396 0.9973512887954712
0.5236414670944214 0.34193962812423706 -0.07958830147981644 0.9948838353157043
0.5643641948699951 0.3785225450992584 -0.18170608580112457 0.9932076334953308
0.5428047180175781 0.37634843587875366 -0.18511222302913666 0.9863876104354858
0.619185209274292 0.47663670778274536 -0.02368554100394249 0.9981439113616943
0.4836888015270233 0.48353853821754456 -0.05312168970704079 0.9948137998580933
0.6476151943206787 0.6579817533493042 -0.23402899503707886 0.9975411891937256
0.4841311275959015 0.6588544249534607 -0.28557565808296204 0.9923166036605835
0.5806066393852234 0.5243273973464966 -0.4609460234642029 0.9972321391105652
0.5494386553764343 0.5160292387008667 -0.5243123173713684 0.9987581968307495
0.5743936896324158 0.4758279323577881 -0.5080881714820862 0.991817057132721
0.5558401346206665 0.4632616937160492 -0.5746949315071106 0.9945600628852844
0.5736820697784424 0.45583418011665344 -0.4646565616130829 0.9913061261177063
0.5510788559913635 0.4469965696334839 -0.5416743755340576 0.9937938451766968
0.5727299451828003 0.47268742322921753 -0.44820329546928406 0.9935082197189331
0.5490973591804504 0.46702563762664795 -0.5166493058204651 0.9946812987327576
0.6074323654174805 0.8155176639556885 0.009180303663015366 0.9998021721839905
0.5055250525474548 0.8140629529953003 -0.00845513865351677 0.9997326731681824
0.6110654473304749 1.075811743736267 -0.016801532357931137 0.5630380511283875
0.5081546902656555 1.0698328018188477 -0.0654110386967659 0.6778885722160339
0.6121240258216858 1.265059232711792 0.42362281680107117 0.0002749323903117329
0.4942876398563385 1.2696516513824463 0.3094591200351715 0.0014851834857836366
0.614064633846283 1.2977612018585205 0.4666502773761749 0.0014122044667601585
0.4911598563194275 1.309442400932312 0.3469211161136627 0.001978215528652072
0.6048242449760437 1.3540979623794556 0.37376683950424194 0.00017235285486094654
0.5005956888198853 1.3467183113098145 0.22140565514564514 0.0009887042688205838
