0.5483089685440063 0.3678361773490906 -0.3259427845478058 0.9998676776885986
0.5544697046279907 0.34494125843048096 -0.3022089898586273 0.9999145269393921
0.5581277012825012 0.34567660093307495 -0.3023137152194977 0.9999074935913086
0.5628698468208313 0.34602391719818115 -0.3025435209274292 0.9999126195907593
0.5380088686943054 0.34443730115890503 -0.3064248263835907 0.9999125003814697
0.5306652784347534 0.3450430631637573 -0.30639007687568665 0.9998941421508789
0.5244383811950684 0.34616440534591675 -0.30647706985473633 0.9999033212661743
0.5674017667770386 0.358187198638916 -0.15684178471565247 0.9999297857284546
0.5137158632278442 0.3611132502555847 -0.17435449361801147 0.9999322891235352
0.5550798773765564 0.3954150378704071 -0.269795686006546 0.9999730587005615
0.5351822376251221 0.3966774046421051 -0.2747519612312317 0.9999754428863525
0.608850359916687 0.5019534826278687 -0.08067451417446136 0.9999040365219116
0.4719633460044861 0.4929197430610657 -0.11735991388559341 0.9997109770774841
0.6336762309074402 0.6900649070739746 -0.1747393012046814 0.9898431897163391
0.44653022289276123 0.6705818772315979 -0.2656474709510803 0.9919335246086121
0.577894389629364 0.6576688885688782 -0.4427061975002289 0.9822205901145935
0.5205831527709961 0.6715900897979736 -0.4972872734069824 0.9882208108901978
0.5590053796768188 0.6663262248039246 -0.5026119947433472 0.9639418721199036
0.5453895926475525 0.676641583442688 -0.5498263835906982 0.9708625674247742
0.5515394806861877 0.631518542766571 -0.4914151132106781 0.9640339612960815
0.5481958985328674 0.6458916664123535 -0.5363454222679138 0.9679945707321167
0.5569363832473755 0.6260511875152588 -0.4412423074245453 0.9469004273414612
0.5426596999168396 0.6410715579986572 -0.49335044622421265 0.9575602412223816
0.5922814011573792 0.8060094714164734 0.011958029121160507 0.9897631406784058
0.4947875738143921 0.8111144304275513 -0.011687287129461765 0.982977032661438
0.6851698756217957 0.9688467383384705 -0.24531672894954681 0.9758047461509705
0.42627719044685364 1.000037431716919 -0.20100171864032745 0.925062894821167
0.6105522513389587 1.1050000190734863 0.10331396758556366 0.3660746216773987
0.4918534457683563 1.0776546001434326 0.15006905794143677 0.10141399502754211
0.5914859771728516 1.1021865606307983 0.14027421176433563 0.29867759346961975
0.503338634967804 1.0791938304901123 0.18787960708141327 0.09663929045200348
0.6037619709968567 1.2063508033752441 0.0915689542889595 0.17524027824401855
0.49367231130599976 1.1428258419036865 0.15108539164066315 0.03613810986280441
