0.5647557973861694 0.38222843408584595 -0.31705039739608765 0.993963897228241
0.575400710105896 0.3599454164505005 -0.30049169063568115 0.9934694766998291
0.580531895160675 0.36079680919647217 -0.3005183935165405 0.9914175271987915
0.5848166942596436 0.36223721504211426 -0.30070021748542786 0.9903171062469482
0.5583781599998474 0.35990872979164124 -0.29663410782814026 0.9917011857032776
0.5530474781990051 0.36040395498275757 -0.2967030704021454 0.9882835149765015
0.5488001108169556 0.36086395382881165 -0.29680904746055603 0.9865217804908752
0.5944905877113342 0.3764744997024536 -0.20595724880695343 0.9935243129730225
0.5393210053443909 0.3711000680923462 -0.18422119319438934 0.9918843507766724
0.5749801993370056 0.4094836413860321 -0.28194794058799744 0.9988665580749512
0.5542846918106079 0.4087755084037781 -0.27593329548835754 0.9980681538581848
0.6241089105606079 0.5108176469802856 -0.1419035643339157 0.9986087679862976
0.5093650221824646 0.5095211267471313 -0.1262570321559906 0.9952844977378845
0.6848511099815369 0.6964549422264099 -0.3520886301994324 0.994244396686554
0.44179871678352356 0.6715819835662842 -0.29742690920829773 0.9867640137672424
0.6470313668251038 0.5304355621337891 -0.6005936861038208 0.9925293326377869
0.4853415787220001 0.5324856638908386 -0.5204696655273438 0.9925843477249146
0.6337018609046936 0.48951733112335205 -0.6358904242515564 0.9686769843101501
0.49163001775741577 0.48703885078430176 -0.5481237769126892 0.9665546417236328
0.6310344338417053 0.47135189175605774 -0.5930682420730591 0.9595791101455688
0.49466368556022644 0.4676547050476074 -0.5218064188957214 0.9534651041030884
0.631376326084137 0.48580843210220337 -0.585606038570404 0.9395914673805237
0.49498578906059265 0.4833603501319885 -0.512803316116333 0.9369381666183472
0.5969261527061462 0.7617557048797607 0.004394728224724531 0.996653139591217
0.5267394185066223 0.7536425590515137 -0.004355947952717543 0.9967771172523499
0.639620840549469 0.9323921203613281 -0.22536741197109222 0.3137405514717102
0.5014570355415344 0.9024114012718201 -0.19131408631801605 0.20163270831108093
0.6103984713554382 1.0337896347045898 0.05601717159152031 0.0031578135676681995
0.515817403793335 1.026781678199768 0.07048295438289642 0.005766440648585558
0.6009662747383118 1.045717716217041 0.08256827294826508 0.015720684081315994
0.5213828682899475 1.0514670610427856 0.09565385431051254 0.01069935318082571
0.6174782514572144 1.1031813621520996 0.012121787294745445 0.0040230476297438145
0.5007593631744385 1.085188627243042 0.02622700296342373 0.007933039218187332
