0.570206344127655 0.3786793351173401 -0.3919840157032013 0.9926814436912537
0.5790387988090515 0.3555440604686737 -0.37037208676338196 0.9914343357086182
0.5838944911956787 0.35624948143959045 -0.370382696390152 0.9884567260742188
0.5885494947433472 0.35752594470977783 -0.37054774165153503 0.9849991202354431
0.5618537664413452 0.35599321126937866 -0.36649027466773987 0.9890598058700562
0.5552731156349182 0.35673990845680237 -0.36663076281547546 0.9863817691802979
0.5501631498336792 0.35794490575790405 -0.36673423647880554 0.983177125453949
0.5985280871391296 0.3728695213794708 -0.25187206268310547 0.9893990755081177
0.5410423278808594 0.3720478117465973 -0.233744278550148 0.9903143048286438
0.5788828730583191 0.4060395359992981 -0.3486771583557129 0.9979523420333862
0.5582860708236694 0.4086446166038513 -0.34391090273857117 0.9971691966056824
0.6270565390586853 0.5136395692825317 -0.19827762246131897 0.9973300695419312
0.502926230430603 0.5235334038734436 -0.1620728075504303 0.9926018118858337
0.6895975470542908 0.6928665041923523 -0.449984073638916 0.9965069890022278
0.440555214881897 0.6703875660896301 -0.379314124584198 0.9949669241905212
0.640026867389679 0.5209635496139526 -0.7221766114234924 0.9977301955223083
0.48957204818725586 0.5253875851631165 -0.6340447068214417 0.9980893731117249
0.6244325637817383 0.4779260754585266 -0.7679111957550049 0.9872100353240967
0.5000671148300171 0.47640126943588257 -0.669366717338562 0.9889000654220581
0.6216467022895813 0.46091189980506897 -0.7201433181762695 0.9836838245391846
0.504132866859436 0.4595889151096344 -0.631000816822052 0.9850844740867615
0.6219427585601807 0.4712499678134918 -0.7063305377960205 0.9754757881164551
0.5068058967590332 0.4748144745826721 -0.6222779750823975 0.9777646660804749
0.6034271717071533 0.7992890477180481 -0.005319545511156321 0.9977415800094604
0.527119517326355 0.8018648028373718 0.0054044523276388645 0.9983435869216919
0.6340476274490356 0.9908565878868103 -0.18243789672851562 0.4641582667827606
0.5044890642166138 0.969365656375885 -0.11384012550115585 0.381782591342926
0.6115245819091797 1.070019006729126 0.2183413952589035 0.001319899340160191
0.5190110206604004 1.0701755285263062 0.2660011649131775 0.0024292876478284597
0.6045156717300415 1.0828866958618164 0.25800663232803345 0.008169158361852169
0.5236999988555908 1.091758131980896 0.3033093512058258 0.004065574612468481
0.6112275719642639 1.134903907775879 0.20179341733455658 0.002362636150792241
0.5120745897293091 1.1334935426712036 0.24537435173988342 0.0036073033697903156
