0.5659046173095703 0.38673266768455505 -0.5551480054855347 0.9997686743736267
0.5763276219367981 0.36510688066482544 -0.5290883779525757 0.9997159838676453
0.5819230675697327 0.36623719334602356 -0.5290956497192383 0.9996320009231567
0.586698591709137 0.36790671944618225 -0.5293198227882385 0.9994370341300964
0.5591136813163757 0.36326929926872253 -0.5263989567756653 0.9996446371078491
0.5531083941459656 0.3630317151546478 -0.5265622735023499 0.9995883107185364
0.5484455823898315 0.3626002073287964 -0.5266267657279968 0.9994587302207947
0.5974631905555725 0.38172048330307007 -0.37994101643562317 0.9996029734611511
0.539137601852417 0.37177225947380066 -0.3668285012245178 0.99977046251297
0.5759681463241577 0.4151177704334259 -0.500907838344574 0.999937891960144
0.5545141696929932 0.4123552143573761 -0.49759262800216675 0.9999179840087891
0.631130039691925 0.5170968770980835 -0.2901841998100281 0.9996296167373657
0.504167377948761 0.5245159268379211 -0.2594027519226074 0.998579740524292
0.6868924498558044 0.7215758562088013 -0.5528870224952698 0.9964750409126282
0.4432535767555237 0.6977085471153259 -0.47149282693862915 0.987194836139679
0.6585481762886047 0.5637644529342651 -0.8736559748649597 0.9952657222747803
0.47812172770500183 0.557189404964447 -0.7747514247894287 0.9945749044418335
0.6480118036270142 0.5221264362335205 -0.9257990717887878 0.978293776512146
0.47956812381744385 0.5021196603775024 -0.8182187676429749 0.9801778197288513
0.645503580570221 0.4959341585636139 -0.8840455412864685 0.9732491970062256
0.4814605116844177 0.48798230290412903 -0.7828120589256287 0.9738025665283203
0.6450532674789429 0.5110546946525574 -0.8615978360176086 0.9591004252433777
0.48341140151023865 0.5026557445526123 -0.7653216123580933 0.9623037576675415
0.600836992263794 0.7957608699798584 -0.008780241943895817 0.9993971586227417
0.5261292457580566 0.8001134991645813 0.008765419013798237 0.999652624130249
0.6180912256240845 1.0090686082839966 -0.055812954902648926 0.484883189201355
0.5092390775680542 0.9731243848800659 0.006959444377571344 0.3151121437549591
0.6177365183830261 1.0498017072677612 0.43176138401031494 0.0014879904920235276
0.5201544761657715 1.0640738010406494 0.4378296136856079 0.003334091743454337
0.6165508031845093 1.0530383586883545 0.4807877540588379 0.006168354768306017
0.5240438580513 1.081621766090393 0.4806095063686371 0.0040305000729858875
0.6153900623321533 1.1196045875549316 0.4322170615196228 0.001940980670042336
0.5163660645484924 1.1396052837371826 0.4190904498100281 0.004408306907862425
