0.5657929182052612 0.3873666822910309 -0.6162667870521545 0.9997695088386536
0.5765988826751709 0.36417436599731445 -0.5875253081321716 0.9997096657752991
0.5818836092948914 0.3648938238620758 -0.5875556468963623 0.9996464252471924
0.5864754319190979 0.36622390151023865 -0.5877925157546997 0.9994751811027527
0.5586099624633789 0.36355820298194885 -0.5852862596511841 0.9995916485786438
0.5527845621109009 0.3639325797557831 -0.5855234265327454 0.9995717406272888
0.5478173494338989 0.36392030119895935 -0.5855963230133057 0.9994795918464661
0.5963472127914429 0.3810079097747803 -0.41843530535697937 0.9996380805969238
0.5388848185539246 0.37700456380844116 -0.40992438793182373 0.9997065663337708
0.5755962133407593 0.41572797298431396 -0.5548943281173706 0.9999583959579468
0.5535334944725037 0.4151407480239868 -0.5529550909996033 0.9999380111694336
0.6290692090988159 0.5230070948600769 -0.3208422064781189 0.9996874332427979
0.5022475123405457 0.5206423997879028 -0.28570058941841125 0.998975396156311
0.6895754337310791 0.7361909747123718 -0.6034989953041077 0.997624933719635
0.4418674111366272 0.7145240902900696 -0.5321319699287415 0.993771493434906
0.6679860353469849 0.5935136079788208 -0.9547759294509888 0.9961032867431641
0.4742291271686554 0.5788768529891968 -0.9003512263298035 0.9978041052818298
0.6581701636314392 0.5429873466491699 -1.0153833627700806 0.9772365093231201
0.47220906615257263 0.5206154584884644 -0.9538240432739258 0.9903027415275574
0.6559739708900452 0.5201332569122314 -0.9737905859947205 0.9725620150566101
0.47456783056259155 0.5081704258918762 -0.9155083894729614 0.9877505898475647
0.653901219367981 0.5384204983711243 -0.9437280893325806 0.9589172601699829
0.47786882519721985 0.5228549242019653 -0.8910872340202332 0.980813205242157
0.6114742159843445 0.8200111389160156 -0.007901680655777454 0.9990580677986145
0.5270068645477295 0.8243057131767273 0.00802229531109333 0.9994869232177734
0.6267452836036682 1.0294735431671143 -0.18977035582065582 0.6950359344482422
0.5139239430427551 1.0275447368621826 -0.07997364550828934 0.43950602412223816
0.6245688796043396 1.104604959487915 0.34005340933799744 0.002469950122758746
0.5191420316696167 1.1350126266479492 0.40816134214401245 0.005753134377300739
0.6229598522186279 1.1182405948638916 0.39055192470550537 0.009597963653504848
0.5213044881820679 1.1538375616073608 0.45307400822639465 0.004450164269655943
0.6205291152000427 1.1742075681686401 0.2943623960018158 0.004153193440288305
0.522631049156189 1.213821530342102 0.3388834595680237 0.0076751261949539185
