0.5534738898277283 0.3410305678844452 -0.5255985856056213 0.9867276549339294
0.5612518191337585 0.3192967176437378 -0.49498265981674194 0.9806166887283325
0.5660743713378906 0.3202822208404541 -0.49505355954170227 0.9816734790802002
0.5708300471305847 0.321150541305542 -0.49527403712272644 0.9742304086685181
0.5439073443412781 0.3191293478012085 -0.4993416368961334 0.9851444959640503
0.5376861691474915 0.3197520971298218 -0.4995819330215454 0.988690972328186
0.5319356918334961 0.32133495807647705 -0.4997784495353699 0.9883533120155334
0.5792451500892639 0.33892345428466797 -0.3191404640674591 0.9795860648155212
0.523246705532074 0.3385303318500519 -0.33746588230133057 0.996351957321167
0.5649880170822144 0.36872434616088867 -0.4591032862663269 0.9956228137016296
0.5431311726570129 0.36913034319877625 -0.4649216830730438 0.9971025586128235
0.619332492351532 0.48469865322113037 -0.213115856051445 0.9894774556159973
0.48343437910079956 0.4889037609100342 -0.2603437900543213 0.9962856769561768
0.6759196519851685 0.6538063883781433 -0.4561106562614441 0.9840173125267029
0.4487149119377136 0.6738144159317017 -0.4991275370121002 0.980668306350708
0.6255035996437073 0.575672447681427 -0.7891786098480225 0.9230227470397949
0.5081949830055237 0.6000540256500244 -0.8194140791893005 0.9795447587966919
0.6089068055152893 0.5594112873077393 -0.8541934490203857 0.8095680475234985
0.5277299284934998 0.5724798440933228 -0.8874344229698181 0.9277350306510925
0.6029864549636841 0.5278812050819397 -0.8131554126739502 0.8023020029067993
0.5383230447769165 0.5458483099937439 -0.852671205997467 0.919527530670166
0.6046484112739563 0.5362096428871155 -0.7798798680305481 0.7830781936645508
0.5264121890068054 0.5599970817565918 -0.8114156126976013 0.8943925499916077
0.6086118817329407 0.7968058586120605 0.011314088478684425 0.9937333464622498
0.5090532898902893 0.799754798412323 -0.010812053456902504 0.9978819489479065
0.6092885732650757 1.0563466548919678 -0.11372595280408859 0.262408584356308
0.49790647625923157 1.0297805070877075 -0.3096100687980652 0.5051397681236267
0.6234524250030518 1.1967887878417969 0.38857749104499817 0.0006881295121274889
0.499088317155838 1.1989901065826416 0.15659812092781067 0.004140850622206926
0.6260915994644165 1.2222647666931152 0.4326191544532776 0.002358674304559827
0.5006279945373535 1.228308916091919 0.19865021109580994 0.003466858295723796
0.6212301850318909 1.2789804935455322 0.3021396994590759 0.0005932694766670465
0.5017405152320862 1.2790696620941162 0.03647293522953987 0.003937822766602039
