0.5535722374916077 0.33879661560058594 -0.6037778258323669 0.9991753697395325
0.5609181523323059 0.3209177851676941 -0.577663779258728 0.997681736946106
0.5659923553466797 0.3217853903770447 -0.5776293873786926 0.9987517595291138
0.5705371499061584 0.3230154812335968 -0.5777368545532227 0.9969128370285034
0.5442289113998413 0.31968629360198975 -0.5767213702201843 0.9969066977500916
0.5375774502754211 0.3200083076953888 -0.5770880579948425 0.9985748529434204
0.5316062569618225 0.32071906328201294 -0.5771450400352478 0.9969600439071655
0.5795168280601501 0.3359239995479584 -0.40411874651908875 0.9991710186004639
0.5216600298881531 0.3339855670928955 -0.4009426534175873 0.9991130232810974
0.5630376935005188 0.3654608726501465 -0.5368839502334595 0.9992266893386841
0.5432533621788025 0.36559680104255676 -0.5369691252708435 0.998648464679718
0.6156424283981323 0.45846566557884216 -0.30438295006752014 0.9995781779289246
0.48614248633384705 0.4680851101875305 -0.2830175459384918 0.9988277554512024
0.6791235208511353 0.6174600124359131 -0.5626615285873413 0.9999191761016846
0.4373261630535126 0.6431479454040527 -0.5098844766616821 0.9994446635246277
0.6156004667282104 0.47662878036499023 -0.8658322095870972 0.9999068975448608
0.5008537173271179 0.4915885627269745 -0.8195846676826477 0.9999374151229858
0.5927202701568604 0.4390685558319092 -0.9259500503540039 0.9993593096733093
0.5166152715682983 0.44926562905311584 -0.8753231167793274 0.999560534954071
0.5896490812301636 0.4219355583190918 -0.879516065120697 0.9992387294769287
0.5161818265914917 0.43021586537361145 -0.8317278027534485 0.9994555115699768
0.5914945602416992 0.43188393115997314 -0.8512109518051147 0.9992308616638184
0.5153270959854126 0.4448283910751343 -0.8067139983177185 0.9992724061012268
0.6044725179672241 0.7612417936325073 -0.001578685943968594 0.9998089671134949
0.5098296999931335 0.767677903175354 0.002054734155535698 0.9998241066932678
0.608484148979187 1.0195978879928589 -0.1590076982975006 0.8197671175003052
0.5163761377334595 1.0353987216949463 -0.13354402780532837 0.8608211278915405
0.6187401413917542 1.189904808998108 0.3707942068576813 0.0005819601938128471
0.5124149918556213 1.2096630334854126 0.32121458649635315 0.0033862250857055187
0.622136116027832 1.218738317489624 0.4200761914253235 0.0025531044229865074
0.5121815800666809 1.241601824760437 0.36246970295906067 0.0035875786561518908
0.6139776706695557 1.278767704963684 0.2943483293056488 0.00039226983790285885
0.5197269916534424 1.2902195453643799 0.2009878009557724 0.0023494577035307884
