0.5468022227287292 0.33640456199645996 -0.511637270450592 0.9999349117279053
0.5539251565933228 0.3153776526451111 -0.48430123925209045 0.9998558759689331
0.5583902597427368 0.31584155559539795 -0.4844231605529785 0.9999024868011475
0.5631046295166016 0.3164623975753784 -0.48463889956474304 0.9998565912246704
0.5371063351631165 0.31499046087265015 -0.4856376051902771 0.9997785687446594
0.5314110517501831 0.315693736076355 -0.48567384481430054 0.99979168176651
0.5258960723876953 0.3162360191345215 -0.485786497592926 0.9996671676635742
0.5690959692001343 0.3291328549385071 -0.31004905700683594 0.9998798370361328
0.5169380903244019 0.3314436078071594 -0.3175329267978668 0.999868631362915
0.5560652017593384 0.3627508282661438 -0.4463801980018616 0.9999864101409912
0.5353182554244995 0.3618074059486389 -0.44891276955604553 0.9999853372573853
0.6064736247062683 0.48081061244010925 -0.20299631357192993 0.9999831914901733
0.4770705997943878 0.47598499059677124 -0.18756414949893951 0.9999489784240723
0.6405630111694336 0.6572356224060059 -0.388315886259079 0.9880627393722534
0.44858643412590027 0.6732268333435059 -0.1327318251132965 0.9632387161254883
0.6433485150337219 0.5775389075279236 -0.7688332796096802 0.9694073796272278
0.41822701692581177 0.8537580966949463 -0.25444740056991577 0.8620427846908569
0.644061803817749 0.558503270149231 -0.8371714949607849 0.9319091439247131
0.4083026051521301 0.9107820391654968 -0.27548304200172424 0.7933317422866821
0.6426608562469482 0.5426987409591675 -0.8273364305496216 0.9294008016586304
0.4137347936630249 0.9152973890304565 -0.31631410121917725 0.8114165663719177
0.6390116214752197 0.5421047806739807 -0.7718073725700378 0.894599437713623
0.41850459575653076 0.8968062400817871 -0.2708583474159241 0.796194314956665
0.5839987397193909 0.7800716161727905 0.007954935543239117 0.9985529780387878
0.49194639921188354 0.7856605052947998 -0.00766172306612134 0.997459352016449
0.6223116517066956 0.9738845229148865 -0.3651866018772125 0.6368875503540039
0.493247389793396 0.9996364116668701 -0.36505600810050964 0.6324837803840637
0.6292795538902283 1.0626401901245117 0.11549942195415497 0.03341992571949959
0.5218892097473145 1.1106055974960327 0.0772864893078804 0.029221080243587494
0.6280220746994019 1.0671415328979492 0.16169868409633636 0.0870782732963562
0.5243487358093262 1.1206207275390625 0.11871470510959625 0.03873765841126442
0.6308313012123108 1.1276640892028809 0.04603033512830734 0.030213497579097748
0.5411242842674255 1.1851963996887207 -0.02313506416976452 0.025593554601073265
