0.5515344738960266 0.3350566327571869 -0.605419933795929 0.9999849796295166
0.5574241280555725 0.3151722550392151 -0.5737304091453552 0.9999619722366333
0.5617469549179077 0.3158104419708252 -0.5738385915756226 0.9999740123748779
0.5659171342849731 0.31635332107543945 -0.5740596055984497 0.9999597072601318
0.5410383343696594 0.31483614444732666 -0.5781753659248352 0.9999291896820068
0.5349850058555603 0.31525713205337524 -0.5782228112220764 0.9999319314956665
0.5292322635650635 0.31613045930862427 -0.5783213973045349 0.9998724460601807
0.5705450177192688 0.3299756944179535 -0.37681376934051514 0.9999620914459229
0.5188093781471252 0.33105918765068054 -0.40150564908981323 0.9999575614929199
0.5603936314582825 0.3608661890029907 -0.5312088131904602 0.9999958276748657
0.5402938723564148 0.3605806529521942 -0.5390477776527405 0.9999959468841553
0.6043077111244202 0.4688248038291931 -0.2579096853733063 0.9999948740005493
0.4780602753162384 0.4791274964809418 -0.23442573845386505 0.9999176263809204
0.6471415162086487 0.6463355422019958 -0.46108272671699524 0.998824417591095
0.44911450147628784 0.6815007925033569 -0.18153303861618042 0.9601612091064453
0.6251524686813354 0.49173155426979065 -0.8210221529006958 0.9983768463134766
0.41697466373443604 0.8585444688796997 -0.3197137117385864 0.9074345231056213
0.6183604001998901 0.44387394189834595 -0.8959100842475891 0.9929448962211609
0.4048348665237427 0.9116820096969604 -0.34359824657440186 0.8511534929275513
0.6175355315208435 0.4272024631500244 -0.874528169631958 0.9922763705253601
0.4104849100112915 0.9175240993499756 -0.38960784673690796 0.8631613850593567
0.6161618828773499 0.4392607510089874 -0.8188419342041016 0.9849399924278259
0.4162292778491974 0.9021095037460327 -0.3382701575756073 0.8306557536125183
0.5839702486991882 0.7685789465904236 0.003822010476142168 0.9985591769218445
0.4940387010574341 0.7717694640159607 -0.0035033761523663998 0.9955971837043762
0.6248321533203125 0.9559010863304138 -0.5001897811889648 0.6633699536323547
0.4835258424282074 0.9497509002685547 -0.4836556613445282 0.5430232286453247
0.6120458245277405 1.0897138118743896 -0.07067272812128067 0.03636302798986435
0.4967423379421234 1.1206756830215454 -0.09324328601360321 0.04328887537121773
0.6078383922576904 1.1070103645324707 -0.03245885297656059 0.12020257860422134
0.49939391016960144 1.1445831060409546 -0.06111729517579079 0.05588649585843086
0.611815869808197 1.161987066268921 -0.19422008097171783 0.051250725984573364
0.5066460967063904 1.1953904628753662 -0.24940824508666992 0.040989261120557785
