0.547065794467926 0.34045669436454773 -0.5014903545379639 0.9999551773071289
0.5537789463996887 0.320525586605072 -0.47140809893608093 0.9998770952224731
0.5582531094551086 0.3213048577308655 -0.4715050756931305 0.999906063079834
0.5624704360961914 0.3220614790916443 -0.4717201888561249 0.9998724460601807
0.537623941898346 0.3189780116081238 -0.4742732346057892 0.9998373985290527
0.5315743088722229 0.3190317749977112 -0.4742828905582428 0.9998200535774231
0.5259043574333191 0.31907832622528076 -0.47437307238578796 0.9997113347053528
0.5680796504020691 0.3338596820831299 -0.2909378707408905 0.9998695850372314
0.5166669487953186 0.3312702476978302 -0.307491660118103 0.9998974800109863
0.5553826689720154 0.3676643669605255 -0.43324384093284607 0.9999798536300659
0.5349722504615784 0.363908588886261 -0.438729465007782 0.9999836683273315
0.5984287261962891 0.46708405017852783 -0.2075396180152893 0.9999752044677734
0.47671496868133545 0.48156777024269104 -0.1540781706571579 0.9998007416725159
0.6539974808692932 0.5911180973052979 -0.4376133382320404 0.9987700581550598
0.44977059960365295 0.6755951046943665 -0.08135969191789627 0.9091899394989014
0.606454074382782 0.39952531456947327 -0.7677561640739441 0.9971790313720703
0.41664212942123413 0.8558374047279358 -0.1872842162847519 0.8153059482574463
0.5959815382957458 0.3632300794124603 -0.8344272375106812 0.98689866065979
0.40628501772880554 0.9142599105834961 -0.20236968994140625 0.722003161907196
0.5922383069992065 0.35884466767311096 -0.8021663427352905 0.9851515889167786
0.41203004121780396 0.9199278354644775 -0.24508360028266907 0.7450750470161438
0.5919317603111267 0.3707224726676941 -0.7609754204750061 0.9750012159347534
0.41731172800064087 0.9018425941467285 -0.2043101042509079 0.7304953336715698
0.5816761255264282 0.7660771608352661 -0.0030788714066147804 0.9986531734466553
0.4949605166912079 0.7745840549468994 0.003324249992147088 0.9973052740097046
0.6228805780410767 0.9663494825363159 -0.32768911123275757 0.6282570958137512
0.4909206032752991 0.9662041664123535 -0.37135228514671326 0.6251922845840454
0.6205666065216064 1.078447699546814 0.11893146485090256 0.02234257385134697
0.511049747467041 1.1138955354690552 0.05997137352824211 0.03402252495288849
0.6178573966026306 1.0879459381103516 0.16156043112277985 0.08284935355186462
0.5142261981964111 1.129122018814087 0.10007354617118835 0.054967254400253296
0.6210997700691223 1.153122901916504 0.04097696766257286 0.025729123502969742
0.5207421779632568 1.194838047027588 -0.04574399068951607 0.029946429654955864
