0.5487911105155945 0.3396773338317871 -0.5333985090255737 0.9999749660491943
0.5545772910118103 0.3197668790817261 -0.5021212697029114 0.9999290704727173
0.558883011341095 0.3207552433013916 -0.5021947622299194 0.9999377727508545
0.5629380941390991 0.3217405378818512 -0.5023983120918274 0.9999188184738159
0.5388764142990112 0.31838685274124146 -0.5053895711898804 0.9999145269393921
0.5324915647506714 0.3185912072658539 -0.5053952932357788 0.9998997449874878
0.5267376899719238 0.31894445419311523 -0.5054823160171509 0.9998421669006348
0.5683907270431519 0.3351389169692993 -0.31749555468559265 0.9999051094055176
0.516607940196991 0.3321749269962311 -0.335954487323761 0.9999349117279053
0.5562886595726013 0.3672099709510803 -0.46407899260520935 0.9999896287918091
0.5359627604484558 0.36382320523262024 -0.4700537621974945 0.9999912977218628
0.5979716181755066 0.46879860758781433 -0.2264508605003357 0.9999823570251465
0.4763525128364563 0.48338600993156433 -0.1887589544057846 0.9998373985290527
0.6538167595863342 0.5832498073577881 -0.45497772097587585 0.9988303780555725
0.4496432840824127 0.6780567169189453 -0.13858255743980408 0.9386129975318909
0.6051913499832153 0.394864946603775 -0.7957894206047058 0.9967756867408752
0.41704052686691284 0.857373833656311 -0.25723347067832947 0.8716813325881958
0.5913770794868469 0.365378737449646 -0.8664900064468384 0.9850594997406006
0.4054412841796875 0.9115378856658936 -0.27535536885261536 0.7988860011100769
0.5866727232933044 0.3638235032558441 -0.8336214423179626 0.9830756187438965
0.41222280263900757 0.917047917842865 -0.31736278533935547 0.8143855929374695
0.5876432061195374 0.37419289350509644 -0.7889013886451721 0.9714663624763489
0.41755348443984985 0.9012439250946045 -0.2737477719783783 0.7859775424003601
0.5824251770973206 0.7663584351539612 0.0019456323934718966 0.9996925592422485
0.49521350860595703 0.7741330862045288 -0.0017819394124671817 0.9985803365707397
0.6208418607711792 0.9564853310585022 -0.45718663930892944 0.6568222641944885
0.48648983240127563 0.9640838503837585 -0.35846826434135437 0.48955103754997253
0.6056080460548401 1.0540635585784912 -0.0422370471060276 0.021947896108031273
0.4972352087497711 1.0792641639709473 0.0919121727347374 0.014435616321861744
0.6007802486419678 1.0661506652832031 -0.0018179522594437003 0.09635642915964127
0.4994103014469147 1.0912278890609741 0.13365446031093597 0.02650044858455658
0.6025508642196655 1.118721604347229 -0.12974025309085846 0.035933028906583786
0.5048475861549377 1.1527225971221924 0.0011719366302713752 0.015231146477162838
