0.536985456943512 0.33929407596588135 -0.4427783191204071 0.9999538660049438
0.5462083220481873 0.3188978433609009 -0.41182371973991394 0.9998687505722046
0.5514951944351196 0.31857556104660034 -0.41190460324287415 0.999889612197876
0.5554483532905579 0.3182714581489563 -0.41209229826927185 0.9998637437820435
0.5284943580627441 0.3205913305282593 -0.4134907126426697 0.9998713731765747
0.5232137441635132 0.32103246450424194 -0.4135100245475769 0.9998624324798584
0.5193380117416382 0.3219716548919678 -0.4136175215244293 0.999832034111023
0.5616624355316162 0.32952558994293213 -0.23647449910640717 0.9998542070388794
0.5140736103057861 0.3350696563720703 -0.2460494041442871 0.9999368190765381
0.5500879287719727 0.3635539710521698 -0.3772031366825104 0.9999717473983765
0.52772057056427 0.3625052869319916 -0.3805091083049774 0.9999804496765137
0.5969440937042236 0.45643606781959534 -0.1597457379102707 0.9999334812164307
0.47780799865722656 0.48129090666770935 -0.11121036112308502 0.9997420907020569
0.6577467322349548 0.5473740100860596 -0.39263710379600525 0.998659610748291
0.45015132427215576 0.6766812801361084 -0.04685040935873985 0.9100750684738159
0.5955573320388794 0.3889215290546417 -0.6895951628684998 0.9951753616333008
0.4173259735107422 0.8573498129844666 -0.14511480927467346 0.8559260964393616
0.5862982869148254 0.34839320182800293 -0.7491762638092041 0.9759629964828491
0.4075099229812622 0.9138143658638 -0.16397356986999512 0.7535790801048279
0.5808356404304504 0.345739483833313 -0.7113631367683411 0.9723453521728516
0.41260969638824463 0.9201880693435669 -0.20312868058681488 0.7739412188529968
0.5805937051773071 0.3618997633457184 -0.6802508234977722 0.9579142928123474
0.4175989031791687 0.902499258518219 -0.16153042018413544 0.7669515013694763
0.58201664686203 0.7611462473869324 -0.002214138163253665 0.996792733669281
0.4951619505882263 0.7696176171302795 0.002521314425393939 0.9958562254905701
0.6287539005279541 0.9745087623596191 -0.28886622190475464 0.540130078792572
0.48423367738723755 0.9395848512649536 -0.4405166208744049 0.6840991377830505
0.6209525465965271 1.1106200218200684 0.08048254996538162 0.028298918157815933
0.504284679889679 1.1289151906967163 -0.06261858344078064 0.07350413501262665
0.6173279285430908 1.1266275644302368 0.11328046023845673 0.08321361988782883
0.5091866254806519 1.1496003866195679 -0.027881795540452003 0.09372331947088242
0.6244308352470398 1.1886868476867676 -0.026503361761569977 0.027135279029607773
0.5115166306495667 1.2163736820220947 -0.19367356598377228 0.060960955917835236
