0.5390697121620178 0.3400040566921234 -0.5106907486915588 0.9999675750732422
0.5463953018188477 0.31998974084854126 -0.48138898611068726 0.999897837638855
0.5507804155349731 0.3204178810119629 -0.4814807176589966 0.999931812286377
0.554908812046051 0.32058316469192505 -0.48169422149658203 0.9999046325683594
0.5300277471542358 0.3202518820762634 -0.4820166230201721 0.9998599290847778
0.5243251323699951 0.32085663080215454 -0.48201820254325867 0.9998555183410645
0.5190362930297852 0.3216969966888428 -0.4821205139160156 0.9997686743736267
0.5617296099662781 0.3315848708152771 -0.301936537027359 0.9999104738235474
0.5124839544296265 0.3357324004173279 -0.30750682950019836 0.9999284744262695
0.5486421585083008 0.3651465177536011 -0.4426768720149994 0.9999841451644897
0.5282958149909973 0.3644348680973053 -0.445022851228714 0.9999871253967285
0.5962435007095337 0.4642617404460907 -0.21245577931404114 0.9999736547470093
0.4753473699092865 0.48407992720603943 -0.14895221590995789 0.9998164772987366
0.6460233330726624 0.5921968817710876 -0.4542875289916992 0.9986699819564819
0.448527991771698 0.6798729300498962 -0.07258949428796768 0.9136316776275635
0.602444052696228 0.39873501658439636 -0.7868930101394653 0.9966931343078613
0.41663116216659546 0.8586591482162476 -0.1665351837873459 0.8205364346504211
0.5927044749259949 0.35675927996635437 -0.8519483208656311 0.9847532510757446
0.4066042900085449 0.9164412021636963 -0.18073324859142303 0.7044746279716492
0.5877271890640259 0.3525795042514801 -0.8176109194755554 0.9830207824707031
0.41234299540519714 0.9226521849632263 -0.22160615026950836 0.732174277305603
0.5873827338218689 0.36582446098327637 -0.7792226672172546 0.9718437194824219
0.41690593957901 0.9025415778160095 -0.1830315738916397 0.7233626246452332
0.5827340483665466 0.7718456983566284 -0.002623788546770811 0.9972562193870544
0.4937371611595154 0.7799766659736633 0.0030428245663642883 0.9950835704803467
0.6224572658538818 0.9762802720069885 -0.33011531829833984 0.6307454705238342
0.488524466753006 0.9658544659614563 -0.41468605399131775 0.7259826064109802
0.6191375255584717 1.1427001953125 0.06893734633922577 0.038123227655887604
0.5069394111633301 1.172135353088379 -0.04577768221497536 0.10353489220142365
0.6161627173423767 1.1595680713653564 0.10342175513505936 0.11518710851669312
0.5105817914009094 1.197986364364624 -0.014382610097527504 0.12400714308023453
0.6182193756103516 1.2288422584533691 -0.057060737162828445 0.0360715314745903
0.5165616273880005 1.2621606588363647 -0.20416902005672455 0.08361335098743439
