0.5442289710044861 0.33130335807800293 -0.4665629267692566 0.999896764755249
0.5510339140892029 0.3119109869003296 -0.43778887391090393 0.9998447895050049
0.5552375912666321 0.31269770860671997 -0.4379441440105438 0.9998717308044434
0.5595348477363586 0.3135567903518677 -0.43813830614089966 0.9998478889465332
0.534209668636322 0.3116549253463745 -0.4384300112724304 0.999822199344635
0.528557538986206 0.31263184547424316 -0.4384787380695343 0.9998000264167786
0.5229945778846741 0.314140260219574 -0.43860119581222534 0.9997486472129822
0.5666351914405823 0.328636109828949 -0.266833633184433 0.99985671043396
0.5144234299659729 0.3310333490371704 -0.27085691690444946 0.9998786449432373
0.5541290044784546 0.35845521092414856 -0.40216782689094543 0.9999662637710571
0.5326535701751709 0.3580600321292877 -0.4037152826786041 0.9999716281890869
0.6011874675750732 0.4634142816066742 -0.20129762589931488 0.9999492168426514
0.4750517010688782 0.48028406500816345 -0.1378227323293686 0.9998530149459839
0.6268064975738525 0.6250936388969421 -0.42687952518463135 0.9968270659446716
0.44896602630615234 0.6754844784736633 -0.0721726268529892 0.9378398656845093
0.565131425857544 0.5051913261413574 -0.7689590454101562 0.9945857524871826
0.41837355494499207 0.854433536529541 -0.19027794897556305 0.8495267033576965
0.5486527681350708 0.49279966950416565 -0.8385334610939026 0.9847990870475769
0.4090114235877991 0.9107033610343933 -0.21994376182556152 0.770720362663269
0.5402311086654663 0.48020127415657043 -0.8137465715408325 0.9836615920066833
0.4140911400318146 0.9148454666137695 -0.2561762034893036 0.793220043182373
0.5452374219894409 0.48476383090019226 -0.7649909853935242 0.9727784395217896
0.41874557733535767 0.8976392149925232 -0.2062627524137497 0.7875041365623474
0.5841136574745178 0.7753626108169556 0.002098256256431341 0.9971681237220764
0.4941587746143341 0.7845273017883301 -0.001790034119039774 0.9965864419937134
0.628527820110321 0.9769951701164246 -0.2208506017923355 0.6075850129127502
0.4980410635471344 0.9963453412055969 -0.3444599211215973 0.6897671818733215
0.6187512874603271 1.11221182346344 0.22869457304477692 0.03650515526533127
0.5245543122291565 1.155795931816101 0.0646354928612709 0.08152646571397781
0.6147472262382507 1.118983268737793 0.2708844244480133 0.07114963978528976
0.5283756852149963 1.170237421989441 0.10339399427175522 0.08257609605789185
0.6180128455162048 1.1968321800231934 0.15608973801136017 0.030061708763241768
0.5399636030197144 1.2429591417312622 -0.04848898574709892 0.06266095489263535
