0.5396920442581177 0.32491832971572876 -0.2731584310531616 0.9999936819076538
0.5456533432006836 0.3046431541442871 -0.24153044819831848 0.9999794960021973
0.5493463277816772 0.30504679679870605 -0.24165143072605133 0.9999898672103882
0.5535376071929932 0.3055156469345093 -0.24172715842723846 0.9999825954437256
0.5306819677352905 0.30472713708877563 -0.24891486763954163 0.9999808073043823
0.5241305828094482 0.3053920269012451 -0.2489740550518036 0.9999886751174927
0.5180912613868713 0.3065207600593567 -0.24915830790996552 0.9999812841415405
0.5564154982566833 0.3178315758705139 -0.07036732882261276 0.9999904632568359
0.506093442440033 0.3244505524635315 -0.10694669187068939 0.999996542930603
0.5472976565361023 0.3535494804382324 -0.20903873443603516 0.9999916553497314
0.5280041694641113 0.3532755374908447 -0.22024400532245636 0.9999951124191284
0.596191942691803 0.47263285517692566 -0.0062841251492500305 0.9999828338623047
0.45958611369132996 0.4791721999645233 0.0162484310567379 0.9999409914016724
0.6660279035568237 0.5612618923187256 -0.21245653927326202 0.9998373985290527
0.42802152037620544 0.6879222393035889 0.08994530886411667 0.9916943907737732
0.6409445405006409 0.3472987413406372 -0.49183985590934753 0.999525785446167
0.41004639863967896 0.8759627938270569 0.02883620746433735 0.9784900546073914
0.635574221611023 0.28674548864364624 -0.5519549250602722 0.9976398944854736
0.3943592309951782 0.9408905506134033 0.015916310250759125 0.9446392059326172
0.6302248239517212 0.2749667763710022 -0.5120904445648193 0.9974735379219055
0.40540966391563416 0.9478138089179993 -0.02160099893808365 0.950171172618866
0.6288175582885742 0.3005703091621399 -0.4836031496524811 0.9969987869262695
0.41419821977615356 0.9315148591995239 0.014036261476576328 0.9566904306411743
0.5820445418357849 0.8206191658973694 -0.004910096991807222 0.9987478256225586
0.48270103335380554 0.8305664658546448 0.005619040224701166 0.9987718462944031
0.6190901398658752 1.1033471822738647 -0.2259766161441803 0.7500454187393188
0.4743206202983856 1.0711455345153809 -0.34764671325683594 0.8476678133010864
0.6127915978431702 1.3449844121932983 0.07809330523014069 0.014047384262084961
0.483713299036026 1.3535528182983398 -0.11118055880069733 0.08364423364400864
0.6129617094993591 1.3768397569656372 0.10286222398281097 0.0442873053252697
0.4835062623023987 1.3970346450805664 -0.09195840358734131 0.1663929671049118
0.5986416339874268 1.4463354349136353 -0.053049616515636444 0.00722990557551384
0.4931866526603699 1.437997817993164 -0.27436891198158264 0.040534608066082
