0.5345375537872314 0.3243376612663269 -0.2797931134700775 0.9999910593032837
0.543937087059021 0.30700182914733887 -0.24684171378612518 0.999971866607666
0.5486099720001221 0.30776679515838623 -0.24697081744670868 0.9999866485595703
0.5524276494979858 0.30866408348083496 -0.24701698124408722 0.9999765157699585
0.5263286232948303 0.30630528926849365 -0.2554353177547455 0.9999712705612183
0.5200837850570679 0.30687570571899414 -0.25550588965415955 0.9999843835830688
0.514390766620636 0.3076767325401306 -0.255708247423172 0.9999738931655884
0.5587856769561768 0.3230654001235962 -0.08058186620473862 0.9999794960021973
0.5052862167358398 0.3249150514602661 -0.12009204924106598 0.9999955892562866
0.5456077456474304 0.35345423221588135 -0.219468355178833 0.9999905824661255
0.5223251581192017 0.35304224491119385 -0.23146933317184448 0.9999942779541016
0.60140061378479 0.4888715445995331 0.020292002707719803 0.999988317489624
0.457155704498291 0.4840996563434601 -0.020864520221948624 0.99997878074646
0.6607704162597656 0.6571383476257324 -0.129275843501091 0.9994114637374878
0.42747414112091064 0.6922478079795837 0.054298508912324905 0.9964911341667175
0.6962465047836304 0.522051215171814 -0.43702659010887146 0.998779833316803
0.40806809067726135 0.8773483633995056 -0.0041243708692491055 0.986814022064209
0.7077575325965881 0.4726015627384186 -0.49032312631607056 0.9945269227027893
0.39504677057266235 0.9414899945259094 -0.014406480826437473 0.9608997702598572
0.7005491256713867 0.4543452858924866 -0.47338566184043884 0.9945066571235657
0.40098443627357483 0.9514217972755432 -0.051020655781030655 0.9657197594642639
0.6934866309165955 0.46540966629981995 -0.4396229684352875 0.9942681789398193
0.4084538221359253 0.9325492978096008 -0.017985520884394646 0.971001148223877
0.585426926612854 0.8319791555404663 0.012084492482244968 0.9976387023925781
0.48280069231987 0.8435555100440979 -0.010853237472474575 0.9978892207145691
0.6018775701522827 1.1356767416000366 -0.15336032211780548 0.21317124366760254
0.47600725293159485 1.0908492803573608 -0.3262290060520172 0.3754824101924896
0.6093325018882751 1.3887991905212402 0.09750233590602875 0.0009680395596660674
0.4761851131916046 1.3717665672302246 -0.13787950575351715 0.004776221700012684
0.6134630441665649 1.4283233880996704 0.11344988644123077 0.0033627685625106096
0.472467839717865 1.4177563190460205 -0.12576541304588318 0.010608783923089504
0.5933932065963745 1.481104850769043 -0.06001714989542961 0.0006551650585606694
0.4896453320980072 1.4546175003051758 -0.333010196685791 0.004918198566883802
