0.5386108160018921 0.32756203413009644 -0.2672898471355438 0.9999953508377075
0.5455811619758606 0.3059738278388977 -0.2331215888261795 0.9999867677688599
0.5498000383377075 0.30641257762908936 -0.23336662352085114 0.9999916553497314
0.5529161095619202 0.3072702884674072 -0.23352427780628204 0.9999890327453613
0.5288981795310974 0.3077961206436157 -0.24109011888504028 0.9999830722808838
0.5226317048072815 0.3096163868904114 -0.24115833640098572 0.9999871253967285
0.5169914960861206 0.3118276596069336 -0.24133716523647308 0.9999817609786987
0.5575317144393921 0.3244051933288574 -0.05692707747220993 0.9999886751174927
0.5068032741546631 0.3270214796066284 -0.09290630370378494 0.9999895095825195
0.5483526587486267 0.35657399892807007 -0.20210647583007812 0.9999949932098389
0.5263769030570984 0.3581547737121582 -0.21267126500606537 0.9999954700469971
0.6025278568267822 0.4915982782840729 0.04240718111395836 0.9999874830245972
0.4572850167751312 0.4844928979873657 -0.0005083432770334184 0.9999340772628784
0.6419941186904907 0.6745492219924927 -0.03679082915186882 0.9907360672950745
0.42770087718963623 0.6955696940422058 0.014280579052865505 0.9880262017250061
0.7056397199630737 0.715840220451355 -0.37011390924453735 0.9892897009849548
0.4092522859573364 0.8790085315704346 -0.12154808640480042 0.9294408559799194
0.7283597588539124 0.7474791407585144 -0.4330275356769562 0.9753112196922302
0.3947405517101288 0.9406766295433044 -0.15048938989639282 0.8571790456771851
0.7264049649238586 0.7203617691993713 -0.4559282660484314 0.9797701835632324
0.40278834104537964 0.9506640434265137 -0.19382408261299133 0.872174084186554
0.7173081636428833 0.7090945243835449 -0.38857734203338623 0.9727429151535034
0.410775750875473 0.932482898235321 -0.13977356255054474 0.8611890077590942
0.585866391658783 0.8284549713134766 0.003497147234156728 0.9943766593933105
0.4827088415622711 0.8342445492744446 -0.0028084462974220514 0.9922776222229004
0.621483564376831 1.0242785215377808 -0.3788647949695587 0.8678451180458069
0.48184072971343994 1.0812963247299194 -0.3863929212093353 0.8389151692390442
0.6027634739875793 1.3139245510101318 -0.12641631066799164 0.3530921936035156
0.4867534041404724 1.348172903060913 -0.21912293136119843 0.4407431483268738
0.6005144119262695 1.3464754819869995 -0.10983317345380783 0.38765430450439453
0.4875355362892151 1.387242317199707 -0.21058472990989685 0.3293834626674652
0.5975179076194763 1.406542181968689 -0.29020315408706665 0.24249471724033356
0.4936543107032776 1.4313265085220337 -0.42501774430274963 0.29632896184921265
