0.5436909198760986 0.32719892263412476 -0.1576806902885437 0.9999958276748657
0.55026775598526 0.30840182304382324 -0.13024665415287018 0.9999783039093018
0.5544537901878357 0.309326708316803 -0.13012583553791046 0.9999895095825195
0.5592076778411865 0.310799777507782 -0.13007459044456482 0.9999827146530151
0.5325740575790405 0.30747824907302856 -0.13863229751586914 0.9999815225601196
0.5253843069076538 0.30805468559265137 -0.13897687196731567 0.9999916553497314
0.5191593766212463 0.3087894320487976 -0.13903358578681946 0.9999855756759644
0.5625579357147217 0.32771289348602295 -0.0010635830694809556 0.9999927282333374
0.5083496570587158 0.3280750513076782 -0.04465143382549286 0.9999954700469971
0.5513617992401123 0.35671383142471313 -0.11029928177595139 0.9999815225601196
0.5303767919540405 0.35677456855773926 -0.12368743866682053 0.9999781847000122
0.5999419689178467 0.48533201217651367 0.07203030586242676 0.9999860525131226
0.46116724610328674 0.4777664840221405 -0.020308416336774826 0.9999755620956421
0.6469091176986694 0.6607522964477539 0.020153475925326347 0.9971352815628052
0.4235365688800812 0.6735396385192871 -0.2228027731180191 0.997175931930542
0.6638390421867371 0.4626467227935791 -0.08642252534627914 0.9999614953994751
0.41231784224510193 0.4909490644931793 -0.4821840226650238 0.9999886751174927
0.6674927473068237 0.41149476170539856 -0.1024077832698822 0.9998458623886108
0.40171918272972107 0.4345783591270447 -0.5302788019180298 0.9999560117721558
0.6637195348739624 0.39799168705940247 -0.08168888092041016 0.9998038411140442
0.40383365750312805 0.4198268949985504 -0.5092087984085083 0.9999463558197021
0.6617535948753357 0.41500380635261536 -0.08234596252441406 0.9998247027397156
0.4090389013290405 0.4359310567378998 -0.48430192470550537 0.9999452829360962
0.5899780988693237 0.8171584606170654 0.03001553751528263 0.999729573726654
0.48470985889434814 0.8240512609481812 -0.028883127495646477 0.9997400641441345
0.5926106572151184 1.0972461700439453 0.10494513064622879 0.5750730037689209
0.4934934675693512 1.0976296663284302 0.08755391091108322 0.3949628472328186
0.5977059602737427 1.337433099746704 0.3856026530265808 0.0009078861330635846
0.493789941072464 1.3533300161361694 0.3526778519153595 0.00198546820320189
0.5995191931724548 1.3808579444885254 0.40954381227493286 0.007278196047991514
0.49119389057159424 1.3983955383300781 0.3756934106349945 0.004705292172729969
0.5862253308296204 1.4281024932861328 0.26238691806793213 0.0005439340020529926
0.5046660900115967 1.4382996559143066 0.19831372797489166 0.0012829485349357128
