0.5435969829559326 0.33333027362823486 -0.22007699310779572 0.99997878074646
0.5485485196113586 0.3146701455116272 -0.19586493074893951 0.9999656677246094
0.5525111556053162 0.31515181064605713 -0.19583477079868317 0.9999724626541138
0.556776762008667 0.3159118890762329 -0.19581153988838196 0.999969482421875
0.5347912311553955 0.31398576498031616 -0.20579318702220917 0.9999667406082153
0.5281564593315125 0.3143119812011719 -0.20586007833480835 0.9999685287475586
0.5217477679252625 0.3149365782737732 -0.20605196058750153 0.9999651908874512
0.5604482889175415 0.3283698558807373 -0.0604516975581646 0.9999688863754272
0.5099326968193054 0.3295093774795532 -0.10708384960889816 0.9999871253967285
0.5503252744674683 0.3608691692352295 -0.1689479500055313 0.999974250793457
0.5337827205657959 0.3581392765045166 -0.18301956355571747 0.9999849796295166
0.5926616191864014 0.487930566072464 0.0060589928179979324 0.999944806098938
0.45994484424591064 0.4831436574459076 -0.04956197366118431 0.9998900890350342
0.6347972750663757 0.6339917182922363 -0.1378122717142105 0.9995545744895935
0.42861711978912354 0.6795204877853394 -0.13411985337734222 0.9987583160400391
0.608181357383728 0.4394460916519165 -0.3669460415840149 0.9998511075973511
0.48690271377563477 0.7297661304473877 -0.2695944011211395 0.9984670281410217
0.6076364517211914 0.3843662738800049 -0.41890403628349304 0.9990936517715454
0.5086065530776978 0.7615929245948792 -0.2997927963733673 0.993619978427887
0.6067747473716736 0.3725208044052124 -0.38615700602531433 0.998853325843811
0.5158954858779907 0.7363860011100769 -0.29273250699043274 0.9932023882865906
0.6024028062820435 0.39389768242836 -0.3595821261405945 0.9991268515586853
0.5102640390396118 0.7264177203178406 -0.26736268401145935 0.9945762157440186
0.5867518186569214 0.827531635761261 0.0146740498021245 0.9998185038566589
0.4871346652507782 0.8449670076370239 -0.013309200294315815 0.9997369647026062
0.6024788618087769 1.1068627834320068 0.034866344183683395 0.049016837030649185
0.49579891562461853 1.1105016469955444 0.08174553513526917 0.04064050316810608
0.6052573323249817 1.3466663360595703 0.336519330739975 3.085853313677944e-05
0.49577197432518005 1.3460760116577148 0.3712195158004761 0.00014916056534275413
0.608268678188324 1.3878296613693237 0.3625645935535431 0.00017865894187707454
0.49031147360801697 1.3913419246673584 0.39675912261009216 0.000308373651932925
0.592848002910614 1.4383141994476318 0.22520114481449127 5.479983883560635e-05
0.5144102573394775 1.4226641654968262 0.24354152381420135 0.0002122835285263136
