0.5434266924858093 0.33290547132492065 -0.23899365961551666 0.9999837875366211
0.546422004699707 0.312053382396698 -0.21304059028625488 0.9999723434448242
0.5496618151664734 0.3125063180923462 -0.21302689611911774 0.9999778270721436
0.5533092021942139 0.3133622407913208 -0.21301837265491486 0.9999732971191406
0.5325537323951721 0.31202393770217896 -0.22285941243171692 0.9999740123748779
0.5264896154403687 0.31276267766952515 -0.22288082540035248 0.9999765157699585
0.5208715796470642 0.3137602210044861 -0.2230343222618103 0.9999719858169556
0.5566083788871765 0.32906603813171387 -0.0689423456788063 0.9999792575836182
0.5091392993927002 0.3321572542190552 -0.11442826688289642 0.9999909400939941
0.5507341027259827 0.35989856719970703 -0.1846732348203659 0.9999847412109375
0.5330957770347595 0.3590719699859619 -0.19847379624843597 0.9999905824661255
0.5886496901512146 0.4796578288078308 0.002073445590212941 0.9999692440032959
0.46143844723701477 0.4789636731147766 -0.03723946958780289 0.9999170303344727
0.6332337260246277 0.6196357011795044 -0.14876194298267365 0.999658465385437
0.4306883215904236 0.6667256951332092 -0.04787921905517578 0.9980295300483704
0.5933382511138916 0.43785080313682556 -0.3977425992488861 0.9996404647827148
0.4789506793022156 0.7617735862731934 -0.1216113343834877 0.994632363319397
0.5911502838134766 0.3792676329612732 -0.4536378085613251 0.9980990290641785
0.4998353123664856 0.7951088547706604 -0.14106597006320953 0.982548177242279
0.5868301391601562 0.3706863522529602 -0.4174003601074219 0.9977207779884338
0.5072576999664307 0.7721883058547974 -0.14265336096286774 0.982720136642456
0.5822197794914246 0.39256390929222107 -0.3896492123603821 0.9980067610740662
0.5029770731925964 0.7593576908111572 -0.12083911895751953 0.9860594868659973
0.5852940678596497 0.8045605421066284 0.010814505629241467 0.9998586177825928
0.4930817484855652 0.8249537348747253 -0.009479743428528309 0.9997231364250183
0.6053564548492432 1.0641947984695435 -0.09222457557916641 0.20464028418064117
0.5037677884101868 1.0746808052062988 0.03743923828005791 0.12523238360881805
0.6007317900657654 1.2897741794586182 0.21570001542568207 0.00016098361811600626
0.4998423159122467 1.3014131784439087 0.3042488396167755 0.0005291590932756662
0.6020194888114929 1.3237111568450928 0.24258515238761902 0.0007338217692449689
0.4938569664955139 1.3431823253631592 0.32625141739845276 0.0013561666710302234
0.5875718593597412 1.38314688205719 0.09887821227312088 0.00018088625802192837
0.5144892334938049 1.3749234676361084 0.1675236076116562 0.000577000726480037
