0.5421304106712341 0.3268502354621887 -0.25637564063072205 0.9999963045120239
0.5483433604240417 0.30847328901290894 -0.2266073226928711 0.9999924898147583
0.5526575446128845 0.3091467618942261 -0.22665473818778992 0.9999957084655762
0.5577531456947327 0.31008344888687134 -0.22658611834049225 0.9999927282333374
0.5321685671806335 0.30785995721817017 -0.23396457731723785 0.9999915361404419
0.5253986120223999 0.3084990382194519 -0.233989879488945 0.9999938011169434
0.5194783806800842 0.30977892875671387 -0.23420442640781403 0.9999886751174927
0.5610674023628235 0.3228856325149536 -0.0666055679321289 0.9999954700469971
0.5086798071861267 0.3243991732597351 -0.1027289554476738 0.9999970197677612
0.5504787564277649 0.3596917986869812 -0.19800521433353424 0.9999951124191284
0.5312488079071045 0.3601534366607666 -0.20898079872131348 0.9999955892562866
0.6037670373916626 0.48202988505363464 0.01413645502179861 0.9999897480010986
0.4591429829597473 0.4803837537765503 -0.02098303660750389 0.9999523162841797
0.6418138146400452 0.6562369465827942 -0.13363975286483765 0.9997957348823547
0.42689913511276245 0.683568000793457 -0.09708774834871292 0.9993643164634705
0.6603582501411438 0.4985358417034149 -0.4429469406604767 0.9999183416366577
0.46332234144210815 0.7818408012390137 -0.2960587441921234 0.9989449381828308
0.6664412021636963 0.4411132335662842 -0.5052924752235413 0.9996376037597656
0.4803653955459595 0.8163644075393677 -0.327839732170105 0.996728777885437
0.6628250479698181 0.42395031452178955 -0.4846826493740082 0.9995900988578796
0.4891666769981384 0.7905309200286865 -0.3298170268535614 0.9966758489608765
0.6579633355140686 0.4392865002155304 -0.44175323843955994 0.9996123909950256
0.48640257120132446 0.7781378030776978 -0.2976187765598297 0.9971753358840942
0.591858983039856 0.8340219259262085 -5.116982356412336e-05 0.9998536109924316
0.4874681234359741 0.8552406430244446 0.0016413258854299784 0.9997034668922424
0.6028215289115906 1.1136566400527954 -0.1292182356119156 0.1292952299118042
0.4918423295021057 1.144979476928711 0.07226153463125229 0.0645148977637291
0.5993627905845642 1.3690484762191772 0.12897339463233948 9.753368067322299e-05
0.48722949624061584 1.3702619075775146 0.40875062346458435 0.00010865408694371581
0.602744996547699 1.4081809520721436 0.15071584284305573 0.0005234734853729606
0.4808386564254761 1.4093549251556396 0.43913668394088745 0.00046125706285238266
0.5838086009025574 1.4651061296463013 0.0014411945594474673 6.790558836655691e-05
0.5071709156036377 1.448972225189209 0.28964272141456604 0.000124553800560534
