0.5359011888504028 0.3722110390663147 -0.5621727705001831 0.9998441934585571
0.544694185256958 0.34854185581207275 -0.5379559993743896 0.999859094619751
0.5490261316299438 0.3492657542228699 -0.538054883480072 0.9998922348022461
0.5533427000045776 0.34981077909469604 -0.5383113026618958 0.9998672008514404
0.5267564058303833 0.346280574798584 -0.5410562753677368 0.9998534917831421
0.5199783444404602 0.346052885055542 -0.541143000125885 0.9998778104782104
0.5140700936317444 0.3464128375053406 -0.5412410497665405 0.9998304843902588
0.5604730248451233 0.3588196039199829 -0.3739550709724426 0.9998726844787598
0.5036808252334595 0.3573811650276184 -0.3902687132358551 0.9998975992202759
0.5447635054588318 0.3996885418891907 -0.49926063418388367 0.9999510049819946
0.5235202312469482 0.39921510219573975 -0.5040014386177063 0.9999674558639526
0.6030488610267639 0.49868667125701904 -0.283726304769516 0.9999324083328247
0.4570696949958801 0.49119889736175537 -0.2906847596168518 0.999776303768158
0.6396402716636658 0.6975967288017273 -0.4634903073310852 0.9972352385520935
0.4184573292732239 0.6836885213851929 -0.5174943208694458 0.9954546689987183
0.5944663882255554 0.6260626316070557 -0.800814688205719 0.9968810081481934
0.4880125820636749 0.6128336191177368 -0.8406140804290771 0.9964273571968079
0.5732784867286682 0.6156753897666931 -0.8734816312789917 0.9917200803756714
0.5123209953308105 0.6080091595649719 -0.9033329486846924 0.9889093041419983
0.5720214247703552 0.5808187127113342 -0.848444938659668 0.9916280508041382
0.5138938426971436 0.5799468755722046 -0.8762888312339783 0.9868113398551941
0.5740987062454224 0.5818393230438232 -0.7952204942703247 0.9836339950561523
0.5096753239631653 0.5784597396850586 -0.8327885866165161 0.9782763123512268
0.5869797468185425 0.8090072870254517 0.007630836684256792 0.9761063456535339
0.4842584431171417 0.8204111456871033 -0.007594847120344639 0.9719669222831726
0.7030658721923828 0.9963971376419067 -0.23913578689098358 0.9399552345275879
0.40998488664627075 1.0103425979614258 -0.2404126226902008 0.8990668058395386
0.6181970834732056 1.1377804279327393 0.15916451811790466 0.2017856240272522
0.4498620927333832 1.15757417678833 0.10171680897474289 0.15556715428829193
0.6001383066177368 1.1348652839660645 0.198747918009758 0.1608944684267044
0.4549632966518402 1.1672987937927246 0.13495776057243347 0.08995506912469864
0.603242814540863 1.2288775444030762 0.1280781775712967 0.08165585249662399
0.46529504656791687 1.2299116849899292 0.04416440799832344 0.0518743060529232
