0.5349177122116089 0.3796435296535492 -0.14542651176452637 0.9999570846557617
0.5431680679321289 0.35609352588653564 -0.11804261803627014 0.9999681711196899
0.5475727915763855 0.35693496465682983 -0.11813502758741379 0.9999618530273438
0.5522065758705139 0.35763680934906006 -0.11833108961582184 0.9999655485153198
0.5260049104690552 0.353743314743042 -0.12069090455770493 0.9999685287475586
0.5192270874977112 0.3530731201171875 -0.12067139893770218 0.9999592304229736
0.5135409832000732 0.35285472869873047 -0.12083318084478378 0.999968409538269
0.5601925253868103 0.37010693550109863 0.023879926651716232 0.9999667406082153
0.5042418241500854 0.3648459315299988 0.010570134036242962 0.9999868869781494
0.5445360541343689 0.40827956795692444 -0.09101235121488571 0.9999731779098511
0.5225656032562256 0.40572282671928406 -0.0951264351606369 0.999987006187439
0.5968044996261597 0.495951384305954 0.07680824398994446 0.9998704195022583
0.45850589871406555 0.49687647819519043 0.05646165460348129 0.9998292922973633
0.6266481876373291 0.6750888228416443 -0.08489877730607986 0.9923979640007019
0.42782533168792725 0.679409384727478 -0.07221033424139023 0.9907529354095459
0.5840778946876526 0.49241113662719727 -0.34886959195137024 0.9966325163841248
0.49460139870643616 0.70241379737854 -0.2526586353778839 0.983782947063446
0.5758533477783203 0.44581878185272217 -0.40757229924201965 0.991292417049408
0.5170602202415466 0.7289494872093201 -0.2903856635093689 0.959409236907959
0.5759273171424866 0.43237683176994324 -0.3765379786491394 0.9904611706733704
0.5258944034576416 0.7042739987373352 -0.2748415768146515 0.9573564529418945
0.5749477744102478 0.4496302306652069 -0.34141191840171814 0.9848896861076355
0.5209025144577026 0.6941896677017212 -0.2469453364610672 0.945861279964447
0.594805896282196 0.8230012059211731 0.0016348905628547072 0.9955055713653564
0.49008533358573914 0.8331158757209778 -0.0013756639091297984 0.9941673278808594
0.6890620589256287 0.986524224281311 -0.19009317457675934 0.957254946231842
0.41121751070022583 1.0169798135757446 -0.15062135457992554 0.8653618097305298
0.6218599081039429 1.1786493062973022 0.13454264402389526 0.3914611339569092
0.4940144717693329 1.1693353652954102 0.15012405812740326 0.15391060709953308
0.604796826839447 1.1871962547302246 0.16889537870883942 0.36129021644592285
0.5062755942344666 1.1786587238311768 0.18301932513713837 0.16922737658023834
0.6174010634422302 1.283886194229126 0.09731921553611755 0.247076153755188
0.49890071153640747 1.246145248413086 0.11673741787672043 0.06778352707624435
