0.53619784116745 0.3679414391517639 -0.4353329837322235 0.9999533891677856
0.543781042098999 0.3463298976421356 -0.4098343551158905 0.9999604225158691
0.5478823184967041 0.34746024012565613 -0.40991318225860596 0.9999607801437378
0.5524064898490906 0.34857016801834106 -0.41010782122612 0.9999550580978394
0.5266251564025879 0.34573182463645935 -0.41340020298957825 0.9999618530273438
0.5200403928756714 0.3464198410511017 -0.41340360045433044 0.9999557733535767
0.513710081577301 0.3472781479358673 -0.4134941101074219 0.9999485015869141
0.558183491230011 0.36396968364715576 -0.25464513897895813 0.9999656677246094
0.5051395893096924 0.36362722516059875 -0.272147536277771 0.9999817609786987
0.5447765588760376 0.395650178194046 -0.3770330548286438 0.9999895095825195
0.5237686038017273 0.39536118507385254 -0.3821128010749817 0.999992847442627
0.5987500548362732 0.5126222372055054 -0.1574588418006897 0.9998952150344849
0.457313597202301 0.5046939849853516 -0.18837642669677734 0.9998551607131958
0.6310451626777649 0.7070110440254211 -0.2885001003742218 0.994932234287262
0.42390960454940796 0.6729617118835449 -0.29663264751434326 0.9928856492042542
0.5946439504623413 0.6684074401855469 -0.6196398138999939 0.9914304614067078
0.47752198576927185 0.7380936145782471 -0.5276857614517212 0.9586084485054016
0.5817722678184509 0.662244975566864 -0.6912271976470947 0.9803938865661621
0.49731019139289856 0.7647241950035095 -0.5791224241256714 0.9200908541679382
0.5798513293266296 0.6309863328933716 -0.6772426962852478 0.979923665523529
0.5058093070983887 0.7369018793106079 -0.5786842703819275 0.9166110754013062
0.5799501538276672 0.6275533437728882 -0.6192194223403931 0.964773952960968
0.5027860999107361 0.7243785262107849 -0.5292031764984131 0.8856409788131714
0.5848028659820557 0.8183984160423279 0.01007656566798687 0.9917612075805664
0.48299720883369446 0.8312483429908752 -0.009831329807639122 0.9889904260635376
0.6894744634628296 0.9807541370391846 -0.24250207841396332 0.957851231098175
0.41914859414100647 1.0158530473709106 -0.20733478665351868 0.928479790687561
0.6286748647689819 1.1822104454040527 0.00034040817990899086 0.5789157748222351
0.5053665041923523 1.1574267148971558 0.10555674135684967 0.15198278427124023
0.6113070249557495 1.20481276512146 0.02188558503985405 0.5336880087852478
0.5179017186164856 1.1654936075210571 0.135243758559227 0.14852719008922577
0.6403223276138306 1.267765998840332 -0.09268638491630554 0.36681222915649414
0.513496458530426 1.2234159708023071 0.04809058830142021 0.0618143305182457
