0.5500780940055847 0.31951284408569336 -0.34484004974365234 0.9987161159515381
0.5593515634536743 0.3018951416015625 -0.3180280029773712 0.9987271428108215
0.5645592212677002 0.3030282258987427 -0.31808656454086304 0.9987461566925049
0.5698580145835876 0.30467408895492554 -0.31830745935440063 0.9985176920890808
0.5410006046295166 0.30028730630874634 -0.3186641335487366 0.998410701751709
0.5347378849983215 0.3006085157394409 -0.3187008202075958 0.9983623623847961
0.5292211174964905 0.3012753129005432 -0.3188151717185974 0.9982722997665405
0.5767309069633484 0.321262925863266 -0.16553010046482086 0.9989435076713562
0.5212753415107727 0.31956982612609863 -0.16969020664691925 0.9987080097198486
0.560286819934845 0.3501480519771576 -0.2866904139518738 0.9996473789215088
0.5382768511772156 0.34573933482170105 -0.28831589221954346 0.9996950626373291
0.6084075570106506 0.46899449825286865 -0.09183091670274734 0.9991611242294312
0.48161113262176514 0.4680488705635071 -0.0993562713265419 0.9986892342567444
0.6420474648475647 0.6669785976409912 -0.2820318937301636 0.9876498579978943
0.45448118448257446 0.6624654531478882 -0.31477484107017517 0.9723194241523743
0.5815185308456421 0.5454308986663818 -0.5616054534912109 0.9860471487045288
0.5111507773399353 0.5705550909042358 -0.6074746251106262 0.9831715226173401
0.5616821646690369 0.5020288228988647 -0.6200062036514282 0.960125207901001
0.5290384292602539 0.54248046875 -0.6609375476837158 0.9533928632736206
0.5614584684371948 0.46919021010398865 -0.5797117948532104 0.9573453068733215
0.5271051526069641 0.5059783458709717 -0.6323848962783813 0.9456645250320435
0.5647534728050232 0.47697940468788147 -0.5500180125236511 0.9418361783027649
0.5247975587844849 0.5130512118339539 -0.6001020669937134 0.9240034818649292
0.5920181274414062 0.7895817160606384 0.012071892619132996 0.9950215816497803
0.4948287904262543 0.7851213812828064 -0.011564640328288078 0.9932934045791626
0.6358209252357483 1.004415512084961 -0.353298544883728 0.815801739692688
0.4836428761482239 1.0139243602752686 -0.34730264544487 0.7199671864509583
0.606483519077301 1.1614689826965332 0.04537776857614517 0.026159772649407387
0.4869493842124939 1.2058929204940796 0.0014304437208920717 0.029049761593341827
0.598575234413147 1.1782076358795166 0.08290461450815201 0.054285984486341476
0.4890657365322113 1.2328736782073975 0.03306417167186737 0.022131040692329407
0.6027629375457764 1.2569979429244995 -0.022668881341814995 0.016959087923169136
0.49268341064453125 1.2941464185714722 -0.10440972447395325 0.01640504039824009
