0.5481269359588623 0.3428443670272827 -0.5858436226844788 0.9996017813682556
0.5573768019676208 0.3204106390476227 -0.5584043264389038 0.9992246627807617
0.5630864500999451 0.32075250148773193 -0.5584433674812317 0.9994068145751953
0.5675184726715088 0.32153353095054626 -0.5586156845092773 0.9989494681358337
0.5398921966552734 0.3209739923477173 -0.5568925142288208 0.9991722106933594
0.5340855121612549 0.3217432498931885 -0.5571645498275757 0.9994187355041504
0.5297911763191223 0.32298731803894043 -0.5573133826255798 0.9992530941963196
0.5767945647239685 0.3385479152202606 -0.38182780146598816 0.9993534684181213
0.5215368270874023 0.3406446576118469 -0.3756919205188751 0.9997637867927551
0.5602045655250549 0.37005338072776794 -0.5193471908569336 0.9998146891593933
0.5371435880661011 0.3726370632648468 -0.5182022452354431 0.9997997879981995
0.6203457117080688 0.4643470346927643 -0.27603957056999207 0.9994377493858337
0.48173657059669495 0.47752776741981506 -0.2601202726364136 0.9994745850563049
0.6801979541778564 0.6609440445899963 -0.583375096321106 0.9994685053825378
0.43978822231292725 0.679306149482727 -0.513171374797821 0.9971789121627808
0.6447473168373108 0.5060380697250366 -0.9643895030021667 0.9991193413734436
0.466337651014328 0.5131112337112427 -0.8975948095321655 0.9995511174201965
0.6288889646530151 0.45489320158958435 -1.0302733182907104 0.9951969981193542
0.4753488600254059 0.4721618592739105 -0.9642930626869202 0.9976898431777954
0.6283161044120789 0.4370783567428589 -0.9854653477668762 0.9945336580276489
0.47628819942474365 0.44963622093200684 -0.9247490167617798 0.9972068667411804
0.6289108991622925 0.45084571838378906 -0.9533581137657166 0.9920421242713928
0.4756747782230377 0.46496906876564026 -0.88909512758255 0.9956176280975342
0.6053884029388428 0.786239743232727 0.0026191549841314554 0.9989500641822815
0.5091230869293213 0.7870931625366211 -0.002279467647895217 0.9997896552085876
0.6192318201065063 1.0541255474090576 -0.165800541639328 0.5934217572212219
0.49130943417549133 1.0070210695266724 -0.33155328035354614 0.7140714526176453
0.6167723536491394 1.1657143831253052 0.3397839367389679 0.0008334573940373957
0.49610885977745056 1.1836838722229004 0.13762153685092926 0.00863627064973116
0.6176532506942749 1.182034969329834 0.3853326141834259 0.003986681345850229
0.49853911995887756 1.2116304636001587 0.17938153445720673 0.007356401067227125
0.6070774793624878 1.2466164827346802 0.26559484004974365 0.0009338732925243676
0.49921733140945435 1.2674293518066406 0.020360559225082397 0.008563948795199394
