0.5504812002182007 0.34337231516838074 -0.5352264642715454 0.9999961853027344
0.5588995218276978 0.3221368193626404 -0.5097058415412903 0.9999934434890747
0.5637047290802002 0.3231116533279419 -0.509793221950531 0.9999943971633911
0.5693262815475464 0.3241702914237976 -0.5099069476127625 0.9999895095825195
0.540566623210907 0.3218432068824768 -0.5107044577598572 0.9999939203262329
0.5341573357582092 0.32322776317596436 -0.5108482837677002 0.9999951124191284
0.5286471247673035 0.3250073790550232 -0.5110442042350769 0.9999938011169434
0.5787140130996704 0.34098902344703674 -0.34114429354667664 0.9999934434890747
0.5212932825088501 0.34463751316070557 -0.34895235300064087 0.9999985694885254
0.5618051886558533 0.37523919343948364 -0.47151756286621094 0.9999991655349731
0.5389119386672974 0.3749205768108368 -0.4741096496582031 0.9999995231628418
0.6199252009391785 0.48240581154823303 -0.22125549614429474 0.9999819993972778
0.48145225644111633 0.4915349781513214 -0.21593572199344635 0.9999840259552002
0.6813853979110718 0.6781630516052246 -0.3329901397228241 0.9993816614151001
0.4325776696205139 0.696818470954895 -0.3516983985900879 0.9992161989212036
0.6923606395721436 0.6730958223342896 -0.6700969934463501 0.9996125102043152
0.4489927887916565 0.6575590372085571 -0.7366785407066345 0.999915599822998
0.6907249093055725 0.6627663373947144 -0.7368680834770203 0.998521625995636
0.4591910243034363 0.64226895570755 -0.8082455992698669 0.9996793270111084
0.6891531348228455 0.6360530853271484 -0.7391159534454346 0.9987323880195618
0.45813968777656555 0.6078324317932129 -0.8041231632232666 0.9996703863143921
0.6852645874023438 0.6377391219139099 -0.6766567826271057 0.9983344674110413
0.45777466893196106 0.6111419796943665 -0.7413557171821594 0.9995092153549194
0.6067737340927124 0.7935895323753357 0.0005647146608680487 0.9993029832839966
0.5097668170928955 0.7952289581298828 0.00012452152441255748 0.9998828172683716
0.6166519522666931 1.0538934469223022 -0.1709282547235489 0.6142435669898987
0.49858787655830383 0.982175350189209 -0.45743033289909363 0.8490088582038879
0.6165339946746826 1.2102504968643188 0.30462202429771423 0.0005861329264007509
0.5001534223556519 1.2193912267684937 -0.04521876946091652 0.008375141769647598
0.6162884831428528 1.2350736856460571 0.34358853101730347 0.0015473068924620748
0.5026233792304993 1.2535061836242676 -0.010551737621426582 0.005831644870340824
0.6107730269432068 1.3053840398788452 0.20530027151107788 0.0003365912998560816
0.5042393207550049 1.2995829582214355 -0.19335147738456726 0.0049123442731797695
