0.55547034740448 0.33450114727020264 -0.4937266409397125 0.9999840259552002
0.5626080632209778 0.3137317895889282 -0.4629105031490326 0.9999700784683228
0.5667805075645447 0.314179003238678 -0.46303483843803406 0.9999779462814331
0.5715011954307556 0.31462711095809937 -0.46323907375335693 0.9999666213989258
0.5453432202339172 0.3128954768180847 -0.465677946805954 0.999957799911499
0.539023220539093 0.31308579444885254 -0.4657101631164551 0.9999604225158691
0.5330349206924438 0.31360751390457153 -0.46579352021217346 0.9999336004257202
0.5773283243179321 0.3264826536178589 -0.27917614579200745 0.9999786615371704
0.523731529712677 0.32834458351135254 -0.29510197043418884 0.9999796152114868
0.5642723441123962 0.3602430820465088 -0.42478853464126587 0.9999971389770508
0.5430245995521545 0.3591076135635376 -0.4299938976764679 0.9999972581863403
0.6082964539527893 0.4643961787223816 -0.19612818956375122 0.9999920129776001
0.48142996430397034 0.4763897955417633 -0.15431781113147736 0.9999284744262695
0.6487008333206177 0.6473515629768372 -0.4006681740283966 0.9993420243263245
0.4534994065761566 0.6785134077072144 -0.10670176893472672 0.9653032422065735
0.5840248465538025 0.4998055398464203 -0.7351763844490051 0.9988623857498169
0.4186566472053528 0.8500332236289978 -0.2517680823802948 0.9087444543838501
0.5666571855545044 0.46455511450767517 -0.8054053783416748 0.9952788352966309
0.4060482680797577 0.9068202376365662 -0.2801678478717804 0.8624972105026245
0.567901074886322 0.44467422366142273 -0.7786551117897034 0.994712233543396
0.41203048825263977 0.9129642844200134 -0.3225262761116028 0.872847318649292
0.5695789456367493 0.45170333981513977 -0.729864239692688 0.989512026309967
0.41807204484939575 0.8941453099250793 -0.2700628936290741 0.8489883542060852
0.5901736617088318 0.7861760854721069 0.0019491739803925157 0.9993892908096313
0.4970627427101135 0.7812091112136841 -0.0016926013631746173 0.9983626008033752
0.6308051943778992 0.9726948142051697 -0.4793936610221863 0.8749104142189026
0.4809054136276245 0.9538466930389404 -0.5110331177711487 0.7998542785644531
0.608866810798645 1.0712467432022095 -0.03382270410656929 0.09635958075523376
0.5018110275268555 1.0860140323638916 -0.08505361527204514 0.06756243109703064
0.6040489673614502 1.077328085899353 0.008621289394795895 0.19025678932666779
0.506087064743042 1.0991954803466797 -0.04567445442080498 0.07861196249723434
0.6060082316398621 1.1433985233306885 -0.11598838865756989 0.09279608726501465
0.5117055773735046 1.1590442657470703 -0.1919715851545334 0.05158261954784393
