0.5484101176261902 0.3284567892551422 -0.61688232421875 0.9999905824661255
0.5560478568077087 0.3061581254005432 -0.5847344994544983 0.9999754428863525
0.5607879757881165 0.30599021911621094 -0.5848124027252197 0.9999828338623047
0.5652226209640503 0.30578041076660156 -0.5850307941436768 0.9999724626541138
0.5387998819351196 0.3080412745475769 -0.5885303616523743 0.9999637603759766
0.5330281853675842 0.30922120809555054 -0.5885961055755615 0.9999701976776123
0.5274635553359985 0.31095343828201294 -0.5886800289154053 0.9999451637268066
0.5722757577896118 0.32059961557388306 -0.39054161310195923 0.999981164932251
0.519845187664032 0.3291325271129608 -0.4107484519481659 0.999987006187439
0.5587916970252991 0.354999303817749 -0.5448271036148071 0.9999980926513672
0.5384736657142639 0.35584163665771484 -0.5511972308158875 0.9999980926513672
0.6110352873802185 0.4653831720352173 -0.26960378885269165 0.9999938011169434
0.47920334339141846 0.4834422469139099 -0.25924152135849 0.9999428987503052
0.6712561845779419 0.6405889987945557 -0.4935220181941986 0.9995131492614746
0.4514862895011902 0.6851171851158142 -0.23833231627941132 0.9789685010910034
0.6238238215446472 0.4820161461830139 -0.8486758470535278 0.9979362487792969
0.41674166917800903 0.8580998182296753 -0.38528209924697876 0.913608729839325
0.6123809814453125 0.4455031156539917 -0.9227679967880249 0.9892669916152954
0.4052880108356476 0.9131968021392822 -0.41088756918907166 0.854859471321106
0.6059424877166748 0.43390801548957825 -0.8901343941688538 0.987864077091217
0.41178709268569946 0.9176585078239441 -0.45499223470687866 0.862875759601593
0.6053213477134705 0.44222187995910645 -0.8419799208641052 0.9769350290298462
0.41764867305755615 0.900818407535553 -0.4034854769706726 0.8255189061164856
0.5869519114494324 0.7709394097328186 0.005765095818787813 0.9990234375
0.4958668649196625 0.773186981678009 -0.005433554295450449 0.996809184551239
0.6294244527816772 0.9353305697441101 -0.5770549774169922 0.788597583770752
0.4851897656917572 0.9332095384597778 -0.5585455298423767 0.7062675356864929
0.6119482517242432 1.1080740690231323 -0.22141124308109283 0.0909244567155838
0.5001324415206909 1.115958571434021 -0.21156910061836243 0.05813656747341156
0.605553925037384 1.1320481300354004 -0.1917140930891037 0.22899214923381805
0.50364750623703 1.1385841369628906 -0.18433141708374023 0.07347550243139267
0.6179111003875732 1.1822412014007568 -0.3644550144672394 0.09317540377378464
0.5072988271713257 1.1998295783996582 -0.366217702627182 0.04531855881214142
