0.5494565963745117 0.3301454782485962 -0.6287161707878113 0.999994158744812
0.557318389415741 0.3075636029243469 -0.6000887155532837 0.9999898672103882
0.5618375539779663 0.3074089288711548 -0.600154459476471 0.9999920129776001
0.5665265917778015 0.30720454454421997 -0.6004025936126709 0.9999878406524658
0.5398609042167664 0.3089166283607483 -0.6046380400657654 0.9999861717224121
0.5343829393386841 0.30968356132507324 -0.6046541929244995 0.9999874830245972
0.5291103720664978 0.3109455108642578 -0.6046855449676514 0.9999773502349854
0.5738397240638733 0.3210388422012329 -0.42115601897239685 0.9999927282333374
0.5210500955581665 0.3276504874229431 -0.4433264434337616 0.9999943971633911
0.559973955154419 0.3568333685398102 -0.561704695224762 0.9999992847442627
0.5395439267158508 0.35698190331459045 -0.5684181451797485 0.9999991655349731
0.6131332516670227 0.46460145711898804 -0.32489776611328125 0.9999977350234985
0.4784749150276184 0.48359599709510803 -0.3156576454639435 0.999984622001648
0.6734229922294617 0.6454276442527771 -0.5535076856613159 0.9994939565658569
0.45111706852912903 0.6854597330093384 -0.2972000241279602 0.9753231406211853
0.6285477876663208 0.4918098747730255 -0.89788818359375 0.997546374797821
0.4168110191822052 0.8598094582557678 -0.44125017523765564 0.8888751268386841
0.6164414286613464 0.45865654945373535 -0.9670722484588623 0.9900205135345459
0.4051559567451477 0.9157989025115967 -0.46867722272872925 0.8484962582588196
0.6117660403251648 0.4439961910247803 -0.9355587363243103 0.9884015917778015
0.4108685851097107 0.9209094643592834 -0.5102496147155762 0.8564218878746033
0.6116063594818115 0.4524034857749939 -0.8915002346038818 0.9782987833023071
0.41674837470054626 0.903691291809082 -0.4588896632194519 0.823441743850708
0.5897712707519531 0.7780064940452576 0.007207609713077545 0.9998527765274048
0.49805301427841187 0.7783776521682739 -0.007147522643208504 0.9995751976966858
0.6375407576560974 0.9659625887870789 -0.4714413285255432 0.831166684627533
0.47516801953315735 0.9499698281288147 -0.47003841400146484 0.6967121362686157
0.606211245059967 1.0058672428131104 0.02201172336935997 0.058037158101797104
0.489700049161911 1.0015853643417358 0.02536865323781967 0.024603359401226044
0.60037761926651 0.9999935626983643 0.071987085044384 0.12078168988227844
0.49214160442352295 1.0040839910507202 0.07403097301721573 0.04042863845825195
0.6029689311981201 1.0679203271865845 -0.018342873081564903 0.0555526427924633
0.49830275774002075 1.0577445030212402 -0.021250538527965546 0.02349751815199852
