0.5511594414710999 0.32593855261802673 -0.3156885802745819 0.9999958276748657
0.5596378445625305 0.3049265146255493 -0.28927701711654663 0.9999915361404419
0.5645244121551514 0.30601966381073 -0.2894316017627716 0.9999938011169434
0.5696532726287842 0.30718064308166504 -0.2896293103694916 0.9999909400939941
0.5418582558631897 0.3038121461868286 -0.2921704053878784 0.9999872446060181
0.5354581475257874 0.3042687773704529 -0.29218658804893494 0.9999895095825195
0.5299283862113953 0.3052375316619873 -0.2922694981098175 0.9999850988388062
0.5757426023483276 0.3217044472694397 -0.13840174674987793 0.9999911785125732
0.5212796926498413 0.3228719234466553 -0.15203902125358582 0.9999918937683105
0.5606223344802856 0.35485726594924927 -0.25932690501213074 0.9999985694885254
0.5383241176605225 0.3523101210594177 -0.2634899616241455 0.9999986886978149
0.6129051446914673 0.48330992460250854 -0.054102182388305664 0.9999902248382568
0.4792913794517517 0.477591335773468 -0.07444699853658676 0.9999518394470215
0.6397826075553894 0.6580265760421753 -0.15047185122966766 0.9833453893661499
0.45273879170417786 0.678892195224762 -0.07103194296360016 0.9826835989952087
0.6684273481369019 0.686651885509491 -0.43907466530799866 0.9725906252861023
0.41696956753730774 0.8544359803199768 -0.20845083892345428 0.9441754221916199
0.6798270344734192 0.702976644039154 -0.49562373757362366 0.9469524025917053
0.40429821610450745 0.9110201001167297 -0.23705649375915527 0.9120541214942932
0.6774807572364807 0.6890040040016174 -0.510543167591095 0.9525079727172852
0.41163671016693115 0.9137353301048279 -0.27828073501586914 0.9213698506355286
0.6721458435058594 0.6827359199523926 -0.45109596848487854 0.938328206539154
0.41772815585136414 0.8963730335235596 -0.22608140110969543 0.9135554432868958
0.5865048766136169 0.7827182412147522 0.008993923664093018 0.9982465505599976
0.49428778886795044 0.7802112698554993 -0.008589756675064564 0.9946569204330444
0.6228466629981995 0.9639480113983154 -0.48298296332359314 0.8408605456352234
0.48629841208457947 0.9567302465438843 -0.47695350646972656 0.811121940612793
0.6140953302383423 1.1321618556976318 -0.20863911509513855 0.16009068489074707
0.5016260147094727 1.1181933879852295 -0.2003774344921112 0.10415881127119064
0.6079722046852112 1.1559171676635742 -0.18681104481220245 0.2606503367424011
0.5046808123588562 1.1403751373291016 -0.17679040133953094 0.11166800558567047
0.622606098651886 1.2077258825302124 -0.3256241977214813 0.11244884133338928
0.5094824433326721 1.190250039100647 -0.3264259397983551 0.06677728146314621
