0.5522168874740601 0.3328779339790344 -0.4968468248844147 0.9999681711196899
0.5597774386405945 0.31190693378448486 -0.47131484746932983 0.9999573230743408
0.5640100836753845 0.31215381622314453 -0.4714236855506897 0.999967098236084
0.5691083669662476 0.3126053214073181 -0.4716396629810333 0.9999569654464722
0.5430396795272827 0.3113400936126709 -0.47407200932502747 0.9999382495880127
0.5369044542312622 0.31181997060775757 -0.47405385971069336 0.9999327659606934
0.5314046144485474 0.3124750852584839 -0.47411254048347473 0.9998929500579834
0.5747504830360413 0.3258034586906433 -0.30688852071762085 0.9999712705612183
0.521191418170929 0.327634334564209 -0.32149603962898254 0.9999575614929199
0.5607334971427917 0.3602953255176544 -0.4342745542526245 0.9999946355819702
0.5396061539649963 0.35835087299346924 -0.4387977719306946 0.9999945163726807
0.6058329939842224 0.46403416991233826 -0.23005430400371552 0.9999938011169434
0.47998398542404175 0.4767034947872162 -0.18920479714870453 0.9999516010284424
0.6357285380363464 0.645270586013794 -0.41217613220214844 0.9989355206489563
0.4532381594181061 0.6764726638793945 -0.12607617676258087 0.9710246324539185
0.5800538659095764 0.5109224915504456 -0.7378435134887695 0.9986878037452698
0.41882115602493286 0.8488995432853699 -0.24927645921707153 0.9335565567016602
0.5639028549194336 0.4827546775341034 -0.8054014444351196 0.9953104853630066
0.40682047605514526 0.9053979516029358 -0.27380821108818054 0.8946491479873657
0.5634031295776367 0.46396398544311523 -0.7821325659751892 0.9949563145637512
0.41299450397491455 0.9088975787162781 -0.3131592571735382 0.9052247405052185
0.5658636093139648 0.47090455889701843 -0.7333510518074036 0.990812361240387
0.4184756875038147 0.8902004957199097 -0.2656551003456116 0.8955073952674866
0.5867311358451843 0.7793880105018616 0.007092684507369995 0.9995409250259399
0.49538320302963257 0.779335618019104 -0.006893749814480543 0.9989972710609436
0.6293064951896667 0.9601967334747314 -0.31048884987831116 0.7980390191078186
0.4840852618217468 0.9857715964317322 -0.3019741177558899 0.6650324463844299
0.6089564561843872 0.9974705576896667 0.1677708625793457 0.02811591885983944
0.5061551332473755 1.0437813997268677 0.13481296598911285 0.01908927783370018
0.6043519973754883 0.9888455867767334 0.21805834770202637 0.0641346424818039
0.5078837275505066 1.046569585800171 0.17867495119571686 0.025536833330988884
0.5988205671310425 1.0588324069976807 0.1559692770242691 0.026852218434214592
0.52254718542099 1.099508285522461 0.09008806198835373 0.01675204560160637
