0.5394772291183472 0.358357310295105 -0.20529426634311676 0.9999657869338989
0.5486732125282288 0.335679829120636 -0.18191127479076385 0.9999632835388184
0.5526414513587952 0.3363152742385864 -0.18185538053512573 0.9999642372131348
0.5577783584594727 0.33699148893356323 -0.18192686140537262 0.9999675750732422
0.5320870876312256 0.3347664475440979 -0.18438448011875153 0.9999551773071289
0.5251898765563965 0.3346381187438965 -0.18444932997226715 0.9999490976333618
0.5195467472076416 0.3345850706100464 -0.18457438051700592 0.9999500513076782
0.5640295743942261 0.34927743673324585 -0.04753365367650986 0.9999756813049316
0.5089471936225891 0.34746503829956055 -0.057430267333984375 0.999968409538269
0.5481288433074951 0.38619089126586914 -0.15471601486206055 0.9999802112579346
0.5284128785133362 0.3841704726219177 -0.15813399851322174 0.9999721050262451
0.6003620028495789 0.49971312284469604 -0.012019016779959202 0.9999617338180542
0.4635480046272278 0.4889101982116699 -0.018843811005353928 0.9999157190322876
0.6358639001846313 0.6834454536437988 -0.22275596857070923 0.9985511898994446
0.4448125958442688 0.67695552110672 -0.2160133272409439 0.9974234104156494
0.5803635120391846 0.5441738367080688 -0.49176132678985596 0.9990285634994507
0.5118662714958191 0.568658709526062 -0.4118048846721649 0.9994113445281982
0.5668056011199951 0.5001240968704224 -0.5424488186836243 0.9944818019866943
0.5285371541976929 0.5244209170341492 -0.4505021274089813 0.99641352891922
0.5626702904701233 0.4819351136684418 -0.502292811870575 0.9934297204017639
0.5251234173774719 0.5012751817703247 -0.4120163023471832 0.9956061244010925
0.5636295080184937 0.4952293038368225 -0.4809216260910034 0.9946162104606628
0.523442804813385 0.5160692930221558 -0.3998658061027527 0.996196985244751
0.5861067175865173 0.8260385394096375 0.004337193910032511 0.9998356103897095
0.48263809084892273 0.8373197913169861 -0.0029661154840141535 0.9997530579566956
0.5931004285812378 1.1015876531600952 0.0014016375644132495 0.06878940016031265
0.481714129447937 1.110870599746704 0.11671755462884903 0.0446760468184948
0.5894852876663208 1.3349483013153076 0.3187313973903656 4.797492510988377e-05
0.4824833571910858 1.3372071981430054 0.4338671565055847 9.35811985982582e-05
0.5901774168014526 1.3775429725646973 0.34828904271125793 0.0002744177763815969
0.4789106249809265 1.3791452646255493 0.4623447060585022 9.129545651376247e-05
0.5812639594078064 1.429085612297058 0.2141944020986557 4.789789454662241e-05
0.4954740107059479 1.425154685974121 0.3126201331615448 9.481358574703336e-05
