0.5437427163124084 0.35306471586227417 -0.2655302882194519 0.9999953508377075
0.5521401166915894 0.33133983612060547 -0.240254208445549 0.9999877214431763
0.5564897060394287 0.3324807286262512 -0.2402610182762146 0.9999908208847046
0.5612030029296875 0.33398735523223877 -0.2403344362974167 0.9999853372573853
0.534548819065094 0.3297083377838135 -0.2401386946439743 0.9999861717224121
0.5281116366386414 0.329526424407959 -0.2401772439479828 0.9999872446060181
0.5224770307540894 0.3295941948890686 -0.2403438836336136 0.9999798536300659
0.568375825881958 0.350796103477478 -0.09342412650585175 0.9999897480010986
0.5143057107925415 0.3465076684951782 -0.09657704085111618 0.9999947547912598
0.5538673400878906 0.37978896498680115 -0.2098151594400406 0.9999977350234985
0.531833827495575 0.37770652770996094 -0.21142035722732544 0.9999985694885254
0.601775586605072 0.49380624294281006 -0.03462008386850357 0.9999878406524658
0.4646340012550354 0.4863276183605194 -0.007760734762996435 0.9999744892120361
0.6161812543869019 0.6557893753051758 -0.23942722380161285 0.9988007545471191
0.43303173780441284 0.6694161295890808 -0.06258051842451096 0.9965477585792542
0.5856521129608154 0.5234944820404053 -0.5627197027206421 0.9993755221366882
0.47337523102760315 0.7876526117324829 -0.21669994294643402 0.9918330907821655
0.5761125683784485 0.4692588746547699 -0.6323757767677307 0.9974652528762817
0.4784415364265442 0.8434908986091614 -0.24564939737319946 0.9743408560752869
0.5785742998123169 0.44167137145996094 -0.5981307625770569 0.9973106384277344
0.49652940034866333 0.8307240009307861 -0.2459898591041565 0.9760822653770447
0.5781394243240356 0.4582357108592987 -0.555837869644165 0.9967283010482788
0.4974152445793152 0.8121886253356934 -0.21749435365200043 0.9779644012451172
0.587844729423523 0.8123319149017334 0.00015655173046980053 0.9998725652694702
0.48655223846435547 0.8259661197662354 0.0008848784491419792 0.9997063279151917
0.6075707077980042 1.0442509651184082 -0.28801122307777405 0.6737582087516785
0.4926378130912781 1.0839769840240479 -0.06918483227491379 0.36539509892463684
0.602556049823761 1.2686954736709595 0.04022224247455597 0.0039599561132490635
0.5042317509651184 1.2945879697799683 0.28389063477516174 0.00396082503721118
0.602505624294281 1.3084022998809814 0.06999440491199493 0.012836914509534836
0.503161609172821 1.32960045337677 0.3138137757778168 0.004570517688989639
0.5918694734573364 1.359580397605896 -0.08697053045034409 0.003200388280674815
0.5181043744087219 1.37742018699646 0.15234893560409546 0.002515403786674142
