0.5454531311988831 0.3429242968559265 -0.3163807690143585 0.9915446043014526
0.5528810024261475 0.3220544159412384 -0.28509756922721863 0.9904346466064453
0.5575220584869385 0.32269981503486633 -0.2852039337158203 0.9886490106582642
0.5624240040779114 0.32404711842536926 -0.28536203503608704 0.9881163835525513
0.5360292792320251 0.3239138424396515 -0.2875996530056 0.9903387427330017
0.5300548672676086 0.32591959834098816 -0.2877381145954132 0.9888302683830261
0.5248091220855713 0.3288642168045044 -0.2879105508327484 0.9894667267799377
0.572041928768158 0.34383121132850647 -0.12401183694601059 0.9900882840156555
0.5172000527381897 0.3484942615032196 -0.13306941092014313 0.9923772811889648
0.5578820705413818 0.37080860137939453 -0.25576457381248474 0.9966515898704529
0.5360625982284546 0.3743396997451782 -0.25889527797698975 0.9963288903236389
0.6096052527427673 0.47325292229652405 -0.07044947892427444 0.9953481554985046
0.47964057326316833 0.4885585606098175 -0.08927866071462631 0.991055965423584
0.6546193957328796 0.6205415725708008 -0.29341158270835876 0.9858490228652954
0.4818284213542938 0.6593372225761414 -0.31549835205078125 0.9570242166519165
0.5877903699874878 0.5532442927360535 -0.5563665628433228 0.9737431406974792
0.529101550579071 0.5674863457679749 -0.5773740410804749 0.9761960506439209
0.5423837900161743 0.5463584065437317 -0.6052102446556091 0.9237735867500305
0.5548290014266968 0.528708815574646 -0.62941974401474 0.9283947348594666
0.5346571207046509 0.5150598287582397 -0.5658738613128662 0.9178464412689209
0.5321729183197021 0.49791187047958374 -0.6003711819648743 0.9172905087471008
0.5644727945327759 0.5250320434570312 -0.5444060564041138 0.9034801125526428
0.536102831363678 0.5112671256065369 -0.5702327489852905 0.8958202004432678
0.6054415106773376 0.7806344032287598 0.0016295616514980793 0.9835293292999268
0.5080241560935974 0.7906823754310608 -0.0011808386771008372 0.9903221726417542
0.6169256567955017 1.0301008224487305 -0.2065965086221695 0.505307674407959
0.49470558762550354 1.0010796785354614 -0.3851136863231659 0.7304069995880127
0.6191703081130981 1.1678383350372314 0.1873975694179535 0.006163769867271185
0.5114395618438721 1.1790297031402588 -0.04207282140851021 0.02693215198814869
0.6161683201789856 1.1910885572433472 0.2225314974784851 0.015228328295052052
0.5174959301948547 1.2037339210510254 -0.009907886385917664 0.020972952246665955
0.6282666921615601 1.243943452835083 0.12420360743999481 0.004759589210152626
0.5134310126304626 1.266593337059021 -0.14141885936260223 0.019410710781812668
