0.5467053055763245 0.34117087721824646 -0.27520743012428284 0.9999947547912598
0.5554143190383911 0.3221961259841919 -0.24311402440071106 0.9999921321868896
0.5602591633796692 0.3233014941215515 -0.24318818747997284 0.999993085861206
0.5654694437980652 0.32450419664382935 -0.24333450198173523 0.9999868869781494
0.5373117923736572 0.3222954571247101 -0.244164377450943 0.9999889135360718
0.5310429334640503 0.3234896957874298 -0.2441442459821701 0.9999910593032837
0.5258814096450806 0.32540956139564514 -0.24423748254776 0.9999849796295166
0.5750057697296143 0.3415372669696808 -0.08105380088090897 0.9999927282333374
0.5180240273475647 0.344415545463562 -0.0849127247929573 0.9999963045120239
0.558692216873169 0.3711763322353363 -0.21630926430225372 0.9999996423721313
0.5352084040641785 0.3704783618450165 -0.21796631813049316 0.9999996423721313
0.6182260513305664 0.48266369104385376 -0.009184812195599079 0.9999555349349976
0.4803771376609802 0.48657146096229553 -0.03473105654120445 0.9998900890350342
0.6556569337844849 0.6382444500923157 -0.19805410504341125 0.9810294508934021
0.4616791009902954 0.6570839881896973 -0.2137080281972885 0.9793745875358582
0.625209629535675 0.6759952902793884 -0.5410757064819336 0.9586142301559448
0.5099781155586243 0.7393245697021484 -0.4990543723106384 0.9294062256813049
0.6249721050262451 0.729307234287262 -0.6192072033882141 0.9424825310707092
0.5167500376701355 0.7961701154708862 -0.565220057964325 0.9097171425819397
0.6096019744873047 0.7139781713485718 -0.6211460828781128 0.9439212083816528
0.5365275144577026 0.7746124863624573 -0.5649921894073486 0.9074264168739319
0.6041329503059387 0.6947961449623108 -0.5485343933105469 0.9199072122573853
0.5349754691123962 0.7535829544067383 -0.5020800828933716 0.8671717047691345
0.6016309857368469 0.7534229755401611 0.0008514405926689506 0.9972963929176331
0.5122237801551819 0.7622364163398743 -0.00025466966326348484 0.9941911101341248
0.6283109188079834 0.825224757194519 -0.576144814491272 0.9413327574729919
0.4924790561199188 0.8358146548271179 -0.4641419053077698 0.8848733305931091
0.6184974908828735 1.065822958946228 -0.4581984579563141 0.49848470091819763
0.511591911315918 1.061265230178833 -0.3431621789932251 0.2665783762931824
0.61094069480896 1.1058112382888794 -0.4579307734966278 0.6101332902908325
0.521587610244751 1.0968846082687378 -0.3424687683582306 0.3186549246311188
0.6233875751495361 1.1576634645462036 -0.6526328921318054 0.46166276931762695
0.5104774832725525 1.1623855829238892 -0.534919798374176 0.18212708830833435
