0.5353813767433167 0.35902172327041626 -0.5292443037033081 0.9999955892562866
0.5447242259979248 0.3392082452774048 -0.5034116506576538 0.9999873638153076
0.5491390228271484 0.34055227041244507 -0.5034348368644714 0.9999850988388062
0.5536019206047058 0.3417520523071289 -0.5035752058029175 0.9999752044677734
0.5289875864982605 0.33471041917800903 -0.5115360021591187 0.999990701675415
0.5225206017494202 0.3334631621837616 -0.5115969777107239 0.9999905824661255
0.5168936252593994 0.33306294679641724 -0.5117005109786987 0.9999867677688599
0.5595738887786865 0.3549252152442932 -0.34481242299079895 0.9999803304672241
0.5077980160713196 0.3461856544017792 -0.3841102719306946 0.9999979734420776
0.5435205698013306 0.38693568110466003 -0.46900907158851624 0.9999991655349731
0.5228796005249023 0.38050976395606995 -0.4805724322795868 0.9999996423721313
0.5877842307090759 0.48773232102394104 -0.2696464955806732 0.999987006187439
0.4555254876613617 0.5104261636734009 -0.29839441180229187 0.9999872446060181
0.6377824544906616 0.625304639339447 -0.5193522572517395 0.9991297125816345
0.42508867383003235 0.7070738077163696 -0.32631853222846985 0.9929277300834656
0.5724485516548157 0.43829086422920227 -0.8694673776626587 0.9960082769393921
0.41015979647636414 0.891701340675354 -0.44342443346977234 0.9664602279663086
0.5549792051315308 0.3980691134929657 -0.9419160485267639 0.9842970967292786
0.39427000284194946 0.9443219304084778 -0.4733225107192993 0.9347952008247375
0.5529211759567261 0.3861549198627472 -0.902177095413208 0.9806068539619446
0.4090290069580078 0.9505393505096436 -0.5024636387825012 0.9361463189125061
0.5549497008323669 0.4005696773529053 -0.8623110055923462 0.9692306518554688
0.4171588122844696 0.9348925352096558 -0.4556771516799927 0.9213054776191711
0.5775845646858215 0.7959137558937073 0.009290849789977074 0.9999855756759644
0.4914590120315552 0.8078367114067078 -0.009614548645913601 0.9999455213546753
0.6474106907844543 0.9822100400924683 -0.2916203439235687 0.7973355650901794
0.4765741527080536 1.0386567115783691 -0.2501464784145355 0.6344114542007446
0.6023688912391663 1.0341618061065674 0.1860724240541458 0.015700237825512886
0.5194125771522522 1.0314768552780151 0.27458035945892334 0.004171327687799931
0.5930101275444031 1.03224778175354 0.23663471639156342 0.049665071070194244
0.523613691329956 1.0225999355316162 0.33047953248023987 0.009340227581560612
0.6019483804702759 1.0934512615203857 0.19474491477012634 0.02214929834008217
0.534378707408905 1.0823036432266235 0.30643436312675476 0.00791991874575615
