0.5405219197273254 0.36357057094573975 -0.48677384853363037 0.9999512434005737
0.545992910861969 0.341019868850708 -0.45600441098213196 0.9999054670333862
0.5499006509780884 0.34172260761260986 -0.45608600974082947 0.9999328851699829
0.5539388656616211 0.34278178215026855 -0.45631030201911926 0.9999144077301025
0.531785786151886 0.33952510356903076 -0.4624144434928894 0.9998663663864136
0.5254135727882385 0.3391406536102295 -0.4624236524105072 0.9998618364334106
0.5201878547668457 0.3389238715171814 -0.46252626180648804 0.9997672438621521
0.5575878024101257 0.3554736375808716 -0.2746596038341522 0.9999396800994873
0.5088988542556763 0.35197848081588745 -0.30782654881477356 0.9999291896820068
0.5467090606689453 0.39110034704208374 -0.4183460474014282 0.9999887943267822
0.5302770733833313 0.38831502199172974 -0.4284304678440094 0.9999904632568359
0.5953394174575806 0.5009947419166565 -0.18934980034828186 0.9999912977218628
0.4582487642765045 0.49975359439849854 -0.16370676457881927 0.9998641014099121
0.6501046419143677 0.6230252981185913 -0.4007427990436554 0.9992432594299316
0.4305726885795593 0.6969385147094727 -0.09427668899297714 0.9711968898773193
0.6223573088645935 0.4290871024131775 -0.7632225155830383 0.998842716217041
0.4145803153514862 0.8758234977722168 -0.20856629312038422 0.9246878027915955
0.6089829802513123 0.3841766119003296 -0.8362208604812622 0.9945578575134277
0.4010772109031677 0.9390507936477661 -0.22572742402553558 0.85440593957901
0.6028745770454407 0.3764876127243042 -0.8043760657310486 0.9940664768218994
0.41309839487075806 0.945442795753479 -0.2605372369289398 0.8701617121696472
0.6033273339271545 0.3889476954936981 -0.7569236755371094 0.9897578954696655
0.42148131132125854 0.9279086589813232 -0.22155097126960754 0.8537712097167969
0.582831084728241 0.8160344362258911 0.007333142217248678 0.9995379447937012
0.4885222017765045 0.8287743330001831 -0.007006363477557898 0.9984037280082703
0.6427269577980042 0.9892333149909973 -0.35431915521621704 0.8103229999542236
0.4881443679332733 1.059781789779663 -0.2853935658931732 0.662930965423584
0.6044908761978149 1.1345298290252686 0.12338285893201828 0.04425071179866791
0.5201839208602905 1.1783851385116577 0.17985711991786957 0.02260148525238037
0.596574068069458 1.1425926685333252 0.1709739714860916 0.11657527834177017
0.5224792957305908 1.1896110773086548 0.2243773639202118 0.0359470508992672
0.5958629250526428 1.22539222240448 0.05548771098256111 0.04230405017733574
0.5435912013053894 1.2581640481948853 0.1017925813794136 0.017985468730330467
