0.5375093221664429 0.3463442325592041 -0.15983693301677704 0.9971451163291931
0.5457519292831421 0.3256015181541443 -0.12983493506908417 0.9968129992485046
0.5505098104476929 0.32520216703414917 -0.129953071475029 0.9974654912948608
0.5539068579673767 0.3252742290496826 -0.13009357452392578 0.9976381063461304
0.5291262865066528 0.3255794644355774 -0.13361194729804993 0.9954363703727722
0.5230620503425598 0.3254762887954712 -0.1337825208902359 0.9962980151176453
0.5174635052680969 0.3257870078086853 -0.13397656381130219 0.9961197376251221
0.5586932301521301 0.33513331413269043 0.017157135531306267 0.9980814456939697
0.5080494284629822 0.3354184627532959 0.0016208866145461798 0.9964407086372375
0.5467684864997864 0.37303030490875244 -0.10489906370639801 0.9963383674621582
0.5268024802207947 0.3722507953643799 -0.11028339713811874 0.9930826425552368
0.5997612476348877 0.493740051984787 0.03785640746355057 0.9980658888816833
0.4607674479484558 0.48278531432151794 0.005469603929668665 0.9965724945068359
0.6251588463783264 0.6697441935539246 -0.18153050541877747 0.9927374720573425
0.4661523699760437 0.651207685470581 -0.24385683238506317 0.9920561909675598
0.5582013726234436 0.5176801681518555 -0.4066123366355896 0.9912872910499573
0.539699137210846 0.5082458853721619 -0.45057111978530884 0.998335063457489
0.5465999245643616 0.4663013815879822 -0.45179274678230286 0.9761752486228943
0.5468664765357971 0.46290716528892517 -0.4974847733974457 0.9928393363952637
0.5459790825843811 0.4557936191558838 -0.40721938014030457 0.9745581746101379
0.5415825247764587 0.4479275345802307 -0.4566887617111206 0.9918357133865356
0.5475839376449585 0.4740835726261139 -0.3935297131538391 0.9797062277793884
0.539391279220581 0.4670841693878174 -0.43944165110588074 0.9919658899307251
0.5907776951789856 0.8288888931274414 0.011871165595948696 0.9996998310089111
0.48632386326789856 0.8463315963745117 -0.01115439273416996 0.9993813037872314
0.6079921722412109 1.1093677282333374 -0.07754071056842804 0.510371744632721
0.4847894012928009 1.120057463645935 0.015411117114126682 0.5547547340393066
0.6001027226448059 1.346282958984375 0.3387487828731537 0.0007012555724941194
0.48919418454170227 1.353255033493042 0.3334980905056 0.0029785281512886286
0.5994423031806946 1.3846923112869263 0.37975364923477173 0.0022530658170580864
0.4870578348636627 1.3931694030761719 0.3637636601924896 0.0020773950964212418
0.5939123034477234 1.442521333694458 0.2632025480270386 0.0004912582808174193
0.5064959526062012 1.4407753944396973 0.21991509199142456 0.0016270338091999292
