0.5411356687545776 0.3477526903152466 -0.20764146745204926 0.9977399110794067
0.549172043800354 0.32324010133743286 -0.18270698189735413 0.997285008430481
0.5522343516349792 0.32335197925567627 -0.18280522525310516 0.9980208873748779
0.5561679601669312 0.3241821527481079 -0.18287630379199982 0.9976535439491272
0.5329177379608154 0.32160675525665283 -0.18642304837703705 0.9965531826019287
0.5251287221908569 0.3210600018501282 -0.18661700189113617 0.9973536729812622
0.5192127227783203 0.3212341070175171 -0.18675382435321808 0.9966775178909302
0.5605287551879883 0.3384448289871216 -0.043669093400239944 0.9984473586082458
0.5076424479484558 0.336395800113678 -0.059762876480817795 0.9975799322128296
0.5497907400131226 0.37833988666534424 -0.15462274849414825 0.997373104095459
0.5287026166915894 0.3762001395225525 -0.15975530445575714 0.9960353970527649
0.6024789810180664 0.494027316570282 -0.006964972708374262 0.9986579418182373
0.459560751914978 0.48216569423675537 -0.025342799723148346 0.99737548828125
0.6221495270729065 0.6825311779975891 -0.1883099526166916 0.995815098285675
0.455382764339447 0.6672812104225159 -0.26114538311958313 0.9965431094169617
0.5579224824905396 0.5214797258377075 -0.40616369247436523 0.9966174960136414
0.5316757559776306 0.511651873588562 -0.5004372000694275 0.9992625117301941
0.5503719449043274 0.46364280581474304 -0.4542294442653656 0.9918588995933533
0.5424898266792297 0.46276968717575073 -0.5498908162117004 0.9968020915985107
0.5512163639068604 0.44873371720314026 -0.41532161831855774 0.9912053942680359
0.5362964868545532 0.44263505935668945 -0.5118002891540527 0.9963057041168213
0.5512099862098694 0.47126585245132446 -0.3946741223335266 0.9929596781730652
0.5342165231704712 0.4650442600250244 -0.49026408791542053 0.996411144733429
0.5923464894294739 0.8310592770576477 0.008020910434424877 0.9998445510864258
0.4835914671421051 0.8407485485076904 -0.007272931281477213 0.9996858835220337
0.6068753600120544 1.1110659837722778 -0.057458002120256424 0.5988401770591736
0.4851692318916321 1.1274031400680542 0.05803823098540306 0.5825740098953247
0.6025221347808838 1.352402687072754 0.36296966671943665 0.0009043902973644435
0.48167139291763306 1.3574728965759277 0.42835313081741333 0.0025421276222914457
0.6031100153923035 1.3897171020507812 0.4042947590351105 0.003045999677851796
0.4784397482872009 1.3965160846710205 0.4645879864692688 0.0030424182768911123
0.5940611362457275 1.449193000793457 0.29387158155441284 0.0004340797895565629
0.4939720332622528 1.4418251514434814 0.33213528990745544 0.0010404825443401933
