0.5373148322105408 0.3482772707939148 -0.28154295682907104 0.9683592915534973
0.5460866093635559 0.32569044828414917 -0.25495949387550354 0.9751381278038025
0.5499410629272461 0.32613301277160645 -0.25508183240890503 0.9770392775535583
0.5540096163749695 0.3267170786857605 -0.25529155135154724 0.9788342714309692
0.5288735628128052 0.32473456859588623 -0.2572891116142273 0.9578267931938171
0.5218864679336548 0.3239964246749878 -0.25748783349990845 0.9590864181518555
0.516304075717926 0.3236698508262634 -0.2576916515827179 0.9582516551017761
0.5604754090309143 0.33935993909835815 -0.10800115019083023 0.9800773859024048
0.5065895318984985 0.3343035578727722 -0.1171329990029335 0.9593687653541565
0.5471503734588623 0.3768419623374939 -0.22535967826843262 0.9806967377662659
0.5258710384368896 0.37590789794921875 -0.22859974205493927 0.9644932746887207
0.6038380265235901 0.49161675572395325 -0.06633263826370239 0.9973034858703613
0.4605877697467804 0.48264747858047485 -0.08369682729244232 0.9919012188911438
0.6190013885498047 0.6821794509887695 -0.2664700150489807 0.9878381490707397
0.4550626873970032 0.6609148383140564 -0.30906304717063904 0.9823282957077026
0.563315212726593 0.49984389543533325 -0.5109200477600098 0.9910275340080261
0.535662829875946 0.505214512348175 -0.5275503396987915 0.9957581162452698
0.5582077503204346 0.44194865226745605 -0.5604128241539001 0.9778268337249756
0.5470022559165955 0.452965646982193 -0.573489785194397 0.9823158383369446
0.5588489174842834 0.432013601064682 -0.5196787118911743 0.976574718952179
0.540686309337616 0.4342041611671448 -0.5337333679199219 0.9800215363502502
0.5579600930213928 0.451724648475647 -0.49950727820396423 0.9791666865348816
0.5384610891342163 0.45595458149909973 -0.5166997313499451 0.9794363379478455
0.5916550755500793 0.8317614793777466 0.010034513659775257 0.9995576739311218
0.48618218302726746 0.8454720377922058 -0.009579352103173733 0.9988131523132324
0.6201608180999756 1.009901523590088 -0.1123734563589096 0.3346226215362549
0.4911201298236847 1.0193390846252441 -0.03019612282514572 0.2902253270149231
0.603186309337616 1.2890723943710327 0.38648948073387146 0.0005904058925807476
0.4858189821243286 1.2890820503234863 0.3958115577697754 0.0010434744181111455
0.602378249168396 1.3198633193969727 0.4381219148635864 0.0018764302367344499
0.48329994082450867 1.3192572593688965 0.43988820910453796 0.001173418015241623
0.599716067314148 1.3832883834838867 0.3499872088432312 0.00050687650218606
0.4986850917339325 1.3676245212554932 0.333866685628891 0.0008063122513704002
