0.5499618053436279 0.356692910194397 -0.4292636215686798 0.9999737739562988
0.556020200252533 0.33614975214004517 -0.3998955190181732 0.9999856948852539
0.5610722303390503 0.3368167281150818 -0.39996710419654846 0.9999822378158569
0.5657888054847717 0.33768904209136963 -0.4001788794994354 0.9999830722808838
0.5396144390106201 0.33394795656204224 -0.4092097282409668 0.9999853372573853
0.5320456027984619 0.33369719982147217 -0.40919193625450134 0.9999815225601196
0.5252335667610168 0.33410871028900146 -0.40925726294517517 0.9999834299087524
0.5690577030181885 0.3505702018737793 -0.2316778600215912 0.9999855756759644
0.5140734314918518 0.3498772382736206 -0.27524450421333313 0.9999922513961792
0.5566518902778625 0.3893251121044159 -0.3660838007926941 0.9999960660934448
0.5376200079917908 0.3901999294757843 -0.37870243191719055 0.999997615814209
0.6050135493278503 0.49799707531929016 -0.13997644186019897 0.9999228715896606
0.4683259129524231 0.4948168694972992 -0.20909085869789124 0.999907374382019
0.6427361965179443 0.6796467304229736 -0.31344252824783325 0.9943021535873413
0.43919938802719116 0.6704283356666565 -0.37222179770469666 0.9941680431365967
0.6171728372573853 0.5805805921554565 -0.68173748254776 0.9934146404266357
0.5007358193397522 0.6813522577285767 -0.6368119716644287 0.9854879975318909
0.5993921756744385 0.5655597448348999 -0.7575034499168396 0.9856491088867188
0.5248421430587769 0.6952117085456848 -0.6963127851486206 0.9696337580680847
0.5970385670661926 0.5317869782447815 -0.7389895915985107 0.9845629334449768
0.5303266644477844 0.669409453868866 -0.6862667202949524 0.9673646688461304
0.5984207987785339 0.5341472625732422 -0.6818745732307434 0.9753756523132324
0.5250911116600037 0.6609631776809692 -0.6357691884040833 0.9539964199066162
0.5957103967666626 0.8207284212112427 0.021618057042360306 0.9980074763298035
0.4935741722583771 0.8329873085021973 -0.0215090773999691 0.9971715807914734
0.6873494386672974 0.9669564962387085 -0.23812007904052734 0.9583666324615479
0.42512866854667664 1.0077075958251953 -0.24073125422000885 0.8972865343093872
0.6166106462478638 1.0275605916976929 0.20000366866588593 0.1574011743068695
0.4962110221385956 1.0485186576843262 0.1520606428384781 0.08850517868995667
0.5985071659088135 1.0116759538650513 0.24743980169296265 0.1605507731437683
0.5077887773513794 1.0433052778244019 0.19514748454093933 0.09169353544712067
0.6047728061676025 1.1088825464248657 0.21602001786231995 0.1123686134815216
0.5067172050476074 1.0994316339492798 0.1482667177915573 0.0548381470143795
