0.5474853515625 0.36286085844039917 -0.3788633942604065 0.999911904335022
0.554275393486023 0.34073716402053833 -0.35238179564476013 0.9999498128890991
0.5591726899147034 0.34100550413131714 -0.3524283766746521 0.9999438524246216
0.5643198490142822 0.34160542488098145 -0.3526736795902252 0.9999449253082275
0.5370486974716187 0.3397800922393799 -0.3557608723640442 0.9999470710754395
0.5297245979309082 0.33989959955215454 -0.35567423701286316 0.9999271631240845
0.523524820804596 0.3403891324996948 -0.3556740880012512 0.9999300241470337
0.569223940372467 0.3543824553489685 -0.1969703584909439 0.999961256980896
0.5135910511016846 0.3546808958053589 -0.21213747560977936 0.9999630451202393
0.5556690096855164 0.39432549476623535 -0.32007530331611633 0.99998939037323
0.5354350209236145 0.3958160877227783 -0.32416531443595886 0.9999897480010986
0.6085790991783142 0.5038928389549255 -0.11507954448461533 0.9999476671218872
0.4686971604824066 0.49343714118003845 -0.15390543639659882 0.9997853636741638
0.6439305543899536 0.6871150732040405 -0.24280717968940735 0.9926268458366394
0.43959227204322815 0.672085702419281 -0.32397252321243286 0.9947916865348816
0.5999097228050232 0.6726238131523132 -0.5397869944572449 0.9889187216758728
0.5126422643661499 0.6809631586074829 -0.575107753276825 0.9914167523384094
0.5834749937057495 0.6842899322509766 -0.6084324717521667 0.9779390692710876
0.5372136831283569 0.6919023394584656 -0.6353756785392761 0.9789310693740845
0.5798375606536865 0.6496099829673767 -0.600331723690033 0.9771119952201843
0.5427339673042297 0.6594488620758057 -0.6234300136566162 0.9756348729133606
0.5825520753860474 0.640953779220581 -0.5413156151771545 0.9642799496650696
0.5369641184806824 0.6511110663414001 -0.5730337500572205 0.9653578400611877
0.5906333923339844 0.8050236105918884 0.010992721654474735 0.9969778060913086
0.49202096462249756 0.8141648769378662 -0.010668451897799969 0.9919683337211609
0.6866185665130615 0.9687510132789612 -0.3082917034626007 0.9843838214874268
0.4239751398563385 0.999859631061554 -0.21415601670742035 0.9373171329498291
0.5921239256858826 1.14534330368042 -0.061317846179008484 0.5742381811141968
0.4830607771873474 1.0669535398483276 0.14103493094444275 0.08448358625173569
0.5674344897270203 1.1540895700454712 -0.036771342158317566 0.5089567303657532
0.4966900050640106 1.0662754774093628 0.17739835381507874 0.10744942724704742
0.5950678586959839 1.2448780536651611 -0.12046466767787933 0.3076056241989136
0.48351362347602844 1.124671459197998 0.12890246510505676 0.030244382098317146
