0.5459851026535034 0.36439961194992065 -0.33515653014183044 0.9999910593032837
0.5532251000404358 0.3417934477329254 -0.30998027324676514 0.9999940395355225
0.5573468804359436 0.34220150113105774 -0.31003397703170776 0.9999918937683105
0.56186443567276 0.3429691791534424 -0.3102361857891083 0.9999916553497314
0.5359093546867371 0.3411749601364136 -0.3115008473396301 0.9999943971633911
0.528322696685791 0.3417533040046692 -0.3114960491657257 0.999991774559021
0.5218446850776672 0.3430003225803375 -0.3115258812904358 0.999992847442627
0.5674429535865784 0.35564491152763367 -0.15429356694221497 0.9999943971633911
0.5130822658538818 0.35736143589019775 -0.1606753170490265 0.9999963045120239
0.5538369417190552 0.3944644331932068 -0.27608680725097656 0.9999986886978149
0.5330343246459961 0.39319083094596863 -0.27812954783439636 0.9999990463256836
0.6070525050163269 0.5096601247787476 -0.04983774200081825 0.9998862743377686
0.46914902329444885 0.49700498580932617 -0.07882725447416306 0.9999107122421265
0.6421011090278625 0.6856282949447632 -0.10884387046098709 0.9734975695610046
0.4297512471675873 0.6622951626777649 -0.16441383957862854 0.9904838800430298
0.6191987991333008 0.7084554433822632 -0.38746097683906555 0.8991490006446838
0.4722229540348053 0.710404098033905 -0.4206821024417877 0.9502103328704834
0.6115385293960571 0.7335847616195679 -0.4448360800743103 0.8312067985534668
0.4872375726699829 0.736948549747467 -0.46897193789482117 0.9034274816513062
0.6053179502487183 0.7073159217834473 -0.45046213269233704 0.8294796943664551
0.49370115995407104 0.7099853754043579 -0.4749583899974823 0.8986204266548157
0.603244423866272 0.696404755115509 -0.39354705810546875 0.7928308844566345
0.49090397357940674 0.7005342841148376 -0.42511415481567383 0.8713774085044861
0.5892982482910156 0.7998507022857666 0.018399907276034355 0.9993763566017151
0.49220460653305054 0.8083922266960144 -0.018123770132660866 0.9987484216690063
0.6811622381210327 0.9588181376457214 -0.3862106204032898 0.9488694071769714
0.45371782779693604 1.0251027345657349 -0.2947709858417511 0.8743336796760559
0.6348615288734436 1.1284428834915161 -0.16565515100955963 0.3159184157848358
0.5045436024665833 1.085296630859375 0.03797491639852524 0.055219195783138275
0.6175678372383118 1.146756649017334 -0.14455808699131012 0.45904767513275146
0.5164375901222229 1.0916163921356201 0.0717562884092331 0.08195219188928604
0.6450040340423584 1.2112929821014404 -0.25595760345458984 0.21362678706645966
0.5073069930076599 1.1315432786941528 -0.009163117967545986 0.028627291321754456
