0.5686949491500854 0.3892632722854614 -0.2916024625301361 0.9999958276748657
0.5806547999382019 0.36873871088027954 -0.26787665486335754 0.999985933303833
0.5857785940170288 0.3696979880332947 -0.2678787410259247 0.999991774559021
0.5904380679130554 0.3712833523750305 -0.2679080665111542 0.9999837875366211
0.5627844929695129 0.3672550916671753 -0.266842782497406 0.9999840259552002
0.5568335652351379 0.36667323112487793 -0.2669064700603485 0.9999897480010986
0.552234411239624 0.366216242313385 -0.26703405380249023 0.9999812841415405
0.5991556644439697 0.3843146562576294 -0.132273331284523 0.9999904632568359
0.5471464991569519 0.37920624017715454 -0.13022707402706146 0.9999955892562866
0.5774976015090942 0.4166733920574188 -0.2412690371274948 0.9999963045120239
0.5568440556526184 0.4126635193824768 -0.2413201481103897 0.9999974966049194
0.6262458562850952 0.5273585319519043 -0.06208917126059532 0.9999805688858032
0.5048086047172546 0.5154122114181519 -0.036275506019592285 0.9999443292617798
0.6703853607177734 0.7071197032928467 -0.2297533005475998 0.9998179078102112
0.47973304986953735 0.7008217573165894 -0.06019323691725731 0.994665265083313
0.6421231627464294 0.5086098909378052 -0.4839446246623993 0.9998109936714172
0.509256899356842 0.8304804563522339 -0.22259092330932617 0.9929314851760864
0.6378265619277954 0.4593295753002167 -0.5374208092689514 0.998920202255249
0.5087246298789978 0.8828567266464233 -0.24672064185142517 0.9802944660186768
0.6341330409049988 0.44375020265579224 -0.5018696188926697 0.9987963438034058
0.5265681743621826 0.8731682896614075 -0.25475332140922546 0.9815273880958557
0.6306400895118713 0.4632081687450409 -0.4743499457836151 0.998711109161377
0.5288878679275513 0.8551955819129944 -0.22633174061775208 0.9843123555183411
0.6136948466300964 0.8312240839004517 -0.0027166204527020454 0.9998793601989746
0.5246585607528687 0.8356298208236694 0.0036680088378489017 0.9997884631156921
0.628288209438324 1.012302279472351 -0.1808168739080429 0.4584726393222809
0.5233286619186401 1.0676919221878052 -0.12756332755088806 0.4407634437084198
0.6103914976119995 1.2756636142730713 0.12951916456222534 0.00039180900785140693
0.5246148109436035 1.279179573059082 0.11612273752689362 0.001421173568814993
0.6116460561752319 1.3107415437698364 0.15589891374111176 0.0019339914433658123
0.5205650329589844 1.3201438188552856 0.13577476143836975 0.002414905233308673
0.5942916870117188 1.36626398563385 0.022284450009465218 0.00030912013608030975
0.5395912528038025 1.3541183471679688 -0.016888566315174103 0.0012582774506881833
