0.566537618637085 0.3686632513999939 -0.3176882565021515 0.9999803304672241
0.576309323310852 0.35247039794921875 -0.2902827262878418 0.9999403953552246
0.581529438495636 0.3530523478984833 -0.2903590798377991 0.9999485015869141
0.5867497324943542 0.3542402982711792 -0.2904927432537079 0.9999231100082397
0.5584288835525513 0.3537405729293823 -0.29355213046073914 0.9999231100082397
0.5518392324447632 0.35548368096351624 -0.29365280270576477 0.9999375343322754
0.5462868213653564 0.35750311613082886 -0.29382386803627014 0.9999233484268188
0.5958431363105774 0.3713606297969818 -0.1598953753709793 0.9999446868896484
0.5398359298706055 0.3744129240512848 -0.17428787052631378 0.9999568462371826
0.5767898559570312 0.40013569593429565 -0.27123966813087463 0.9999948740005493
0.5540944933891296 0.39962154626846313 -0.2752339243888855 0.9999963045120239
0.6276854276657104 0.5406256914138794 -0.08553649485111237 0.9999624490737915
0.5032963156700134 0.520806610584259 -0.13671715557575226 0.9997915625572205
0.6529930233955383 0.7124788761138916 -0.0790112242102623 0.9958387613296509
0.4799947440624237 0.7024966478347778 -0.1472553163766861 0.9932571649551392
0.642863392829895 0.8104629516601562 -0.23247690498828888 0.9867297410964966
0.5072828531265259 0.8378308415412903 -0.26460346579551697 0.9804134964942932
0.6486260294914246 0.8581143021583557 -0.2768770158290863 0.9620309472084045
0.5047360062599182 0.8896375298500061 -0.30386340618133545 0.9488443732261658
0.6320962309837341 0.8496277928352356 -0.2919250726699829 0.9667593836784363
0.5232763290405273 0.8836826682090759 -0.3225390315055847 0.9548520445823669
0.6254826784133911 0.8346855640411377 -0.2409253567457199 0.9672598242759705
0.5270726084709167 0.8667275309562683 -0.272369921207428 0.9518063068389893
0.6032360792160034 0.8170503973960876 0.021438533440232277 0.999578058719635
0.5218367576599121 0.8266510963439941 -0.02111804485321045 0.9994256496429443
0.6364272832870483 1.0170457363128662 -0.16852013766765594 0.5632645487785339
0.5191185474395752 0.9975578188896179 -0.2545475661754608 0.5957217216491699
0.6079794764518738 1.1544355154037476 0.2246464341878891 0.028640016913414
0.530173659324646 1.1668909788131714 0.12168024480342865 0.037830233573913574
0.6008132696151733 1.1725943088531494 0.25911349058151245 0.0912889614701271
0.5305938720703125 1.1940808296203613 0.15688636898994446 0.04293244332075119
0.6063066720962524 1.2436124086380005 0.16519732773303986 0.030038882046937943
0.5378955602645874 1.2453521490097046 0.05117712914943695 0.041805166751146317
