0.5456958413124084 0.35817307233810425 -0.4350186586380005 0.9999895095825195
0.5537920594215393 0.33019596338272095 -0.4070160686969757 0.9999901056289673
0.5590989589691162 0.3299052119255066 -0.4071868658065796 0.9999927282333374
0.5649032592773438 0.3292704224586487 -0.40747877955436707 0.99998939037323
0.5339576005935669 0.3319928050041199 -0.40980780124664307 0.9999862909317017
0.5256744027137756 0.3332071304321289 -0.4098532497882843 0.9999896287918091
0.5188083648681641 0.3344220519065857 -0.40992170572280884 0.9999852180480957
0.5706174373626709 0.3410119414329529 -0.22071483731269836 0.9999955892562866
0.5093843340873718 0.350186824798584 -0.23404686152935028 0.9999936819076538
0.554880678653717 0.3869726061820984 -0.36372318863868713 0.9999973773956299
0.5319104194641113 0.38851889967918396 -0.3678436875343323 0.9999971389770508
0.6129753589630127 0.49309924244880676 -0.0996214896440506 0.999970555305481
0.4652288556098938 0.4930896461009979 -0.11318282783031464 0.9998577833175659
0.6626363396644592 0.6516420841217041 -0.26885420083999634 0.992037296295166
0.4334404766559601 0.6972769498825073 -0.3332677483558655 0.9925413131713867
0.6568227410316467 0.6196527481079102 -0.6616544723510742 0.9840255379676819
0.45384660363197327 0.5989505052566528 -0.749129056930542 0.9971811771392822
0.6572604775428772 0.6252017021179199 -0.7400880455970764 0.9639880657196045
0.45198744535446167 0.5693033933639526 -0.8219907879829407 0.9923684000968933
0.647539496421814 0.6043609380722046 -0.7290437817573547 0.9681528806686401
0.45553016662597656 0.5429596304893494 -0.8152270913124084 0.992362380027771
0.6433643698692322 0.603140115737915 -0.6650940775871277 0.9526225924491882
0.4610743522644043 0.5499768853187561 -0.7534810304641724 0.9884950518608093
0.5917741060256958 0.8332231044769287 0.0008592491503804922 0.9855815768241882
0.4887523651123047 0.838677167892456 -0.0005364791140891612 0.978939414024353
0.6615912318229675 0.9746426343917847 -0.4277583658695221 0.9808025360107422
0.44335871934890747 1.0678726434707642 -0.3805203139781952 0.9756336212158203
0.6224542260169983 1.2682667970657349 -0.06194780394434929 0.6137450933456421
0.4574700593948364 1.301697015762329 -0.07983257621526718 0.5127138495445251
0.6106873750686646 1.297427773475647 -0.03282314911484718 0.4682398736476898
0.4629324674606323 1.3295570611953735 -0.05557268485426903 0.28533461689949036
0.626830518245697 1.3658230304718018 -0.196968212723732 0.27858826518058777
0.4586576819419861 1.3952102661132812 -0.23085498809814453 0.16763155162334442
