0.5473015904426575 0.36042553186416626 -0.2483208030462265 0.9999830722808838
0.5544223785400391 0.33320724964141846 -0.2226373851299286 0.999984860420227
0.5591789484024048 0.33328455686569214 -0.22273822128772736 0.9999868869781494
0.564504086971283 0.33345848321914673 -0.2228926718235016 0.9999855756759644
0.5364404320716858 0.3327028751373291 -0.2296704351902008 0.9999819993972778
0.5280179381370544 0.3330037593841553 -0.22968721389770508 0.9999817609786987
0.5208947062492371 0.3338180184364319 -0.22983798384666443 0.9999779462814331
0.569340705871582 0.34489935636520386 -0.0626678541302681 0.9999936819076538
0.5092130899429321 0.3467411994934082 -0.09144625812768936 0.9999916553497314
0.5548068881034851 0.3915068805217743 -0.18624509871006012 0.9999946355819702
0.533209502696991 0.39080068469047546 -0.19481493532657623 0.9999935626983643
0.6084736585617065 0.484389990568161 0.017004607245326042 0.9999574422836304
0.4651814103126526 0.4866524636745453 -0.03276623412966728 0.99989914894104
0.6421016454696655 0.6633391380310059 -0.1781918704509735 0.9911032915115356
0.4559870958328247 0.6848411560058594 -0.25591182708740234 0.9930012226104736
0.5889528393745422 0.5512334108352661 -0.49658915400505066 0.9897943139076233
0.5231580138206482 0.5755869150161743 -0.5343390107154846 0.9955130219459534
0.5764387249946594 0.5405183434486389 -0.5588323473930359 0.9692398309707642
0.5330111384391785 0.5484130382537842 -0.5858563184738159 0.9834180474281311
0.5685731172561646 0.5177600979804993 -0.5265200138092041 0.9683278799057007
0.5299956202507019 0.5263432264328003 -0.5673174262046814 0.9815861582756042
0.5690721869468689 0.5222181081771851 -0.4900330901145935 0.9605430960655212
0.5302489399909973 0.5342401266098022 -0.5309042930603027 0.9779306650161743
0.592373788356781 0.8318350911140442 0.009850944392383099 0.9937610030174255
0.48803746700286865 0.834345817565918 -0.008993241935968399 0.9931541681289673
0.6617603302001953 1.0006282329559326 -0.28582626581192017 0.9392656683921814
0.4560699164867401 1.1098214387893677 -0.21896250545978546 0.9243593215942383
0.5997327566146851 1.3054944276809692 -0.053786467760801315 0.16919325292110443
0.4612292945384979 1.3411428928375244 -0.0014135316014289856 0.15104533731937408
0.5880117416381836 1.3438713550567627 -0.03762698918581009 0.1511240303516388
0.46619465947151184 1.3763468265533447 0.014430456794798374 0.06366179138422012
0.6039236783981323 1.396346092224121 -0.19095565378665924 0.06547963619232178
0.4536956250667572 1.4297261238098145 -0.13844741880893707 0.052164722234010696
