0.5574753880500793 0.37059450149536133 -0.33505740761756897 0.9999961853027344
0.5630296468734741 0.3435003161430359 -0.3089529573917389 0.999997615814209
0.5672670006752014 0.3434188961982727 -0.30904439091682434 0.999997615814209
0.5713904500007629 0.3437938094139099 -0.3092974126338959 0.999997615814209
0.5478007793426514 0.3413918614387512 -0.31342533230781555 0.999996542930603
0.539839506149292 0.33984947204589844 -0.3133363425731659 0.999995231628418
0.5324159860610962 0.339080274105072 -0.3134213387966156 0.9999947547912598
0.5730492472648621 0.3536708354949951 -0.14249926805496216 0.9999985694885254
0.517237663269043 0.34650784730911255 -0.16654235124588013 0.9999986886978149
0.5623286366462708 0.4009479284286499 -0.2697986662387848 0.999998927116394
0.5431194305419922 0.39820432662963867 -0.27720844745635986 0.9999992847442627
0.6092097759246826 0.4958033263683319 -0.06783393770456314 0.9999903440475464
0.462362140417099 0.4836708903312683 -0.058348022401332855 0.9999597072601318
0.6117408871650696 0.7040194869041443 -0.24600258469581604 0.9979718327522278
0.42096269130706787 0.6603145599365234 -0.15964962542057037 0.9814687967300415
0.5765282511711121 0.49261221289634705 -0.5619632005691528 0.9991939663887024
0.45004957914352417 0.6987650394439697 -0.41628435254096985 0.9547807574272156
0.5699894428253174 0.44160038232803345 -0.6354304552078247 0.9976358413696289
0.4590170979499817 0.7314159274101257 -0.4610363245010376 0.9196492433547974
0.5720707774162292 0.42771145701408386 -0.6084479093551636 0.9975473284721375
0.4687920808792114 0.7174298763275146 -0.47046688199043274 0.9194511771202087
0.571925163269043 0.4389031231403351 -0.5570620894432068 0.9953054785728455
0.46800947189331055 0.7049986720085144 -0.4235164523124695 0.9007405042648315
0.5920352935791016 0.8129484057426453 0.005430293269455433 0.9979652166366577
0.4890448749065399 0.8218958377838135 -0.0050818040035665035 0.9969872832298279
0.6642947793006897 0.9736495614051819 -0.3597349226474762 0.9688128232955933
0.4281400442123413 1.0153061151504517 -0.33938777446746826 0.9416771531105042
0.6076608300209045 1.2018290758132935 -0.06777150183916092 0.4722833037376404
0.4944387376308441 1.2391985654830933 -0.04912937432527542 0.2651187479496002
0.5893532633781433 1.2214504480361938 -0.040049076080322266 0.47199782729148865
0.5082095861434937 1.256727933883667 -0.020646313205361366 0.24169528484344482
0.6096346974372864 1.311935544013977 -0.1553989052772522 0.3234124481678009
0.4968741238117218 1.3374114036560059 -0.1323261559009552 0.1255466192960739
