0.5568675994873047 0.37129950523376465 -0.32661134004592896 0.9999947547912598
0.5627043843269348 0.34363341331481934 -0.3007649779319763 0.9999960660934448
0.5669785737991333 0.34318649768829346 -0.3008694648742676 0.9999961853027344
0.5713220238685608 0.3430706262588501 -0.30113017559051514 0.9999960660934448
0.5462509393692017 0.3426571488380432 -0.3043159246444702 0.9999945163726807
0.5381033420562744 0.34171104431152344 -0.3042726516723633 0.9999926090240479
0.5307722687721252 0.34167128801345825 -0.3043769299983978 0.9999914169311523
0.5734326839447021 0.3532280921936035 -0.13109193742275238 0.9999979734420776
0.5159730911254883 0.3498433828353882 -0.15079794824123383 0.999997615814209
0.5623626708984375 0.40236353874206543 -0.2595055401325226 0.9999985694885254
0.5419355034828186 0.4011482894420624 -0.26562443375587463 0.999998927116394
0.6098448634147644 0.4960733950138092 -0.05003677308559418 0.9999887943267822
0.4603826701641083 0.48259174823760986 -0.03623601421713829 0.9999445676803589
0.6115902662277222 0.7085754871368408 -0.22143752872943878 0.9978532195091248
0.4203629791736603 0.6639991998672485 -0.13890118896961212 0.9774330258369446
0.5768435001373291 0.4967019557952881 -0.5375298261642456 0.9989379048347473
0.44891780614852905 0.6989367604255676 -0.40250760316848755 0.9427851438522339
0.5698157548904419 0.44503214955329895 -0.6116461157798767 0.996870219707489
0.45760253071784973 0.7319517731666565 -0.4477946162223816 0.8993368148803711
0.572387158870697 0.43097007274627686 -0.5864051580429077 0.9968845248222351
0.46696653962135315 0.7169788479804993 -0.4563664197921753 0.9035797715187073
0.5726516246795654 0.4424375295639038 -0.5332158207893372 0.9940875768661499
0.4662066400051117 0.7040997743606567 -0.40980684757232666 0.8845008611679077
0.5915639400482178 0.8214171528816223 0.0024199315812438726 0.9982722997665405
0.48711588978767395 0.831965446472168 -0.0020059607923030853 0.9973770380020142
0.667272686958313 0.9846071600914001 -0.3681895136833191 0.9810127019882202
0.4480627179145813 1.0822739601135254 -0.2839345335960388 0.9508797526359558
0.6091205477714539 1.2276184558868408 -0.02608185075223446 0.5712909698486328
0.48662272095680237 1.277493953704834 0.04094880446791649 0.3375902473926544
0.5938429236412048 1.2464594841003418 0.006618103012442589 0.546464741230011
0.4976440370082855 1.2986210584640503 0.07181314378976822 0.2890729606151581
0.6065405607223511 1.3370171785354614 -0.11467616260051727 0.3945285379886627
0.4850124716758728 1.374204397201538 -0.04608297348022461 0.14741697907447815
