0.5567001700401306 0.3733540177345276 -0.38781312108039856 0.999992847442627
0.5621337890625 0.34689968824386597 -0.3646922707557678 0.9999960660934448
0.566347062587738 0.346610963344574 -0.36479294300079346 0.9999961853027344
0.570531964302063 0.34629684686660767 -0.3650498688220978 0.9999961853027344
0.5456531643867493 0.3459421992301941 -0.36597463488578796 0.9999934434890747
0.5374807715415955 0.34540921449661255 -0.3659011125564575 0.9999904632568359
0.5300324559211731 0.34548527002334595 -0.36597174406051636 0.999988317489624
0.5732751488685608 0.3549688458442688 -0.20081932842731476 0.9999979734420776
0.5153746008872986 0.35528385639190674 -0.2106502801179886 0.9999973773956299
0.5626674890518188 0.4034532606601715 -0.3226314187049866 0.9999988079071045
0.5422799587249756 0.40375858545303345 -0.32591962814331055 0.9999990463256836
0.6122570037841797 0.4977366626262665 -0.11758864670991898 0.9999914169311523
0.46113985776901245 0.4830808937549591 -0.07370422035455704 0.999944806098938
0.6091592311859131 0.7166574597358704 -0.27694961428642273 0.9984564781188965
0.41966181993484497 0.6598677635192871 -0.09301303327083588 0.9775416851043701
0.5735202431678772 0.5001442432403564 -0.6048455834388733 0.999422550201416
0.44715580344200134 0.6972216963768005 -0.29568156599998474 0.9374353289604187
0.5683191418647766 0.45094460248947144 -0.6755275726318359 0.9983088970184326
0.4539884328842163 0.7349375486373901 -0.3280268609523773 0.8870347738265991
0.5714197158813477 0.43595561385154724 -0.6548771262168884 0.9982648491859436
0.4662223160266876 0.7236753106117249 -0.3400978744029999 0.8889809250831604
0.5713375210762024 0.44823628664016724 -0.6014966368675232 0.9964202642440796
0.46685564517974854 0.7104058265686035 -0.30204489827156067 0.8678644895553589
0.5901815891265869 0.817322313785553 0.002250899327918887 0.9989245533943176
0.48503074049949646 0.8227983117103577 -0.0019293666118755937 0.9978457689285278
0.6668171286582947 0.9877042174339294 -0.32597222924232483 0.9615980386734009
0.43632182478904724 1.0533666610717773 -0.3152500092983246 0.9411417245864868
0.6022634506225586 1.1649467945098877 0.04654449224472046 0.3092120289802551
0.49425938725471497 1.1872727870941162 0.029842590913176537 0.14334066212177277
0.5861266851425171 1.1730295419692993 0.08461329340934753 0.38809987902641296
0.50584477186203 1.1956843137741089 0.06542135030031204 0.17044666409492493
0.5942076444625854 1.2686914205551147 -0.010341407731175423 0.21545222401618958
0.5057578086853027 1.2717489004135132 -0.02657316066324711 0.07570802420377731
