0.5550411343574524 0.3707415461540222 -0.44956108927726746 0.9999909400939941
0.559939444065094 0.3413890600204468 -0.42627936601638794 0.9999943971633911
0.5642998218536377 0.34040218591690063 -0.42639580368995667 0.999995231628418
0.5691267251968384 0.33957439661026 -0.4266969859600067 0.9999951124191284
0.5428110361099243 0.34258347749710083 -0.4274904429912567 0.9999903440475464
0.5347804427146912 0.34290438890457153 -0.42741483449935913 0.9999866485595703
0.5273732542991638 0.34398823976516724 -0.42746976017951965 0.9999816417694092
0.572697103023529 0.3487927317619324 -0.25372424721717834 0.999997615814209
0.513005793094635 0.3534124493598938 -0.2625076174736023 0.9999955892562866
0.5619646310806274 0.40445542335510254 -0.3802635073661804 0.9999984502792358
0.5400245785713196 0.4044901430606842 -0.38324669003486633 0.9999986886978149
0.6139936447143555 0.4987119436264038 -0.15537454187870026 0.9999926090240479
0.4620269536972046 0.48210540413856506 -0.09842012077569962 0.999927282333374
0.6061164140701294 0.7278854846954346 -0.2906597852706909 0.9981960654258728
0.42044562101364136 0.6592488884925842 -0.07574094831943512 0.9593103528022766
0.5732415318489075 0.5449138879776001 -0.6211355328559875 0.9991416931152344
0.45631977915763855 0.7118092179298401 -0.26612257957458496 0.8697095513343811
0.5661912560462952 0.5000640153884888 -0.6939589977264404 0.997650682926178
0.4637501835823059 0.7511948943138123 -0.2967817187309265 0.7970675826072693
0.5727011561393738 0.4749378263950348 -0.6781823635101318 0.9976977705955505
0.4750880002975464 0.7385958433151245 -0.3131420910358429 0.8028166890144348
0.5728328227996826 0.48571744561195374 -0.619280993938446 0.9950717091560364
0.4749744236469269 0.7249380350112915 -0.27352598309516907 0.7705320715904236
0.5910584926605225 0.8216850757598877 0.0014495754148811102 0.9981611371040344
0.48839980363845825 0.8237554430961609 -0.001044812728650868 0.9965568780899048
0.6685830950737 0.9945314526557922 -0.3353443741798401 0.9524223208427429
0.4311375916004181 1.0182020664215088 -0.32604092359542847 0.9263556599617004
0.6008277535438538 1.1595633029937744 0.1132248267531395 0.2641776502132416
0.4811527132987976 1.201420545578003 0.05955291539430618 0.19613811373710632
0.5859099626541138 1.159461259841919 0.1589384377002716 0.3295547664165497
0.49125614762306213 1.2146289348602295 0.09838947653770447 0.21530114114284515
0.5848520398139954 1.2645996809005737 0.061088912189006805 0.1669945865869522
0.4894331693649292 1.293540358543396 -0.013723907060921192 0.09564884752035141
