0.5563150644302368 0.36269956827163696 -0.44224411249160767 0.9999973773956299
0.5624370574951172 0.3340383768081665 -0.41550323367118835 0.999996542930603
0.5674909949302673 0.33394545316696167 -0.4157074987888336 0.9999984502792358
0.5716301798820496 0.3337063193321228 -0.4159146547317505 0.9999974966049194
0.5447187423706055 0.3335157036781311 -0.4148155450820923 0.9999922513961792
0.536171555519104 0.33319008350372314 -0.4148526191711426 0.9999945163726807
0.5272414088249207 0.33318525552749634 -0.4149738550186157 0.9999880790710449
0.5739187598228455 0.34239012002944946 -0.23243580758571625 0.9999992847442627
0.5116772055625916 0.34639787673950195 -0.2315191924571991 0.9999974966049194
0.5633141398429871 0.3938404321670532 -0.3717854619026184 0.9999991655349731
0.5425218939781189 0.39398014545440674 -0.3720347583293915 0.9999985694885254
0.6160232424736023 0.5082690715789795 -0.11569231003522873 0.9999980926513672
0.46243444085121155 0.48673659563064575 -0.05021579936146736 0.9999682903289795
0.6362935900688171 0.7497819662094116 -0.23912878334522247 0.9995704293251038
0.43163931369781494 0.6648078560829163 0.006524927914142609 0.9877278804779053
0.611286997795105 0.6355805397033691 -0.6136163473129272 0.9994174242019653
0.4203287959098816 0.7611709833145142 -0.19650466740131378 0.9692285060882568
0.6001682281494141 0.6084357500076294 -0.6933304667472839 0.9983591437339783
0.40778928995132446 0.8006378412246704 -0.2302033007144928 0.9478931427001953
0.6026619672775269 0.5702863931655884 -0.6851258873939514 0.9984955787658691
0.4147716760635376 0.7915277481079102 -0.2688393294811249 0.9527831673622131
0.6026455760002136 0.5748212337493896 -0.6158240437507629 0.9972459077835083
0.4223371148109436 0.7796826362609863 -0.21490804851055145 0.9476816654205322
0.5911192297935486 0.8395184874534607 -0.0009545799694024026 0.9991944432258606
0.4822833836078644 0.8444966077804565 0.00182025833055377 0.9982532858848572
0.6705043911933899 1.0191268920898438 -0.43028679490089417 0.9591977000236511
0.43540430068969727 1.0488194227218628 -0.3890509009361267 0.9435211420059204
0.6289381384849548 1.3405828475952148 -0.07736829668283463 0.25959512591362
0.44844701886177063 1.358596920967102 -0.11747399717569351 0.2803366482257843
0.622743546962738 1.3758355379104614 -0.049482882022857666 0.31068113446235657
0.4491564929485321 1.3940446376800537 -0.0981098935008049 0.24426965415477753
0.624850869178772 1.4368698596954346 -0.23487868905067444 0.09421663731336594
0.4540484547615051 1.450263500213623 -0.3062138855457306 0.09207691997289658
